# Created by Octave 5.2.0, Thu Sep 24 16:35:52 2020 CEST <jiwidi@land>
# name: w
# type: matrix
# rows: 3
# columns: 2
 7e+05 -7e+05
 -5.098e+04 5.098e+04
 -4.562e+05 4.562e+05


