# Created by Octave 5.2.0, Thu Sep 24 16:29:20 2020 CEST <jiwidi@land>
# name: w
# type: matrix
# rows: 3
# columns: 2
 800 -800
 -74.22 74.22
 -496.3 496.3


