# Created by Octave 5.2.0, Thu Sep 24 16:32:08 2020 CEST <jiwidi@land>
# name: w
# type: matrix
# rows: 3
# columns: 2
 1.9e+04 -1.9e+04
 -1322 1322
 -1.382e+04 1.382e+04


