# Created by Octave 5.2.0, Thu Sep 24 16:23:36 2020 CEST <jiwidi@land>
# name: w
# type: matrix
# rows: 3
# columns: 2
 7451 -7451
 129.5 -129.5
 -3.012e+04 3.012e+04


