# Created by Octave 5.2.0, Thu Sep 24 16:26:29 2020 CEST <jiwidi@land>
# name: w
# type: matrix
# rows: 3
# columns: 2
 60 -60
 -9.512 9.512
 -43.69 43.69


