# Created by Octave 5.2.0, Thu Sep 24 16:22:28 2020 CEST <jiwidi@land>
# name: w
# type: matrix
# rows: 3
# columns: 2
 125.5 -125.5
 1.454 -1.454
 -94.88 94.88


