# Created by Octave 5.2.0, Thu Sep 24 16:29:39 2020 CEST <jiwidi@land>
# name: w
# type: matrix
# rows: 3
# columns: 2
 1900 -1900
 -132.2 132.2
 -1382 1382


