# Created by Octave 5.2.0, Thu Sep 24 16:28:04 2020 CEST <jiwidi@land>
# name: w
# type: matrix
# rows: 3
# columns: 2
 1.188e+05 -1.188e+05
 915.7 -915.7
 -9.123e+04 9.123e+04


