# Created by Octave 5.2.0, Thu Sep 24 16:29:00 2020 CEST <jiwidi@land>
# name: w
# type: matrix
# rows: 3
# columns: 2
 600 -600
 -95.12 95.12
 -436.9 436.9


