# Created by Octave 5.2.0, Thu Sep 24 16:25:10 2020 CEST <jiwidi@land>
# name: w
# type: matrix
# rows: 3
# columns: 2
 1255 -1255
 14.54 -14.54
 -948.8 948.8


