# Created by Octave 5.2.0, Thu Sep 24 16:34:00 2020 CEST <jiwidi@land>
# name: w
# type: matrix
# rows: 3
# columns: 2
 6e+04 -6e+04
 -9512 9512
 -4.369e+04 4.369e+04


