# Created by Octave 5.2.0, Thu Sep 24 16:31:49 2020 CEST <jiwidi@land>
# name: w
# type: matrix
# rows: 3
# columns: 2
 8000 -8000
 -742.2 742.2
 -4963 4963


