# Created by Octave 5.2.0, Thu Sep 24 16:28:41 2020 CEST <jiwidi@land>
# name: w
# type: matrix
# rows: 3
# columns: 2
 500 -500
 6.29 -6.29
 -561.3 561.3


