# Created by Octave 5.2.0, Thu Sep 24 16:24:32 2020 CEST <jiwidi@land>
# name: w
# type: matrix
# rows: 3
# columns: 2
 19 -19
 -1.322 1.322
 -13.82 13.82


