# Created by Octave 5.2.0, Thu Sep 24 16:21:28 2020 CEST <jiwidi@land>
# name: w
# type: matrix
# rows: 3
# columns: 2
 0.8 -0.8
 -0.07422 0.07422
 -0.4963 0.4963


