# Created by Octave 5.2.0, Thu Sep 24 16:36:10 2020 CEST <jiwidi@land>
# name: w
# type: matrix
# rows: 3
# columns: 2
 5e+05 -5e+05
 6290 -6290
 -5.613e+05 5.613e+05


