# Created by Octave 5.2.0, Thu Sep 24 16:30:54 2020 CEST <jiwidi@land>
# name: w
# type: matrix
# rows: 3
# columns: 2
 7000 -7000
 -509.8 509.8
 -4562 4562


