# Created by Octave 5.2.0, Thu Sep 24 16:23:54 2020 CEST <jiwidi@land>
# name: w
# type: matrix
# rows: 3
# columns: 2
 6 -6
 -0.9512 0.9512
 -4.369 4.369


