# Created by Octave 5.2.0, Thu Sep 24 16:34:57 2020 CEST <jiwidi@land>
# name: w
# type: matrix
# rows: 3
# columns: 2
 7e+05 -7e+05
 -1.357e+05 1.357e+05
 -4.908e+05 4.908e+05


