# Created by Octave 5.2.0, Thu Sep 24 16:29:58 2020 CEST <jiwidi@land>
# name: w
# type: matrix
# rows: 3
# columns: 2
 1.3e+04 -1.3e+04
 -846.6 846.6
 -9904 9904


