# Created by Octave 5.2.0, Thu Sep 24 16:22:08 2020 CEST <jiwidi@land>
# name: w
# type: matrix
# rows: 3
# columns: 2
 13 -13
 -0.8466 0.8466
 -9.904 9.904


