# Created by Octave 5.2.0, Thu Sep 24 16:30:35 2020 CEST <jiwidi@land>
# name: w
# type: matrix
# rows: 3
# columns: 2
 6000 -6000
 -994 994
 -4022 4022


