# Created by Octave 5.2.0, Thu Sep 24 16:31:30 2020 CEST <jiwidi@land>
# name: w
# type: matrix
# rows: 3
# columns: 2
 6000 -6000
 -951.2 951.2
 -4369 4369


