# Created by Octave 5.2.0, Thu Sep 24 16:22:49 2020 CEST <jiwidi@land>
# name: w
# type: matrix
# rows: 3
# columns: 2
 1188 -1188
 9.157 -9.157
 -912.3 912.3


