# Created by Octave 5.2.0, Thu Sep 24 16:28:22 2020 CEST <jiwidi@land>
# name: w
# type: matrix
# rows: 3
# columns: 2
 700 -700
 -50.98 50.98
 -456.2 456.2


