# Created by Octave 5.2.0, Thu Sep 24 16:26:47 2020 CEST <jiwidi@land>
# name: w
# type: matrix
# rows: 3
# columns: 2
 80 -80
 -7.422 7.422
 -49.63 49.63


