# Created by Octave 5.2.0, Thu Sep 24 16:24:51 2020 CEST <jiwidi@land>
# name: w
# type: matrix
# rows: 3
# columns: 2
 130 -130
 -8.466 8.466
 -99.04 99.04


