# Created by Octave 5.2.0, Thu Sep 24 16:25:51 2020 CEST <jiwidi@land>
# name: w
# type: matrix
# rows: 3
# columns: 2
 5.984e+04 -5.984e+04
 138.7 -138.7
 -5.74e+04 5.74e+04


