# Created by Octave 5.2.0, Thu Sep 24 16:33:05 2020 CEST <jiwidi@land>
# name: w
# type: matrix
# rows: 3
# columns: 2
 6e+04 -6e+04
 -9940 9940
 -4.022e+04 4.022e+04


