# Created by Octave 5.2.0, Thu Sep 24 16:31:12 2020 CEST <jiwidi@land>
# name: w
# type: matrix
# rows: 3
# columns: 2
 5000 -5000
 62.9 -62.9
 -5613 5613


