# Created by Octave 5.2.0, Thu Sep 24 16:32:28 2020 CEST <jiwidi@land>
# name: w
# type: matrix
# rows: 3
# columns: 2
 1.3e+05 -1.3e+05
 -8466 8466
 -9.904e+04 9.904e+04


