# Created by Octave 5.2.0, Thu Sep 24 16:33:23 2020 CEST <jiwidi@land>
# name: w
# type: matrix
# rows: 3
# columns: 2
 7e+04 -7e+04
 -5098 5098
 -4.562e+04 4.562e+04


