# Created by Octave 5.2.0, Thu Sep 24 16:23:11 2020 CEST <jiwidi@land>
# name: w
# type: matrix
# rows: 3
# columns: 2
 5984 -5984
 13.87 -13.87
 -5740 5740


