# Created by Octave 5.2.0, Thu Sep 24 16:27:06 2020 CEST <jiwidi@land>
# name: w
# type: matrix
# rows: 3
# columns: 2
 190 -190
 -13.22 13.22
 -138.2 138.2


