# Created by Octave 5.2.0, Thu Sep 24 16:24:13 2020 CEST <jiwidi@land>
# name: w
# type: matrix
# rows: 3
# columns: 2
 8 -8
 -0.7422 0.7422
 -4.963 4.963


