# Created by Octave 5.2.0, Thu Sep 24 16:27:25 2020 CEST <jiwidi@land>
# name: w
# type: matrix
# rows: 3
# columns: 2
 1300 -1300
 -84.66 84.66
 -990.4 990.4


