# Created by Octave 5.2.0, Thu Sep 24 16:34:19 2020 CEST <jiwidi@land>
# name: w
# type: matrix
# rows: 3
# columns: 2
 8e+04 -8e+04
 -7422 7422
 -4.963e+04 4.963e+04


