# Created by Octave 5.2.0, Thu Sep 24 16:33:42 2020 CEST <jiwidi@land>
# name: w
# type: matrix
# rows: 3
# columns: 2
 5e+04 -5e+04
 629 -629
 -5.613e+04 5.613e+04


