# Created by Octave 5.2.0, Thu Sep 24 16:36:47 2020 CEST <jiwidi@land>
# name: w
# type: matrix
# rows: 3
# columns: 2
 8e+05 -8e+05
 -7.422e+04 7.422e+04
 -4.963e+05 4.963e+05


