# Created by Octave 5.2.0, Thu Sep 24 16:30:17 2020 CEST <jiwidi@land>
# name: w
# type: matrix
# rows: 3
# columns: 2
 1.255e+05 -1.255e+05
 1454 -1454
 -9.488e+04 9.488e+04


