# Created by Octave 5.2.0, Thu Sep 24 16:26:10 2020 CEST <jiwidi@land>
# name: w
# type: matrix
# rows: 3
# columns: 2
 50 -50
 0.629 -0.629
 -56.13 56.13


