# Created by Octave 5.2.0, Thu Sep 24 16:27:44 2020 CEST <jiwidi@land>
# name: w
# type: matrix
# rows: 3
# columns: 2
 1.255e+04 -1.255e+04
 145.4 -145.4
 -9488 9488


