# Created by Octave 5.2.0, Thu Sep 24 16:40:04 2020 CEST <jiwidi@land>
# name: w
# type: matrix
# rows: 1281
# columns: 2
 1200 -1200
 -2.129e+05 2.129e+05
 -4.758e+05 4.758e+05
 1.655e+05 -1.655e+05
 -2.683e+05 2.683e+05
 1.512e+05 -1.512e+05
 -3.402e+04 3.402e+04
 1.027e+06 -1.027e+06
 7.96e+05 -7.96e+05
 4.851e+05 -4.851e+05
 5.537e+05 -5.537e+05
 -3.838e+05 3.838e+05
 -1.947e+05 1.947e+05
 -8.621e+05 8.621e+05
 3.26e+05 -3.26e+05
 3.108e+05 -3.108e+05
 2.854e+05 -2.854e+05
 9.542e+04 -9.542e+04
 -2.454e+05 2.454e+05
 3.373e+05 -3.373e+05
 -1.149e+05 1.149e+05
 -3.125e+05 3.125e+05
 -4.261e+05 4.261e+05
 -1.996e+04 1.996e+04
 2.167e+05 -2.167e+05
 -2.176e+05 2.176e+05
 -3.732e+05 3.732e+05
 -3.606e+05 3.606e+05
 -4.149e+04 4.149e+04
 2.295e+05 -2.295e+05
 -3.787e+05 3.787e+05
 7.586e+04 -7.586e+04
 9.12e+05 -9.12e+05
 -1.277e+05 1.277e+05
 -4.043e+05 4.043e+05
 187.8 -187.8
 -5.574e+04 5.574e+04
 -2.365e+05 2.365e+05
 -4.894e+05 4.894e+05
 9.661e+05 -9.661e+05
 2.672e+05 -2.672e+05
 -1.801e+05 1.801e+05
 -4.926e+04 4.926e+04
 -1.03e+04 1.03e+04
 -8.256e+05 8.256e+05
 -2.26e+05 2.26e+05
 1.622e+05 -1.622e+05
 2.451e+05 -2.451e+05
 -5.581e+04 5.581e+04
 -3.073e+05 3.073e+05
 -3.074e+05 3.074e+05
 -8.246e+04 8.246e+04
 3.14e+04 -3.14e+04
 3.36e+05 -3.36e+05
 1.003e+06 -1.003e+06
 1.308e+05 -1.308e+05
 -2.596e+05 2.596e+05
 6.249e+05 -6.249e+05
 1.487e+05 -1.487e+05
 3.912e+04 -3.912e+04
 -4.292e+05 4.292e+05
 372.5 -372.5
 4.912e+04 -4.912e+04
 -5.985e+05 5.985e+05
 -1.99e+05 1.99e+05
 -4.186e+05 4.186e+05
 8.695e+04 -8.695e+04
 -1.222e+05 1.222e+05
 -6.27e+04 6.27e+04
 9.209e+05 -9.209e+05
 3.608e+05 -3.608e+05
 -1.88e+04 1.88e+04
 6.429e+04 -6.429e+04
 1.075e+05 -1.075e+05
 -2.972e+05 2.972e+05
 -1.24e+05 1.24e+05
 7.328e+05 -7.328e+05
 5.86e+05 -5.86e+05
 1.883e+05 -1.883e+05
 2.556e+05 -2.556e+05
 1.71e+05 -1.71e+05
 -6.424e+04 6.424e+04
 -1.301e+05 1.301e+05
 7.153e+04 -7.153e+04
 -3.268e+05 3.268e+05
 7.266e+04 -7.266e+04
 3.901e+04 -3.901e+04
 3.276e+05 -3.276e+05
 -3.792e+05 3.792e+05
 1.84e+05 -1.84e+05
 -2.178e+05 2.178e+05
 3.493e+04 -3.493e+04
 -3.516e+05 3.516e+05
 5.904e+04 -5.904e+04
 -3.703e+05 3.703e+05
 2.451e+05 -2.451e+05
 2.627e+05 -2.627e+05
 -2.67e+05 2.67e+05
 -4.792e+04 4.792e+04
 2.828e+05 -2.828e+05
 -6.256e+04 6.256e+04
 6.363e+04 -6.363e+04
 -8.285e+04 8.285e+04
 -1.358e+05 1.358e+05
 -3.393e+05 3.393e+05
 6.596e+05 -6.596e+05
 1.609e+05 -1.609e+05
 -1.255e+05 1.255e+05
 -1.322e+05 1.322e+05
 -2.494e+04 2.494e+04
 -6.64e+05 6.64e+05
 -4.005e+04 4.005e+04
 3.829e+04 -3.829e+04
 -1.244e+04 1.244e+04
 -5.025e+05 5.025e+05
 -7.387e+04 7.387e+04
 2.135e+05 -2.135e+05
 -3.17e+05 3.17e+05
 -1.645e+04 1.645e+04
 1.444e+05 -1.444e+05
 2.924e+04 -2.924e+04
 1.419e+05 -1.419e+05
 -1.766e+05 1.766e+05
 5.397e+05 -5.397e+05
 -4.166e+04 4.166e+04
 -2.757e+05 2.757e+05
 2.725e+05 -2.725e+05
 2.774e+05 -2.774e+05
 1.868e+05 -1.868e+05
 6.017e+04 -6.017e+04
 5.264e+04 -5.264e+04
 2.116e+05 -2.116e+05
 1.194e+05 -1.194e+05
 -6.664e+04 6.664e+04
 -1.192e+05 1.192e+05
 -6.414e+04 6.414e+04
 -4.548e+04 4.548e+04
 1.001e+05 -1.001e+05
 2.441e+05 -2.441e+05
 2.009e+05 -2.009e+05
 2.034e+05 -2.034e+05
 9.967e+04 -9.967e+04
 -1.787e+05 1.787e+05
 -3.445e+05 3.445e+05
 -2.906e+05 2.906e+05
 -2.297e+05 2.297e+05
 -3.373e+04 3.373e+04
 3.689e+05 -3.689e+05
 5.224e+05 -5.224e+05
 2.455e+05 -2.455e+05
 8.994e+05 -8.994e+05
 3.123e+05 -3.123e+05
 3.323e+05 -3.323e+05
 3.443e+05 -3.443e+05
 4.427e+05 -4.427e+05
 5.049e+04 -5.049e+04
 -1.703e+05 1.703e+05
 2.16e+05 -2.16e+05
 2.313e+05 -2.313e+05
 -4.221e+05 4.221e+05
 -873 873
 -2.019e+05 2.019e+05
 -1.258e+06 1.258e+06
 1.148e+05 -1.148e+05
 -1.279e+05 1.279e+05
 4998 -4998
 -1.933e+05 1.933e+05
 -3.088e+05 3.088e+05
 9.96e+04 -9.96e+04
 -1.674e+05 1.674e+05
 2.411e+04 -2.411e+04
 3.129e+05 -3.129e+05
 4.224e+05 -4.224e+05
 2.712e+05 -2.712e+05
 -1.033e+05 1.033e+05
 1.283e+05 -1.283e+05
 1.852e+04 -1.852e+04
 -2.231e+05 2.231e+05
 3.015e+05 -3.015e+05
 2.691e+05 -2.691e+05
 3.714e+05 -3.714e+05
 -4.092e+05 4.092e+05
 -2.183e+05 2.183e+05
 2.029e+05 -2.029e+05
 8.601e+04 -8.601e+04
 4.769e+05 -4.769e+05
 1.58e+05 -1.58e+05
 -6.543e+05 6.543e+05
 -4.186e+05 4.186e+05
 -9.742e+04 9.742e+04
 -7.502e+04 7.502e+04
 -4.972e+05 4.972e+05
 7.201e+04 -7.201e+04
 9.658e+04 -9.658e+04
 7.715e+04 -7.715e+04
 1.339e+05 -1.339e+05
 -1.732e+05 1.732e+05
 5.239e+05 -5.239e+05
 7.394e+05 -7.394e+05
 -2.963e+05 2.963e+05
 -3.33e+05 3.33e+05
 -2.799e+05 2.799e+05
 3.608e+05 -3.608e+05
 3.188e+04 -3.188e+04
 -5.527e+04 5.527e+04
 -3.243e+05 3.243e+05
 -2.658e+05 2.658e+05
 1.534e+05 -1.534e+05
 -4.879e+05 4.879e+05
 5.303e+05 -5.303e+05
 -7.22e+05 7.22e+05
 2.898e+05 -2.898e+05
 -4.468e+05 4.468e+05
 1.211e+05 -1.211e+05
 5.759e+05 -5.759e+05
 -6.496e+05 6.496e+05
 -2.105e+05 2.105e+05
 -4.677e+05 4.677e+05
 1.273e+05 -1.273e+05
 -2.34e+05 2.34e+05
 -4.094e+05 4.094e+05
 2.978e+04 -2.978e+04
 8.766e+04 -8.766e+04
 1.393e+05 -1.393e+05
 -2.065e+05 2.065e+05
 -2.182e+05 2.182e+05
 1.913e+05 -1.913e+05
 5.8e+05 -5.8e+05
 4.895e+05 -4.895e+05
 1.192e+05 -1.192e+05
 -2.652e+05 2.652e+05
 1.259e+06 -1.259e+06
 -6.358e+05 6.358e+05
 -2.577e+05 2.577e+05
 -4.606e+04 4.606e+04
 -4.241e+05 4.241e+05
 -8.59e+04 8.59e+04
 -1.051e+05 1.051e+05
 -1.575e+05 1.575e+05
 -1.59e+05 1.59e+05
 -2.64e+05 2.64e+05
 2.003e+05 -2.003e+05
 -1.726e+05 1.726e+05
 2.608e+05 -2.608e+05
 -4.14e+05 4.14e+05
 -1.216e+05 1.216e+05
 6.93e+04 -6.93e+04
 -1.168e+05 1.168e+05
 1.393e+05 -1.393e+05
 -2.4e+04 2.4e+04
 1.161e+05 -1.161e+05
 -7.612e+04 7.612e+04
 3.611e+05 -3.611e+05
 -3.204e+05 3.204e+05
 2.575e+05 -2.575e+05
 -3.266e+05 3.266e+05
 -1.389e+05 1.389e+05
 -6.085e+05 6.085e+05
 5.607e+05 -5.607e+05
 9.776e+04 -9.776e+04
 1.986e+05 -1.986e+05
 3.629e+05 -3.629e+05
 4.825e+04 -4.825e+04
 1.124e+05 -1.124e+05
 3.979e+04 -3.979e+04
 3.465e+04 -3.465e+04
 -7.352e+05 7.352e+05
 -3.642e+05 3.642e+05
 -1.801e+05 1.801e+05
 2.053e+05 -2.053e+05
 1.931e+05 -1.931e+05
 -4.057e+05 4.057e+05
 -6.261e+05 6.261e+05
 -2.904e+05 2.904e+05
 5.387e+05 -5.387e+05
 1.766e+04 -1.766e+04
 -5.965e+05 5.965e+05
 -2.956e+05 2.956e+05
 -2.241e+05 2.241e+05
 -4.718e+04 4.718e+04
 -2.676e+05 2.676e+05
 2.945e+05 -2.945e+05
 -2.659e+05 2.659e+05
 6.297e+04 -6.297e+04
 1.01e+05 -1.01e+05
 -7.336e+05 7.336e+05
 4.595e+04 -4.595e+04
 5.689e+05 -5.689e+05
 2.158e+05 -2.158e+05
 -4.005e+04 4.005e+04
 -1.161e+05 1.161e+05
 5.809e+05 -5.809e+05
 2.546e+05 -2.546e+05
 3.169e+05 -3.169e+05
 -1.455e+05 1.455e+05
 -8.468e+04 8.468e+04
 7.763e+05 -7.763e+05
 8.255e+04 -8.255e+04
 -5.914e+05 5.914e+05
 -2.322e+05 2.322e+05
 1.713e+05 -1.713e+05
 1.193e+05 -1.193e+05
 5.707e+04 -5.707e+04
 -2.866e+05 2.866e+05
 -2.598e+05 2.598e+05
 -1.695e+05 1.695e+05
 -2.182e+05 2.182e+05
 5.919e+05 -5.919e+05
 7.091e+05 -7.091e+05
 -3.586e+05 3.586e+05
 2.527e+04 -2.527e+04
 1.814e+04 -1.814e+04
 -2.312e+05 2.312e+05
 -6925 6925
 -6.097e+05 6.097e+05
 -7.856e+05 7.856e+05
 1.811e+05 -1.811e+05
 6.065e+05 -6.065e+05
 2.91e+05 -2.91e+05
 6.642e+04 -6.642e+04
 -9.611e+04 9.611e+04
 -1.955e+05 1.955e+05
 3.236e+04 -3.236e+04
 3.998e+05 -3.998e+05
 -6.352e+04 6.352e+04
 -4.058e+05 4.058e+05
 4.658e+05 -4.658e+05
 -1.718e+05 1.718e+05
 -5.808e+05 5.808e+05
 -3.262e+05 3.262e+05
 -2.974e+05 2.974e+05
 6.58e+04 -6.58e+04
 -7.172e+04 7.172e+04
 1.403e+05 -1.403e+05
 1.12e+06 -1.12e+06
 -7.915e+05 7.915e+05
 -4.736e+04 4.736e+04
 5.61e+05 -5.61e+05
 -6.138e+05 6.138e+05
 2.85e+05 -2.85e+05
 -4.184e+04 4.184e+04
 -1.664e+05 1.664e+05
 -1.952e+05 1.952e+05
 3.903e+05 -3.903e+05
 3.141e+05 -3.141e+05
 9.87e+04 -9.87e+04
 -9.313e+04 9.313e+04
 1.817e+05 -1.817e+05
 2.528e+05 -2.528e+05
 9.96e+04 -9.96e+04
 1.277e+04 -1.277e+04
 3.97e+05 -3.97e+05
 4.239e+04 -4.239e+04
 4.97e+04 -4.97e+04
 -4.506e+05 4.506e+05
 1.611e+05 -1.611e+05
 -2.036e+05 2.036e+05
 2.922e+05 -2.922e+05
 1.794e+05 -1.794e+05
 -7.388e+05 7.388e+05
 4.331e+04 -4.331e+04
 -2.214e+05 2.214e+05
 -5.094e+05 5.094e+05
 -1.153e+05 1.153e+05
