# Created by Octave 5.2.0, Thu Sep 24 16:38:27 2020 CEST <jiwidi@land>
# name: w
# type: matrix
# rows: 1281
# columns: 2
 9 -9
 -1596 1596
 -4494 4494
 751.9 -751.9
 -2725 2725
 2531 -2531
 -228 228
 1.03e+04 -1.03e+04
 7511 -7511
 4991 -4991
 5951 -5951
 -4537 4537
 -926.9 926.9
 -8089 8089
 3449 -3449
 3066 -3066
 3546 -3546
 934.4 -934.4
 -2547 2547
 3878 -3878
 -1503 1503
 -3352 3352
 -4199 4199
 334.2 -334.2
 2050 -2050
 -2682 2682
 -3431 3431
 -3259 3259
 -838 838
 2446 -2446
 -4214 4214
 254.9 -254.9
 9027 -9027
 -2204 2204
 -3556 3556
 985 -985
 -1188 1188
 -2029 2029
 -5623 5623
 8559 -8559
 2358 -2358
 -2903 2903
 -496.8 496.8
 380.5 -380.5
 -8264 8264
 -1878 1878
 2010 -2010
 2582 -2582
 589.2 -589.2
 -3062 3062
 -3218 3218
 -168.1 168.1
 221.8 -221.8
 4130 -4130
 9458 -9458
 1366 -1366
 -2583 2583
 5776 -5776
 1123 -1123
 889.9 -889.9
 -4998 4998
 -131 131
 1196 -1196
 -5645 5645
 -1801 1801
 -3943 3943
 462.2 -462.2
 -2328 2328
 -70.8 70.8
 9695 -9695
 3932 -3932
 154.6 -154.6
 966.4 -966.4
 1250 -1250
 -2753 2753
 -564 564
 6570 -6570
 6101 -6101
 1486 -1486
 2061 -2061
 977.2 -977.2
 -133.9 133.9
 -1902 1902
 1107 -1107
 -2798 2798
 75.41 -75.41
 756.6 -756.6
 2818 -2818
 -3888 3888
 1557 -1557
 -2131 2131
 -141.5 141.5
 -4062 4062
 1004 -1004
 -3440 3440
 2742 -2742
 2339 -2339
 -2082 2082
 -408.2 408.2
 3383 -3383
 -115.3 115.3
 455.9 -455.9
 -1351 1351
 -1255 1255
 -2804 2804
 6061 -6061
 2214 -2214
 -348.3 348.3
 -1249 1249
 -459.5 459.5
 -6276 6276
 -318.7 318.7
 910.6 -910.6
 -59.79 59.79
 -4869 4869
 -415.6 415.6
 2455 -2455
 -2134 2134
 -287.6 287.6
 1591 -1591
 283.2 -283.2
 1115 -1115
 -1508 1508
 5670 -5670
 -233.6 233.6
 -2782 2782
 2478 -2478
 3609 -3609
 1349 -1349
 353.8 -353.8
 -343.2 343.2
 1425 -1425
 313.7 -313.7
 -1217 1217
 -1351 1351
 -717.5 717.5
 32.39 -32.39
 180.2 -180.2
 2388 -2388
 1366 -1366
 1688 -1688
 1379 -1379
 -1278 1278
 -3117 3117
 -2470 2470
 -3181 3181
 -10.79 10.79
 2375 -2375
 5082 -5082
 2757 -2757
 9718 -9718
 3728 -3728
 2939 -2939
 3500 -3500
 3880 -3880
 399.6 -399.6
 -1546 1546
 1299 -1299
 1276 -1276
 -4163 4163
 473.5 -473.5
 -2469 2469
 -1.131e+04 1.131e+04
 1496 -1496
 -971.3 971.3
 -7.917 7.917
 -2059 2059
 -3117 3117
 151.6 -151.6
 -1787 1787
 -188.4 188.4
 2870 -2870
 4409 -4409
 2809 -2809
 -1627 1627
 741.5 -741.5
 915.3 -915.3
 -264.3 264.3
 2972 -2972
 1501 -1501
 2655 -2655
 -4258 4258
 -1095 1095
 2157 -2157
 1674 -1674
 3706 -3706
 840.5 -840.5
 -6320 6320
 -4556 4556
 -105 105
 -448.9 448.9
 -4916 4916
 310.4 -310.4
 597.1 -597.1
 645.8 -645.8
 1244 -1244
 -2043 2043
 5975 -5975
 7393 -7393
 -2841 2841
 -3610 3610
 -2668 2668
 3272 -3272
 348.2 -348.2
 1499 -1499
 -2751 2751
 -2606 2606
 2553 -2553
 -5025 5025
 5963 -5963
 -6666 6666
 2978 -2978
 -5235 5235
 1174 -1174
 6070 -6070
 -5838 5838
 -2562 2562
 -4565 4565
 1754 -1754
 -2494 2494
 -5091 5091
 488.6 -488.6
 836.8 -836.8
 1432 -1432
 -1875 1875
 -913.4 913.4
 1297 -1297
 5355 -5355
 4193 -4193
 1723 -1723
 -1524 1524
 1.153e+04 -1.153e+04
 -6494 6494
 -2213 2213
 192.4 -192.4
 -4930 4930
 857.7 -857.7
 -1513 1513
 -808.8 808.8
 -1383 1383
 -2067 2067
 268.4 -268.4
 -1448 1448
 2861 -2861
 -3753 3753
 -1503 1503
 505.8 -505.8
 -956.5 956.5
 596 -596
 308.2 -308.2
 1018 -1018
 -1253 1253
 3838 -3838
 -4345 4345
 2351 -2351
 -2531 2531
 -611.5 611.5
 -6490 6490
 5028 -5028
 386.2 -386.2
 2594 -2594
 4379 -4379
 159.9 -159.9
 926.4 -926.4
 911.2 -911.2
 154.5 -154.5
 -7214 7214
 -3965 3965
 -2259 2259
 1597 -1597
 1924 -1924
 -4219 4219
 -5882 5882
 -3414 3414
 4971 -4971
 303 -303
 -4764 4764
 -2296 2296
 -1928 1928
 -397.1 397.1
 -2989 2989
 2831 -2831
 -3730 3730
 1054 -1054
 1215 -1215
 -7160 7160
 713.2 -713.2
 5560 -5560
 1639 -1639
 -632.2 632.2
 -1319 1319
 4491 -4491
 2307 -2307
 2153 -2153
 -1407 1407
 -218.9 218.9
 7912 -7912
 1178 -1178
 -5107 5107
 -3421 3421
 1571 -1571
 1778 -1778
 324.3 -324.3
 -2960 2960
 -2556 2556
 -1181 1181
 -3377 3377
 5572 -5572
 7258 -7258
 -3806 3806
 248.4 -248.4
 -958.8 958.8
 -3087 3087
 309.3 -309.3
 -5345 5345
 -9226 9226
 1611 -1611
 6694 -6694
 2838 -2838
 158.3 -158.3
 125.1 -125.1
 -2114 2114
 132.9 -132.9
 3611 -3611
 -577.7 577.7
 -3753 3753
 5156 -5156
 -684 684
 -5943 5943
 -2970 2970
 -2280 2280
 68.01 -68.01
 -733.9 733.9
 1256 -1256
 1.02e+04 -1.02e+04
 -7700 7700
 -331.4 331.4
 5495 -5495
 -5613 5613
 3065 -3065
 116 -116
 -1925 1925
 -2381 2381
 3877 -3877
 3890 -3890
 1217 -1217
 -675.5 675.5
 1892 -1892
 2030 -2030
 1454 -1454
 982.4 -982.4
 4870 -4870
 478.3 -478.3
 1311 -1311
 -4557 4557
 1314 -1314
 -2542 2542
 2243 -2243
 1940 -1940
 -6624 6624
 274.9 -274.9
 -1491 1491
 -4431 4431
 -454.3 454.3
 2858 -2858
 -2530 2530
 3805 -3805
 -1326 1326
 -994 994
 -3135 3135
 7330 -7330
 -57.16 57.16
 -765.5 765.5
 -2117 2117
 -228.9 228.9
 2014 -2014
 3130 -3130
 1305 -1305
 -3927 3927
 -2307 2307
 5137 -5137
 1609 -1609
 1404 -1404
 -1991 1991
 205.8 -205.8
 58.44 -58.44
 -592.6 592.6
 -4931 4931
 609.3 -609.3
 -365.1 365.1
 1882 -1882
 -5476 5476
 2232 -2232
 3905 -3905
 -1551 1551
 3900 -3900
 -1940 1940
 2497 -2497
 633.8 -633.8
 -3368 3368
 4494 -4494
 -5055 5055
 -6678 6678
 -5111 5111
 1788 -1788
 -1449 1449
 -405.3 405.3
 -7769 7769
 5264 -5264
 -1532 1532
 1746 -1746
 1044 -1044
 -2587 2587
 -613 613
 813.8 -813.8
 -729.5 729.5
 4369 -4369
 -4136 4136
 -4778 4778
 862.8 -862.8
 -1379 1379
 4121 -4121
 -4102 4102
 -4629 4629
 691.5 -691.5
 5028 -5028
 775.2 -775.2
 1270 -1270
 -1992 1992
 -7598 7598
 1626 -1626
 5282 -5282
 -3301 3301
 370.8 -370.8
 2152 -2152
 -1599 1599
 6907 -6907
 -1327 1327
 1645 -1645
 -823.8 823.8
 -4780 4780
 -557.2 557.2
 -6651 6651
 3859 -3859
 -3462 3462
 -234.4 234.4
 210 -210
 -1396 1396
 2534 -2534
 1461 -1461
 -387.6 387.6
 -3250 3250
 -1276 1276
 -671 671
 4797 -4797
 -9317 9317
 -548.6 548.6
 120.5 -120.5
 -2845 2845
 -1048 1048
 -1051 1051
 7256 -7256
 1338 -1338
 -261.5 261.5
 -3069 3069
 -5169 5169
 2258 -2258
 -1608 1608
 -799.8 799.8
 -2183 2183
 2677 -2677
 1.093e+04 -1.093e+04
 -2711 2711
 755.1 -755.1
 2366 -2366
 2084 -2084
 -7208 7208
 -1034 1034
 6560 -6560
 -1046 1046
 1684 -1684
 -3138 3138
 -2807 2807
 -3082 3082
 -2171 2171
 -1449 1449
 -1683 1683
 1030 -1030
 723.4 -723.4
 1184 -1184
 -1994 1994
 -1137 1137
 -2042 2042
 -998 998
 2425 -2425
 -4167 4167
 -2383 2383
 6119 -6119
 -2359 2359
 -1272 1272
 -1206 1206
 3286 -3286
 2786 -2786
 1766 -1766
 -649.2 649.2
 -1272 1272
 2135 -2135
 -4697 4697
 3985 -3985
 2251 -2251
 -3176 3176
 -2531 2531
 -5519 5519
 3757 -3757
 2523 -2523
 -2307 2307
 2041 -2041
 1832 -1832
 -4015 4015
 2044 -2044
 -828.6 828.6
 -1357 1357
 -4437 4437
 -3393 3393
 -4716 4716
 1799 -1799
 -694.3 694.3
 -2204 2204
 -2381 2381
 3268 -3268
 -677.9 677.9
 48.21 -48.21
 -3075 3075
 -5577 5577
 2884 -2884
 -624.5 624.5
 -794.3 794.3
 28.94 -28.94
 2041 -2041
 908.6 -908.6
 -1338 1338
 4537 -4537
 2068 -2068
 1768 -1768
 2841 -2841
 2251 -2251
 -4682 4682
 2266 -2266
 -2550 2550
 -850.2 850.2
 -520.2 520.2
 6163 -6163
 1085 -1085
 -2409 2409
 4338 -4338
 8765 -8765
 6392 -6392
 4926 -4926
 1794 -1794
 -472.3 472.3
 272.8 -272.8
 -1327 1327
 7324 -7324
 -6031 6031
 -1251 1251
 1801 -1801
 -3651 3651
 -3516 3516
 1033 -1033
 -2291 2291
 -1463 1463
 6439 -6439
 2098 -2098
 4238 -4238
 -536.5 536.5
 -3481 3481
 -6120 6120
 996.2 -996.2
 -3092 3092
 -7015 7015
 -5588 5588
 -1060 1060
 -308.8 308.8
 -1076 1076
 -3055 3055
 -1236 1236
 -4424 4424
 -1107 1107
 2228 -2228
 -1858 1858
 -3477 3477
 726.1 -726.1
 -2294 2294
 3499 -3499
 2102 -2102
 6175 -6175
 -5083 5083
 -172.2 172.2
 4766 -4766
 -1454 1454
 -2495 2495
 2106 -2106
 -1624 1624
 -956.2 956.2
 -478.2 478.2
 -2584 2584
 4147 -4147
 -5461 5461
 -72.03 72.03
 1733 -1733
 834.8 -834.8
 -391.7 391.7
 -399.2 399.2
 4392 -4392
 -3591 3591
 886.9 -886.9
 5989 -5989
 5388 -5388
 53.29 -53.29
 -5937 5937
 3332 -3332
 -2155 2155
 2968 -2968
 -4513 4513
 5002 -5002
 -5174 5174
 666 -666
 -3179 3179
 1730 -1730
 2925 -2925
 -4084 4084
 2104 -2104
