# Created by Octave 5.2.0, Thu Sep 24 16:37:37 2020 CEST <jiwidi@land>
# name: w
# type: matrix
# rows: 1281
# columns: 2
 1.3 -1.3
 -167.1 167.1
 -595.8 595.8
 137.1 -137.1
 -305 305
 275.7 -275.7
 -103.5 103.5
 1167 -1167
 905.2 -905.2
 547.4 -547.4
 622.2 -622.2
 -498.2 498.2
 -175.7 175.7
 -1025 1025
 363.2 -363.2
 396.4 -396.4
 445.6 -445.6
 81.37 -81.37
 -232.8 232.8
 507.7 -507.7
 -181.9 181.9
 -375.6 375.6
 -533.4 533.4
 11.41 -11.41
 119.2 -119.2
 -221.3 221.3
 -322.7 322.7
 -355.6 355.6
 -13.93 13.93
 196.2 -196.2
 -404.7 404.7
 81.62 -81.62
 1081 -1081
 -218.8 218.8
 -443.3 443.3
 70.34 -70.34
 -86.2 86.2
 -230.7 230.7
 -490 490
 988.5 -988.5
 292 -292
 -188.6 188.6
 -24.39 24.39
 28.83 -28.83
 -880.8 880.8
 -287.3 287.3
 258.2 -258.2
 315.1 -315.1
 88.94 -88.94
 -386.6 386.6
 -421.5 421.5
 -16.91 16.91
 32.96 -32.96
 426.6 -426.6
 1107 -1107
 187.7 -187.7
 -227.1 227.1
 796.1 -796.1
 153.4 -153.4
 65.39 -65.39
 -473.2 473.2
 -83.75 83.75
 96.94 -96.94
 -732 732
 -176.1 176.1
 -555.6 555.6
 84.38 -84.38
 -256.1 256.1
 -64.37 64.37
 1068 -1068
 482.3 -482.3
 -23.17 23.17
 80.09 -80.09
 78.75 -78.75
 -239.2 239.2
 -99.52 99.52
 711.5 -711.5
 630 -630
 156.8 -156.8
 162.5 -162.5
 151.6 -151.6
 -47.66 47.66
 -173.3 173.3
 32.63 -32.63
 -306.9 306.9
 -66.49 66.49
 47.07 -47.07
 340.4 -340.4
 -401 401
 203.7 -203.7
 -268.8 268.8
 -34.76 34.76
 -317.2 317.2
 60.03 -60.03
 -424.3 424.3
 305.6 -305.6
 198.2 -198.2
 -335.6 335.6
 -73.32 73.32
 351.4 -351.4
 -14.21 14.21
 77.17 -77.17
 -121.2 121.2
 -172.4 172.4
 -367.5 367.5
 693.5 -693.5
 267.2 -267.2
 -141 141
 -147.1 147.1
 -31.56 31.56
 -703.4 703.4
 -111.6 111.6
 145.9 -145.9
 -36.72 36.72
 -591.6 591.6
 -20.6 20.6
 264.8 -264.8
 -400.8 400.8
 -40.46 40.46
 191.9 -191.9
 -19.93 19.93
 140.8 -140.8
 -203.9 203.9
 706.1 -706.1
 -28.28 28.28
 -256.9 256.9
 300.8 -300.8
 332.6 -332.6
 153 -153
 79.69 -79.69
 -53.35 53.35
 210.6 -210.6
 72.44 -72.44
 -158.8 158.8
 -131.2 131.2
 14.59 -14.59
 -48 48
 38.82 -38.82
 333.5 -333.5
 213.1 -213.1
 247 -247
 138.7 -138.7
 -200.7 200.7
 -345.8 345.8
 -329.6 329.6
 -402.5 402.5
 -36.37 36.37
 358.7 -358.7
 573.9 -573.9
 299.7 -299.7
 1092 -1092
 356.6 -356.6
 506 -506
 401.6 -401.6
 432.9 -432.9
 79.38 -79.38
 -133.9 133.9
 238.3 -238.3
 165.4 -165.4
 -479.9 479.9
 121 -121
 -243.9 243.9
 -1369 1369
 161.1 -161.1
 -132.2 132.2
 10.44 -10.44
 -145.2 145.2
 -373 373
 34.4 -34.4
 -172 172
 30.06 -30.06
 399.3 -399.3
 519.3 -519.3
 290.4 -290.4
 -167 167
 40.53 -40.53
 89.33 -89.33
 -154.9 154.9
 322.3 -322.3
 241.5 -241.5
 400.2 -400.2
 -428.5 428.5
 -174 174
 221.4 -221.4
 77.54 -77.54
 406.4 -406.4
 171.3 -171.3
 -737.3 737.3
 -465.9 465.9
 -54.57 54.57
 -88.04 88.04
 -500.4 500.4
 15.17 -15.17
 38.12 -38.12
 81.62 -81.62
 194.9 -194.9
 -208.1 208.1
 685.1 -685.1
 836 -836
 -326 326
 -424.7 424.7
 -319.2 319.2
 324.8 -324.8
 67.87 -67.87
 66.23 -66.23
 -318.9 318.9
 -351.4 351.4
 189.1 -189.1
 -558.8 558.8
 686.3 -686.3
 -804.6 804.6
 466.2 -466.2
 -525 525
 191.1 -191.1
 605.5 -605.5
 -685.2 685.2
 -249.7 249.7
 -554.1 554.1
 184.3 -184.3
 -322.2 322.2
 -494.5 494.5
 24.4 -24.4
 155.5 -155.5
 166.6 -166.6
 -202.6 202.6
 -171.2 171.2
 271.6 -271.6
 671.5 -671.5
 521.9 -521.9
 293.1 -293.1
 -198.9 198.9
 1491 -1491
 -686.6 686.6
 -282.9 282.9
 18.81 -18.81
 -541.7 541.7
 66.46 -66.46
 -158.6 158.6
 -153.2 153.2
 -162.3 162.3
 -340.1 340.1
 185.7 -185.7
 -109.2 109.2
 331.9 -331.9
 -378 378
 -139.7 139.7
 45.7 -45.7
 -80.4 80.4
 166.6 -166.6
 -15.44 15.44
 111.8 -111.8
 -175.9 175.9
 441.9 -441.9
 -464.9 464.9
 212.6 -212.6
 -338.7 338.7
 -170.4 170.4
 -705 705
 520 -520
 81.55 -81.55
 244 -244
 404.1 -404.1
 41.94 -41.94
 82.35 -82.35
 56.93 -56.93
 -10.21 10.21
 -829.8 829.8
 -420.7 420.7
 -203.6 203.6
 195.7 -195.7
 230 -230
 -448.6 448.6
 -617 617
 -400.4 400.4
 653.9 -653.9
 69.72 -69.72
 -709.1 709.1
 -282.4 282.4
 -333.3 333.3
 -164.4 164.4
 -365.9 365.9
 385.8 -385.8
 -361.9 361.9
 213.3 -213.3
 71.79 -71.79
 -659.8 659.8
 170.5 -170.5
 567.6 -567.6
 194.6 -194.6
 -77.49 77.49
 -157.2 157.2
 422.1 -422.1
 244.2 -244.2
 291.8 -291.8
 -122.5 122.5
 -87.75 87.75
 892.1 -892.1
 129.8 -129.8
 -569.1 569.1
 -266.7 266.7
 211.8 -211.8
 203.1 -203.1
 108 -108
 -405.8 405.8
 -412.6 412.6
 -261.7 261.7
 -368.1 368.1
 681.6 -681.6
 814.2 -814.2
 -412.5 412.5
 101.7 -101.7
 -5.119 5.119
 -267.7 267.7
 45.59 -45.59
 -616.2 616.2
 -959.8 959.8
 168.9 -168.9
 582.9 -582.9
 370.1 -370.1
 38.05 -38.05
 -18.37 18.37
 -285 285
 -8.531 8.531
 431.1 -431.1
 -93.61 93.61
 -404.6 404.6
 640.9 -640.9
 -111.1 111.1
 -702.5 702.5
 -408.7 408.7
 -457.9 457.9
 3.413 -3.413
 -100.2 100.2
 143.3 -143.3
 1244 -1244
 -956.4 956.4
 21.56 -21.56
 591.4 -591.4
 -659.5 659.5
 311.6 -311.6
 76.43 -76.43
 -200.9 200.9
 -290.5 290.5
 442 -442
 313 -313
 139.6 -139.6
 -93.7 93.7
 287.1 -287.1
 292.5 -292.5
 66.98 -66.98
 81.01 -81.01
 522 -522
 -35.89 35.89
 137.7 -137.7
 -486 486
 133.1 -133.1
 -304.6 304.6
 345.6 -345.6
 222.6 -222.6
 -806.5 806.5
 45.39 -45.39
 -278.2 278.2
 -461 461
 -179.5 179.5
 213.3 -213.3
 -204.4 204.4
 378.8 -378.8
 -82.94 82.94
 -156.5 156.5
 -425.6 425.6
 854.3 -854.3
 -25.32 25.32
 -145.7 145.7
 -292.1 292.1
 -2.802 2.802
 256.2 -256.2
 402.3 -402.3
 118.5 -118.5
 -433.5 433.5
 -255.8 255.8
 601.9 -601.9
 220.7 -220.7
 103 -103
 -230.4 230.4
 -6.636 6.636
 16.18 -16.18
 -4.57 4.57
 -537.4 537.4
 21.96 -21.96
 -128.4 128.4
 275.6 -275.6
 -563.4 563.4
 257.5 -257.5
 522.1 -522.1
 -166.1 166.1
 442.5 -442.5
 -220.7 220.7
 288.9 -288.9
 66.89 -66.89
 -373.4 373.4
 538.9 -538.9
 -647.1 647.1
 -852.3 852.3
 -623.2 623.2
 254.8 -254.8
 -206.6 206.6
 -95.41 95.41
 -814.8 814.8
 611.9 -611.9
 -161 161
 191.4 -191.4
 94.6 -94.6
 -222.9 222.9
 -120.5 120.5
 73.97 -73.97
 -103 103
 487.1 -487.1
 -534.4 534.4
 -533.9 533.9
 87.83 -87.83
 -189.1 189.1
 524.5 -524.5
 -550.8 550.8
 -661.7 661.7
 73.02 -73.02
 542.7 -542.7
 87.62 -87.62
 153.1 -153.1
 -300.1 300.1
 -917.5 917.5
 124.1 -124.1
 596.9 -596.9
 -400.6 400.6
 23.44 -23.44
 205.8 -205.8
 -109.1 109.1
 810.3 -810.3
 -187.5 187.5
 91.67 -91.67
 -36.54 36.54
 -539 539
 -168.2 168.2
 -879.3 879.3
 465.7 -465.7
 -397 397
 -29.96 29.96
 45.42 -45.42
 -166.4 166.4
 320.3 -320.3
 207.3 -207.3
 -105.2 105.2
 -310.7 310.7
 -279.7 279.7
 -51.65 51.65
 460.3 -460.3
 -1063 1063
 -175.3 175.3
 -33.75 33.75
 -440.6 440.6
 -146.5 146.5
 -147.9 147.9
 820.6 -820.6
 187 -187
 -40.58 40.58
 -340.9 340.9
 -512.6 512.6
 320 -320
 -146.8 146.8
 -80.94 80.94
 -244.2 244.2
 327.4 -327.4
 1255 -1255
 -315.2 315.2
 91.79 -91.79
 381.7 -381.7
 231.6 -231.6
 -932.3 932.3
 3.439 -3.439
 756.9 -756.9
 -133 133
 224.1 -224.1
 -317.6 317.6
 -397.3 397.3
 -329.3 329.3
 -241.2 241.2
 -127.5 127.5
 -245.6 245.6
 -40.47 40.47
 68.75 -68.75
 111.9 -111.9
 -222 222
 -214.8 214.8
 -245.5 245.5
 -168.3 168.3
 317.9 -317.9
 -556 556
 -319.7 319.7
 783.4 -783.4
 -288.5 288.5
 -170.6 170.6
 -152.5 152.5
 395 -395
 263.4 -263.4
 138 -138
 -108.1 108.1
 -136.8 136.8
 150.9 -150.9
 -550.3 550.3
 525.2 -525.2
 299.7 -299.7
 -318.8 318.8
 -276.9 276.9
 -529.4 529.4
 414.5 -414.5
 298.1 -298.1
 -189.9 189.9
 299.4 -299.4
 165 -165
 -387.6 387.6
 288.1 -288.1
 -24.65 24.65
 -47.97 47.97
 -615.4 615.4
 -341.1 341.1
 -553.5 553.5
 256 -256
 -88.45 88.45
 -280.4 280.4
 -334.9 334.9
 405.7 -405.7
 -97.05 97.05
 -30.1 30.1
 -304.4 304.4
 -579.2 579.2
 290.6 -290.6
 -62.71 62.71
 -196.2 196.2
 -15.47 15.47
 213.1 -213.1
 43.78 -43.78
 -18.24 18.24
 547.7 -547.7
 355.2 -355.2
 198.1 -198.1
 296.1 -296.1
 234.3 -234.3
 -549.5 549.5
 275.3 -275.3
 -298.2 298.2
 -153.9 153.9
 -29.47 29.47
 763.8 -763.8
 141.9 -141.9
 -236.4 236.4
 462 -462
 1088 -1088
 853.6 -853.6
 567.9 -567.9
 193.5 -193.5
 -30.05 30.05
 47.88 -47.88
 -229.5 229.5
 852.1 -852.1
 -731.7 731.7
 -229.2 229.2
 163.4 -163.4
 -435.4 435.4
 -398.1 398.1
 105 -105
 -264.8 264.8
 -147 147
 753.7 -753.7
 262.4 -262.4
 492.9 -492.9
 -151.1 151.1
 -284.8 284.8
 -761.6 761.6
 123.3 -123.3
 -309.4 309.4
 -824.4 824.4
