# Created by Octave 5.2.0, Thu Sep 24 16:37:01 2020 CEST <jiwidi@land>
# name: w
# type: matrix
# rows: 1281
# columns: 2
 1.2 -1.2
 -212.9 212.9
 -475.8 475.8
 165.5 -165.5
 -268.3 268.3
 151.2 -151.2
 -34.02 34.02
 1027 -1027
 796 -796
 485.1 -485.1
 553.7 -553.7
 -383.8 383.8
 -194.7 194.7
 -862.1 862.1
 326 -326
 310.8 -310.8
 285.4 -285.4
 95.42 -95.42
 -245.4 245.4
 337.3 -337.3
 -114.9 114.9
 -312.5 312.5
 -426.1 426.1
 -19.96 19.96
 216.7 -216.7
 -217.6 217.6
 -373.2 373.2
 -360.6 360.6
 -41.49 41.49
 229.5 -229.5
 -378.7 378.7
 75.86 -75.86
 912 -912
 -127.7 127.7
 -404.3 404.3
 0.1878 -0.1878
 -55.74 55.74
 -236.5 236.5
 -489.4 489.4
 966.1 -966.1
 267.2 -267.2
 -180.1 180.1
 -49.26 49.26
 -10.3 10.3
 -825.6 825.6
 -226 226
 162.2 -162.2
 245.1 -245.1
 -55.81 55.81
 -307.3 307.3
 -307.4 307.4
 -82.46 82.46
 31.4 -31.4
 336 -336
 1003 -1003
 130.8 -130.8
 -259.6 259.6
 624.9 -624.9
 148.7 -148.7
 39.12 -39.12
 -429.2 429.2
 0.3725 -0.3725
 49.12 -49.12
 -598.5 598.5
 -199 199
 -418.6 418.6
 86.95 -86.95
 -122.2 122.2
 -62.7 62.7
 920.9 -920.9
 360.8 -360.8
 -18.8 18.8
 64.29 -64.29
 107.5 -107.5
 -297.2 297.2
 -124 124
 732.8 -732.8
 586 -586
 188.3 -188.3
 255.6 -255.6
 171 -171
 -64.24 64.24
 -130.1 130.1
 71.53 -71.53
 -326.8 326.8
 72.66 -72.66
 39.01 -39.01
 327.6 -327.6
 -379.2 379.2
 184 -184
 -217.8 217.8
 34.93 -34.93
 -351.6 351.6
 59.04 -59.04
 -370.3 370.3
 245.1 -245.1
 262.7 -262.7
 -267 267
 -47.92 47.92
 282.8 -282.8
 -62.56 62.56
 63.63 -63.63
 -82.85 82.85
 -135.8 135.8
 -339.3 339.3
 659.6 -659.6
 160.9 -160.9
 -125.5 125.5
 -132.2 132.2
 -24.94 24.94
 -664 664
 -40.05 40.05
 38.29 -38.29
 -12.44 12.44
 -502.5 502.5
 -73.87 73.87
 213.5 -213.5
 -317 317
 -16.45 16.45
 144.4 -144.4
 29.24 -29.24
 141.9 -141.9
 -176.6 176.6
 539.7 -539.7
 -41.66 41.66
 -275.7 275.7
 272.5 -272.5
 277.4 -277.4
 186.8 -186.8
 60.17 -60.17
 52.64 -52.64
 211.6 -211.6
 119.4 -119.4
 -66.64 66.64
 -119.2 119.2
 -64.14 64.14
 -45.48 45.48
 100.1 -100.1
 244.1 -244.1
 200.9 -200.9
 203.4 -203.4
 99.67 -99.67
 -178.7 178.7
 -344.5 344.5
 -290.6 290.6
 -229.7 229.7
 -33.73 33.73
 368.9 -368.9
 522.4 -522.4
 245.5 -245.5
 899.4 -899.4
 312.3 -312.3
 332.3 -332.3
 344.3 -344.3
 442.7 -442.7
 50.49 -50.49
 -170.3 170.3
 216 -216
 231.3 -231.3
 -422.1 422.1
 -0.873 0.873
 -201.9 201.9
 -1258 1258
 114.8 -114.8
 -127.9 127.9
 4.998 -4.998
 -193.3 193.3
 -308.8 308.8
 99.6 -99.6
 -167.4 167.4
 24.11 -24.11
 312.9 -312.9
 422.4 -422.4
 271.2 -271.2
 -103.3 103.3
 128.3 -128.3
 18.52 -18.52
 -223.1 223.1
 301.5 -301.5
 269.1 -269.1
 371.4 -371.4
 -409.2 409.2
 -218.3 218.3
 202.9 -202.9
 86.01 -86.01
 476.9 -476.9
 158 -158
 -654.3 654.3
 -418.6 418.6
 -97.42 97.42
 -75.02 75.02
 -497.2 497.2
 72.01 -72.01
 96.58 -96.58
 77.15 -77.15
 133.9 -133.9
 -173.2 173.2
 523.9 -523.9
 739.4 -739.4
 -296.3 296.3
 -333 333
 -279.9 279.9
 360.8 -360.8
 31.88 -31.88
 -55.27 55.27
 -324.3 324.3
 -265.8 265.8
 153.4 -153.4
 -487.9 487.9
 530.3 -530.3
 -722 722
 289.8 -289.8
 -446.8 446.8
 121.1 -121.1
 575.9 -575.9
 -649.6 649.6
 -210.5 210.5
 -467.7 467.7
 127.3 -127.3
 -234 234
 -409.4 409.4
 29.78 -29.78
 87.66 -87.66
 139.3 -139.3
 -206.5 206.5
 -218.2 218.2
 191.3 -191.3
 580 -580
 489.5 -489.5
 119.2 -119.2
 -265.2 265.2
 1259 -1259
 -635.8 635.8
 -257.7 257.7
 -46.06 46.06
 -424.1 424.1
 -85.9 85.9
 -105.1 105.1
 -157.5 157.5
 -159 159
 -264 264
 200.3 -200.3
 -172.6 172.6
 260.8 -260.8
 -414 414
 -121.6 121.6
 69.3 -69.3
 -116.8 116.8
 139.3 -139.3
 -24 24
 116.1 -116.1
 -76.12 76.12
 361.1 -361.1
 -320.4 320.4
 257.5 -257.5
 -326.6 326.6
 -138.9 138.9
 -608.5 608.5
 560.7 -560.7
 97.76 -97.76
 198.6 -198.6
 362.9 -362.9
 48.25 -48.25
 112.4 -112.4
 39.79 -39.79
 34.65 -34.65
 -735.2 735.2
 -364.2 364.2
 -180.1 180.1
 205.3 -205.3
 193.1 -193.1
 -405.7 405.7
 -626.1 626.1
 -290.4 290.4
 538.7 -538.7
 17.66 -17.66
 -596.5 596.5
 -295.6 295.6
 -224.1 224.1
 -47.18 47.18
 -267.6 267.6
 294.5 -294.5
 -265.9 265.9
 62.97 -62.97
 101 -101
 -733.6 733.6
 45.95 -45.95
 568.9 -568.9
 215.8 -215.8
 -40.05 40.05
 -116.1 116.1
 580.9 -580.9
 254.6 -254.6
 316.9 -316.9
 -145.5 145.5
 -84.68 84.68
 776.3 -776.3
 82.55 -82.55
 -591.4 591.4
 -232.2 232.2
 171.3 -171.3
 119.3 -119.3
 57.07 -57.07
 -286.6 286.6
 -259.8 259.8
 -169.5 169.5
 -218.2 218.2
 591.9 -591.9
 709.1 -709.1
 -358.6 358.6
 25.27 -25.27
 18.14 -18.14
 -231.2 231.2
 -6.925 6.925
 -609.7 609.7
 -785.6 785.6
 181.1 -181.1
 606.5 -606.5
 291 -291
 66.42 -66.42
 -96.11 96.11
 -195.5 195.5
 32.36 -32.36
 399.8 -399.8
 -63.52 63.52
 -405.8 405.8
 465.8 -465.8
 -171.8 171.8
 -580.8 580.8
 -326.2 326.2
 -297.4 297.4
 65.8 -65.8
 -71.72 71.72
 140.3 -140.3
 1120 -1120
 -791.5 791.5
 -47.36 47.36
 561 -561
 -613.8 613.8
 285 -285
 -41.84 41.84
 -166.4 166.4
 -195.2 195.2
 390.3 -390.3
 314.1 -314.1
 98.7 -98.7
 -93.13 93.13
 181.7 -181.7
 252.8 -252.8
 99.6 -99.6
 12.77 -12.77
 397 -397
 42.39 -42.39
 49.7 -49.7
 -450.6 450.6
 161.1 -161.1
 -203.6 203.6
 292.2 -292.2
 179.4 -179.4
 -738.8 738.8
 43.31 -43.31
 -221.4 221.4
 -509.4 509.4
 -115.3 115.3
 195.8 -195.8
 -236.4 236.4
 474.1 -474.1
 -56.09 56.09
 -39.79 39.79
 -371.9 371.9
 701.7 -701.7
 -16.17 16.17
 -14.34 14.34
 -285.5 285.5
 -71.63 71.63
 187.4 -187.4
 283.5 -283.5
 213.5 -213.5
 -390.6 390.6
 -327.6 327.6
 500.4 -500.4
 214.8 -214.8
 133.9 -133.9
 -184.4 184.4
 -20.96 20.96
 19.4 -19.4
 35.43 -35.43
 -507 507
 41.24 -41.24
 42.43 -42.43
 287.5 -287.5
 -511.2 511.2
 176.7 -176.7
 400.8 -400.8
 -197.7 197.7
 422 -422
 -200.3 200.3
 265.9 -265.9
 5.662 -5.662
 -286 286
 453.9 -453.9
 -584.2 584.2
 -791.3 791.3
 -598.5 598.5
 230.8 -230.8
 -145.6 145.6
 -82.04 82.04
 -760.2 760.2
 566.7 -566.7
 -132.8 132.8
 169.6 -169.6
 87.29 -87.29
 -221.9 221.9
 -51.34 51.34
 32.52 -32.52
 -145.5 145.5
 445.1 -445.1
 -430.7 430.7
 -474.6 474.6
 77.1 -77.1
 -207.4 207.4
 301.1 -301.1
 -431.1 431.1
 -533 533
 1.242 -1.242
 465.4 -465.4
 72.89 -72.89
 156 -156
 -173.5 173.5
 -794.7 794.7
 87.44 -87.44
 517.7 -517.7
 -312.2 312.2
 46.91 -46.91
 225.3 -225.3
 -99.34 99.34
 614 -614
 -142.9 142.9
 51.31 -51.31
 -72.16 72.16
 -472 472
 -53.5 53.5
 -782.5 782.5
 390.1 -390.1
 -336.1 336.1
 -81.1 81.1
 76.91 -76.91
 -178.9 178.9
 232 -232
 145.4 -145.4
 22.3 -22.3
 -308.9 308.9
 -237.5 237.5
 -109.8 109.8
 428.6 -428.6
 -889.7 889.7
 -62.5 62.5
 18.63 -18.63
 -339.8 339.8
 -131.1 131.1
 -120.6 120.6
 686.6 -686.6
 223.9 -223.9
 -41.71 41.71
 -329.2 329.2
 -459 459
 276.2 -276.2
 -190.2 190.2
 -99.48 99.48
 -218.4 218.4
 317.3 -317.3
 1144 -1144
 -303.2 303.2
 39.88 -39.88
 294.6 -294.6
 168.2 -168.2
 -788.7 788.7
 -90.11 90.11
 574.5 -574.5
 -57.96 57.96
 140.5 -140.5
 -326 326
 -309.7 309.7
 -258.4 258.4
 -178.2 178.2
 -151.2 151.2
 -142.2 142.2
 54.01 -54.01
 101.5 -101.5
 108 -108
 -157 157
 -99.26 99.26
 -211.7 211.7
 -108.9 108.9
 260.4 -260.4
 -457.3 457.3
 -310 310
 640.5 -640.5
 -242.2 242.2
 -166.6 166.6
 -108.5 108.5
 357.4 -357.4
 242 -242
 91.26 -91.26
 -153.3 153.3
 -82.5 82.5
 192.5 -192.5
 -434.7 434.7
 450.5 -450.5
 255.6 -255.6
 -305.3 305.3
 -253.7 253.7
 -585.4 585.4
 309.8 -309.8
 283.4 -283.4
 -149.4 149.4
 216.3 -216.3
 219.9 -219.9
 -402.9 402.9
 269.6 -269.6
 -4.523 4.523
 -59.83 59.83
 -510.1 510.1
 -260.7 260.7
 -416.2 416.2
 175.3 -175.3
 -104.9 104.9
 -224 224
 -372.4 372.4
 313.5 -313.5
 -79.64 79.64
 -46.01 46.01
 -335.2 335.2
 -536 536
 321.7 -321.7
 -102.5 102.5
 -126 126
 -47.18 47.18
 256.4 -256.4
 55.67 -55.67
 3.157 -3.157
 425.5 -425.5
 294 -294
 126.2 -126.2
 251.2 -251.2
 200.3 -200.3
 -540.5 540.5
 267.9 -267.9
 -233.3 233.3
 -63.85 63.85
 24.91 -24.91
 662.3 -662.3
 61.77 -61.77
 -230.3 230.3
 442.7 -442.7
 933.1 -933.1
 665.9 -665.9
 472 -472
 159.3 -159.3
 -86.02 86.02
 -31.26 31.26
 -205.2 205.2
 723.4 -723.4
 -634.6 634.6
 -151.8 151.8
 125 -125
 -332.3 332.3
 -331.3 331.3
 102.4 -102.4
 -190.1 190.1
 -89.62 89.62
 561.9 -561.9
 194.4 -194.4
 445.6 -445.6
 -113.6 113.6
 -269.2 269.2
 -647.6 647.6
 91.99 -91.99
 -320.6 320.6
 -695.3 695.3
