# Created by Octave 5.2.0, Thu Sep 24 16:39:19 2020 CEST <jiwidi@land>
# name: w
# type: matrix
# rows: 1281
# columns: 2
 130 -130
 -1.778e+04 1.778e+04
 -4.929e+04 4.929e+04
 1.372e+04 -1.372e+04
 -2.907e+04 2.907e+04
 2.098e+04 -2.098e+04
 -7448 7448
 1.046e+05 -1.046e+05
 8.288e+04 -8.288e+04
 4.393e+04 -4.393e+04
 5.888e+04 -5.888e+04
 -3.96e+04 3.96e+04
 -1.67e+04 1.67e+04
 -8.973e+04 8.973e+04
 2.315e+04 -2.315e+04
 2.709e+04 -2.709e+04
 2.797e+04 -2.797e+04
 1.439e+04 -1.439e+04
 -2.852e+04 2.852e+04
 4.008e+04 -4.008e+04
 -1.031e+04 1.031e+04
 -3.783e+04 3.783e+04
 -3.674e+04 3.674e+04
 7858 -7858
 1.938e+04 -1.938e+04
 -2.196e+04 2.196e+04
 -4.081e+04 4.081e+04
 -3.087e+04 3.087e+04
 -9937 9937
 2.592e+04 -2.592e+04
 -4.085e+04 4.085e+04
 -3858 3858
 9.222e+04 -9.222e+04
 -1.383e+04 1.383e+04
 -3.864e+04 3.864e+04
 8745 -8745
 -8017 8017
 -2.017e+04 2.017e+04
 -5.063e+04 5.063e+04
 8.763e+04 -8.763e+04
 2.395e+04 -2.395e+04
 -1.521e+04 1.521e+04
 -2370 2370
 5768 -5768
 -8.568e+04 8.568e+04
 -2.056e+04 2.056e+04
 2.106e+04 -2.106e+04
 2.292e+04 -2.292e+04
 390.7 -390.7
 -3.225e+04 3.225e+04
 -3.377e+04 3.377e+04
 3541 -3541
 -678.6 678.6
 4.363e+04 -4.363e+04
 9.326e+04 -9.326e+04
 9694 -9694
 -2.723e+04 2.723e+04
 6.377e+04 -6.377e+04
 5425 -5425
 3730 -3730
 -3.873e+04 3.873e+04
 -7981 7981
 1.415e+04 -1.415e+04
 -5.864e+04 5.864e+04
 -2.038e+04 2.038e+04
 -4.774e+04 4.774e+04
 1.177e+04 -1.177e+04
 -1.201e+04 1.201e+04
 3715 -3715
 9.599e+04 -9.599e+04
 3.604e+04 -3.604e+04
 -7284 7284
 9048 -9048
 6154 -6154
 -2.433e+04 2.433e+04
 -8965 8965
 6.374e+04 -6.374e+04
 5.362e+04 -5.362e+04
 2.101e+04 -2.101e+04
 2.398e+04 -2.398e+04
 1.856e+04 -1.856e+04
 -5587 5587
 -7242 7242
 755.5 -755.5
 -3.083e+04 3.083e+04
 4274 -4274
 1510 -1510
 2.644e+04 -2.644e+04
 -3.934e+04 3.934e+04
 1.942e+04 -1.942e+04
 -2.372e+04 2.372e+04
 4064 -4064
 -3.106e+04 3.106e+04
 1779 -1779
 -4.058e+04 4.058e+04
 3.467e+04 -3.467e+04
 1.518e+04 -1.518e+04
 -2.23e+04 2.23e+04
 -9085 9085
 3.765e+04 -3.765e+04
 -2569 2569
 7800 -7800
 -1.216e+04 1.216e+04
 -1.176e+04 1.176e+04
 -3.186e+04 3.186e+04
 6.744e+04 -6.744e+04
 2.127e+04 -2.127e+04
 -1.204e+04 1.204e+04
 -1.12e+04 1.12e+04
 -4945 4945
 -6.324e+04 6.324e+04
 -4946 4946
 7575 -7575
 -716.2 716.2
 -4.804e+04 4.804e+04
 -2373 2373
 2.308e+04 -2.308e+04
 -3.33e+04 3.33e+04
 916.3 -916.3
 1.81e+04 -1.81e+04
 6023 -6023
 1.017e+04 -1.017e+04
 -2.783e+04 2.783e+04
 6.47e+04 -6.47e+04
 -206.2 206.2
 -2.746e+04 2.746e+04
 2.834e+04 -2.834e+04
 3.199e+04 -3.199e+04
 1.344e+04 -1.344e+04
 2266 -2266
 -3283 3283
 1.431e+04 -1.431e+04
 3428 -3428
 -9683 9683
 -7870 7870
 -6620 6620
 -4925 4925
 -225.8 225.8
 2.515e+04 -2.515e+04
 1.143e+04 -1.143e+04
 1.604e+04 -1.604e+04
 1.374e+04 -1.374e+04
 -1.67e+04 1.67e+04
 -2.103e+04 2.103e+04
 -2.877e+04 2.877e+04
 -3.513e+04 3.513e+04
 3607 -3607
 3.096e+04 -3.096e+04
 4.956e+04 -4.956e+04
 1.506e+04 -1.506e+04
 9.72e+04 -9.72e+04
 3.243e+04 -3.243e+04
 4.915e+04 -4.915e+04
 4.217e+04 -4.217e+04
 3.95e+04 -3.95e+04
 6915 -6915
 -1.961e+04 1.961e+04
 1.929e+04 -1.929e+04
 2.104e+04 -2.104e+04
 -3.914e+04 3.914e+04
 9787 -9787
 -2.215e+04 2.215e+04
 -1.228e+05 1.228e+05
 1.511e+04 -1.511e+04
 -7245 7245
 5114 -5114
 -1.3e+04 1.3e+04
 -3.309e+04 3.309e+04
 1502 -1502
 -2.012e+04 2.012e+04
 1997 -1997
 3.023e+04 -3.023e+04
 4.292e+04 -4.292e+04
 2.497e+04 -2.497e+04
 -2.19e+04 2.19e+04
 6347 -6347
 8868 -8868
 -1.497e+04 1.497e+04
 3.02e+04 -3.02e+04
 2.044e+04 -2.044e+04
 3.601e+04 -3.601e+04
 -4.696e+04 4.696e+04
 -1.813e+04 1.813e+04
 2.077e+04 -2.077e+04
 1.108e+04 -1.108e+04
 3.34e+04 -3.34e+04
 1.426e+04 -1.426e+04
 -6.456e+04 6.456e+04
 -4.443e+04 4.443e+04
 -7011 7011
 -7554 7554
 -4.316e+04 4.316e+04
 5169 -5169
 9331 -9331
 8287 -8287
 1.525e+04 -1.525e+04
 -1.851e+04 1.851e+04
 5.755e+04 -5.755e+04
 7.08e+04 -7.08e+04
 -3.211e+04 3.211e+04
 -3.683e+04 3.683e+04
 -2.714e+04 2.714e+04
 3.498e+04 -3.498e+04
 2233 -2233
 3363 -3363
 -2.086e+04 2.086e+04
 -2.898e+04 2.898e+04
 8374 -8374
 -5.08e+04 5.08e+04
 6.373e+04 -6.373e+04
 -6.845e+04 6.845e+04
 3.444e+04 -3.444e+04
 -5.111e+04 5.111e+04
 1.795e+04 -1.795e+04
 5.595e+04 -5.595e+04
 -6.112e+04 6.112e+04
 -1.773e+04 1.773e+04
 -4.826e+04 4.826e+04
 1.141e+04 -1.141e+04
 -1.767e+04 1.767e+04
 -4.565e+04 4.565e+04
 1072 -1072
 1.072e+04 -1.072e+04
 1.646e+04 -1.646e+04
 -2.601e+04 2.601e+04
 -1.283e+04 1.283e+04
 1.912e+04 -1.912e+04
 5.193e+04 -5.193e+04
 4.929e+04 -4.929e+04
 1.237e+04 -1.237e+04
 -2.274e+04 2.274e+04
 1.347e+05 -1.347e+05
 -6.797e+04 6.797e+04
 -2.825e+04 2.825e+04
 -3398 3398
 -4.512e+04 4.512e+04
 2747 -2747
 -2.085e+04 2.085e+04
 -1.186e+04 1.186e+04
 -1.574e+04 1.574e+04
 -3.222e+04 3.222e+04
 1.226e+04 -1.226e+04
 -1.473e+04 1.473e+04
 2.773e+04 -2.773e+04
 -3.902e+04 3.902e+04
 -1.539e+04 1.539e+04
 8607 -8607
 -1.303e+04 1.303e+04
 1.611e+04 -1.611e+04
 -5437 5437
 1.393e+04 -1.393e+04
 -8211 8211
 3.782e+04 -3.782e+04
 -4.068e+04 4.068e+04
 1.984e+04 -1.984e+04
 -2.009e+04 2.009e+04
 -1209 1209
 -6.673e+04 6.673e+04
 5.493e+04 -5.493e+04
 7243 -7243
 3.001e+04 -3.001e+04
 3.225e+04 -3.225e+04
 1804 -1804
 8956 -8956
 3677 -3677
 3157 -3157
 -7.91e+04 7.91e+04
 -3.56e+04 3.56e+04
 -1.341e+04 1.341e+04
 2.198e+04 -2.198e+04
 2.141e+04 -2.141e+04
 -4.781e+04 4.781e+04
 -6.236e+04 6.236e+04
 -3.113e+04 3.113e+04
 5.306e+04 -5.306e+04
 1.365e+04 -1.365e+04
 -5.493e+04 5.493e+04
 -3.098e+04 3.098e+04
 -2.296e+04 2.296e+04
 -6946 6946
 -3.143e+04 3.143e+04
 2.898e+04 -2.898e+04
 -3.354e+04 3.354e+04
 8087 -8087
 1.601e+04 -1.601e+04
 -7.663e+04 7.663e+04
 8461 -8461
 4.819e+04 -4.819e+04
 2.015e+04 -2.015e+04
 -1.068e+04 1.068e+04
 -1.761e+04 1.761e+04
 3.643e+04 -3.643e+04
 1.894e+04 -1.894e+04
 2.478e+04 -2.478e+04
 -1.08e+04 1.08e+04
 -7789 7789
 8.145e+04 -8.145e+04
 5561 -5561
 -5.288e+04 5.288e+04
 -2.138e+04 2.138e+04
 1.83e+04 -1.83e+04
 1.887e+04 -1.887e+04
 7255 -7255
 -3.375e+04 3.375e+04
 -3.582e+04 3.582e+04
 -2.944e+04 2.944e+04
 -2.825e+04 2.825e+04
 5.342e+04 -5.342e+04
 7.115e+04 -7.115e+04
 -2.957e+04 2.957e+04
 3679 -3679
 -3560 3560
 -3.048e+04 3.048e+04
 -989.6 989.6
 -6.088e+04 6.088e+04
 -8.615e+04 8.615e+04
 1.325e+04 -1.325e+04
 5.935e+04 -5.935e+04
 2.526e+04 -2.526e+04
 5209 -5209
 -6625 6625
 -1.658e+04 1.658e+04
 -579.1 579.1
 3.985e+04 -3.985e+04
 -6556 6556
 -3.839e+04 3.839e+04
 5.335e+04 -5.335e+04
 -5385 5385
 -6.102e+04 6.102e+04
 -3.356e+04 3.356e+04
 -2.868e+04 2.868e+04
 2126 -2126
 -1.359e+04 1.359e+04
 1.672e+04 -1.672e+04
 1.141e+05 -1.141e+05
 -8.499e+04 8.499e+04
 -5900 5900
 5.462e+04 -5.462e+04
 -6.574e+04 6.574e+04
 2.612e+04 -2.612e+04
 4271 -4271
 -1.523e+04 1.523e+04
 -1.772e+04 1.772e+04
 3.894e+04 -3.894e+04
 2.987e+04 -2.987e+04
 7126 -7126
 -9779 9779
 1.737e+04 -1.737e+04
 2.853e+04 -2.853e+04
 1.97e+04 -1.97e+04
 -91.78 91.78
 4.154e+04 -4.154e+04
 3391 -3391
 1.235e+04 -1.235e+04
 -4.065e+04 4.065e+04
 8108 -8108
 -1.858e+04 1.858e+04
 2.284e+04 -2.284e+04
 1.976e+04 -1.976e+04
 -7.932e+04 7.932e+04
 5500 -5500
 -1.836e+04 1.836e+04
 -4.517e+04 4.517e+04
 -1.419e+04 1.419e+04
 1.934e+04 -1.934e+04
 -1.6e+04 1.6e+04
 3.946e+04 -3.946e+04
 -5125 5125
 -1.389e+04 1.389e+04
 -3.791e+04 3.791e+04
 7.419e+04 -7.419e+04
 -5403 5403
 -1.106e+04 1.106e+04
 -2.815e+04 2.815e+04
 888.3 -888.3
 1.853e+04 -1.853e+04
 3.258e+04 -3.258e+04
 9343 -9343
 -4.098e+04 4.098e+04
 -2.879e+04 2.879e+04
 4.88e+04 -4.88e+04
 2.449e+04 -2.449e+04
 1.742e+04 -1.742e+04
 -2.004e+04 2.004e+04
 -2265 2265
 -67.69 67.69
 5245 -5245
 -5.153e+04 5.153e+04
 5467 -5467
 -70.66 70.66
 2.658e+04 -2.658e+04
 -5.794e+04 5.794e+04
 2.358e+04 -2.358e+04
 4.802e+04 -4.802e+04
 -1.611e+04 1.611e+04
 4.253e+04 -4.253e+04
 -2.004e+04 2.004e+04
 2.496e+04 -2.496e+04
 5040 -5040
 -3.516e+04 3.516e+04
 4.595e+04 -4.595e+04
 -5.456e+04 5.456e+04
 -7.71e+04 7.71e+04
 -6.014e+04 6.014e+04
 1.935e+04 -1.935e+04
 -1.053e+04 1.053e+04
 -6347 6347
 -7.959e+04 7.959e+04
 6.156e+04 -6.156e+04
