# Created by Octave 5.2.0, Thu Sep 24 16:37:50 2020 CEST <jiwidi@land>
# name: w
# type: matrix
# rows: 1281
# columns: 2
 12 -12
 -2129 2129
 -4758 4758
 1655 -1655
 -2683 2683
 1512 -1512
 -340.2 340.2
 1.027e+04 -1.027e+04
 7960 -7960
 4851 -4851
 5537 -5537
 -3838 3838
 -1947 1947
 -8621 8621
 3260 -3260
 3108 -3108
 2854 -2854
 954.2 -954.2
 -2454 2454
 3373 -3373
 -1149 1149
 -3125 3125
 -4261 4261
 -199.6 199.6
 2167 -2167
 -2176 2176
 -3732 3732
 -3606 3606
 -414.9 414.9
 2295 -2295
 -3787 3787
 758.6 -758.6
 9120 -9120
 -1277 1277
 -4043 4043
 1.878 -1.878
 -557.4 557.4
 -2365 2365
 -4894 4894
 9661 -9661
 2672 -2672
 -1801 1801
 -492.6 492.6
 -103 103
 -8256 8256
 -2260 2260
 1622 -1622
 2451 -2451
 -558.1 558.1
 -3073 3073
 -3074 3074
 -824.6 824.6
 314 -314
 3360 -3360
 1.003e+04 -1.003e+04
 1308 -1308
 -2596 2596
 6249 -6249
 1487 -1487
 391.2 -391.2
 -4292 4292
 3.725 -3.725
 491.2 -491.2
 -5985 5985
 -1990 1990
 -4186 4186
 869.5 -869.5
 -1222 1222
 -627 627
 9209 -9209
 3608 -3608
 -188 188
 642.9 -642.9
 1075 -1075
 -2972 2972
 -1240 1240
 7328 -7328
 5860 -5860
 1883 -1883
 2556 -2556
 1710 -1710
 -642.4 642.4
 -1301 1301
 715.3 -715.3
 -3268 3268
 726.6 -726.6
 390.1 -390.1
 3276 -3276
 -3792 3792
 1840 -1840
 -2178 2178
 349.3 -349.3
 -3516 3516
 590.4 -590.4
 -3703 3703
 2451 -2451
 2627 -2627
 -2670 2670
 -479.2 479.2
 2828 -2828
 -625.6 625.6
 636.3 -636.3
 -828.5 828.5
 -1358 1358
 -3393 3393
 6596 -6596
 1609 -1609
 -1255 1255
 -1322 1322
 -249.4 249.4
 -6640 6640
 -400.5 400.5
 382.9 -382.9
 -124.4 124.4
 -5025 5025
 -738.7 738.7
 2135 -2135
 -3170 3170
 -164.5 164.5
 1444 -1444
 292.4 -292.4
 1419 -1419
 -1766 1766
 5397 -5397
 -416.6 416.6
 -2757 2757
 2725 -2725
 2774 -2774
 1868 -1868
 601.7 -601.7
 526.4 -526.4
 2116 -2116
 1194 -1194
 -666.4 666.4
 -1192 1192
 -641.4 641.4
 -454.8 454.8
 1001 -1001
 2441 -2441
 2009 -2009
 2034 -2034
 996.7 -996.7
 -1787 1787
 -3445 3445
 -2906 2906
 -2297 2297
 -337.3 337.3
 3689 -3689
 5224 -5224
 2455 -2455
 8994 -8994
 3123 -3123
 3323 -3323
 3443 -3443
 4427 -4427
 504.9 -504.9
 -1703 1703
 2160 -2160
 2313 -2313
 -4221 4221
 -8.73 8.73
 -2019 2019
 -1.258e+04 1.258e+04
 1148 -1148
 -1279 1279
 49.98 -49.98
 -1933 1933
 -3088 3088
 996 -996
 -1674 1674
 241.1 -241.1
 3129 -3129
 4224 -4224
 2712 -2712
 -1033 1033
 1283 -1283
 185.2 -185.2
 -2231 2231
 3015 -3015
 2691 -2691
 3714 -3714
 -4092 4092
 -2183 2183
 2029 -2029
 860.1 -860.1
 4769 -4769
 1580 -1580
 -6543 6543
 -4186 4186
 -974.2 974.2
 -750.2 750.2
 -4972 4972
 720.1 -720.1
 965.8 -965.8
 771.5 -771.5
 1339 -1339
 -1732 1732
 5239 -5239
 7394 -7394
 -2963 2963
 -3330 3330
 -2799 2799
 3608 -3608
 318.8 -318.8
 -552.7 552.7
 -3243 3243
 -2658 2658
 1534 -1534
 -4879 4879
 5303 -5303
 -7220 7220
 2898 -2898
 -4468 4468
 1211 -1211
 5759 -5759
 -6496 6496
 -2105 2105
 -4677 4677
 1273 -1273
 -2340 2340
 -4094 4094
 297.8 -297.8
 876.6 -876.6
 1393 -1393
 -2065 2065
 -2182 2182
 1913 -1913
 5800 -5800
 4895 -4895
 1192 -1192
 -2652 2652
 1.259e+04 -1.259e+04
 -6358 6358
 -2577 2577
 -460.6 460.6
 -4241 4241
 -859 859
 -1051 1051
 -1575 1575
 -1590 1590
 -2640 2640
 2003 -2003
 -1726 1726
 2608 -2608
 -4140 4140
 -1216 1216
 693 -693
 -1168 1168
 1393 -1393
 -240 240
 1161 -1161
 -761.2 761.2
 3611 -3611
 -3204 3204
 2575 -2575
 -3266 3266
 -1389 1389
 -6085 6085
 5607 -5607
 977.6 -977.6
 1986 -1986
 3629 -3629
 482.5 -482.5
 1124 -1124
 397.9 -397.9
 346.5 -346.5
 -7352 7352
 -3642 3642
 -1801 1801
 2053 -2053
 1931 -1931
 -4057 4057
 -6261 6261
 -2904 2904
 5387 -5387
 176.6 -176.6
 -5965 5965
 -2956 2956
 -2241 2241
 -471.8 471.8
 -2676 2676
 2945 -2945
 -2659 2659
 629.7 -629.7
 1010 -1010
 -7336 7336
 459.5 -459.5
 5689 -5689
 2158 -2158
 -400.5 400.5
 -1161 1161
 5809 -5809
 2546 -2546
 3169 -3169
 -1455 1455
 -846.8 846.8
 7763 -7763
 825.5 -825.5
 -5914 5914
 -2322 2322
 1713 -1713
 1193 -1193
 570.7 -570.7
 -2866 2866
 -2598 2598
 -1695 1695
 -2182 2182
 5919 -5919
 7091 -7091
 -3586 3586
 252.7 -252.7
 181.4 -181.4
 -2312 2312
 -69.25 69.25
 -6097 6097
 -7856 7856
 1811 -1811
 6065 -6065
 2910 -2910
 664.2 -664.2
 -961.1 961.1
 -1955 1955
 323.6 -323.6
 3998 -3998
 -635.2 635.2
 -4058 4058
 4658 -4658
 -1718 1718
 -5808 5808
 -3262 3262
 -2974 2974
 658 -658
 -717.2 717.2
 1403 -1403
 1.12e+04 -1.12e+04
 -7915 7915
 -473.6 473.6
 5610 -5610
 -6138 6138
 2850 -2850
 -418.4 418.4
 -1664 1664
 -1952 1952
 3903 -3903
 3141 -3141
 987 -987
 -931.3 931.3
 1817 -1817
 2528 -2528
 996 -996
 127.7 -127.7
 3970 -3970
 423.9 -423.9
 497 -497
 -4506 4506
 1611 -1611
 -2036 2036
 2922 -2922
 1794 -1794
 -7388 7388
 433.1 -433.1
 -2214 2214
 -5094 5094
 -1153 1153
 1958 -1958
 -2364 2364
 4741 -4741
 -560.9 560.9
 -397.9 397.9
 -3719 3719
 7017 -7017
 -161.7 161.7
 -143.4 143.4
 -2855 2855
 -716.3 716.3
 1874 -1874
 2835 -2835
 2135 -2135
 -3906 3906
 -3276 3276
 5004 -5004
 2148 -2148
 1339 -1339
 -1844 1844
 -209.6 209.6
 194 -194
 354.3 -354.3
 -5070 5070
 412.4 -412.4
 424.3 -424.3
 2875 -2875
 -5112 5112
 1767 -1767
 4008 -4008
 -1977 1977
 4220 -4220
 -2003 2003
 2659 -2659
 56.62 -56.62
 -2860 2860
 4539 -4539
 -5842 5842
 -7913 7913
 -5985 5985
 2308 -2308
 -1456 1456
 -820.4 820.4
 -7602 7602
 5667 -5667
 -1328 1328
 1696 -1696
 872.9 -872.9
 -2219 2219
 -513.4 513.4
 325.2 -325.2
 -1455 1455
 4451 -4451
 -4307 4307
 -4746 4746
 771 -771
 -2074 2074
 3011 -3011
 -4311 4311
 -5330 5330
 12.42 -12.42
 4654 -4654
 728.9 -728.9
 1560 -1560
 -1735 1735
 -7947 7947
 874.4 -874.4
 5177 -5177
 -3122 3122
 469.1 -469.1
 2253 -2253
 -993.4 993.4
 6140 -6140
 -1429 1429
 513.1 -513.1
 -721.6 721.6
 -4720 4720
 -535 535
 -7825 7825
 3901 -3901
 -3361 3361
 -811 811
 769.1 -769.1
 -1789 1789
 2320 -2320
 1454 -1454
 223 -223
 -3089 3089
 -2375 2375
 -1098 1098
 4286 -4286
 -8897 8897
 -625 625
 186.3 -186.3
 -3398 3398
 -1311 1311
 -1206 1206
 6866 -6866
 2239 -2239
 -417.1 417.1
 -3292 3292
 -4590 4590
 2762 -2762
 -1902 1902
 -994.8 994.8
 -2184 2184
 3173 -3173
 1.144e+04 -1.144e+04
 -3032 3032
 398.8 -398.8
 2946 -2946
 1682 -1682
 -7887 7887
 -901.1 901.1
 5745 -5745
 -579.6 579.6
 1405 -1405
 -3260 3260
 -3097 3097
 -2584 2584
 -1782 1782
 -1512 1512
 -1422 1422
 540.1 -540.1
 1015 -1015
 1080 -1080
 -1570 1570
 -992.6 992.6
 -2117 2117
 -1089 1089
 2604 -2604
 -4573 4573
 -3100 3100
 6405 -6405
 -2422 2422
 -1666 1666
 -1085 1085
 3574 -3574
 2420 -2420
 912.6 -912.6
 -1533 1533
 -825 825
 1925 -1925
 -4347 4347
 4505 -4505
 2556 -2556
 -3053 3053
 -2537 2537
 -5854 5854
 3098 -3098
 2834 -2834
 -1494 1494
 2163 -2163
 2199 -2199
 -4029 4029
 2696 -2696
 -45.23 45.23
 -598.3 598.3
 -5101 5101
 -2607 2607
 -4162 4162
 1753 -1753
 -1049 1049
 -2240 2240
 -3724 3724
 3135 -3135
 -796.4 796.4
 -460.1 460.1
 -3352 3352
 -5360 5360
 3217 -3217
 -1025 1025
 -1260 1260
 -471.8 471.8
 2564 -2564
 556.7 -556.7
 31.57 -31.57
 4255 -4255
 2940 -2940
 1262 -1262
 2512 -2512
 2003 -2003
 -5405 5405
 2679 -2679
 -2333 2333
 -638.5 638.5
 249.1 -249.1
 6623 -6623
 617.7 -617.7
 -2303 2303
 4427 -4427
 9331 -9331
 6659 -6659
 4720 -4720
 1593 -1593
 -860.2 860.2
 -312.6 312.6
 -2052 2052
 7234 -7234
 -6346 6346
 -1518 1518
 1250 -1250
 -3323 3323
 -3313 3313
 1024 -1024
 -1901 1901
 -896.2 896.2
 5619 -5619
 1944 -1944
 4456 -4456
 -1136 1136
 -2692 2692
 -6476 6476
 919.9 -919.9
 -3206 3206
 -6953 6953
 -5821 5821
 -1825 1825
 71.38 -71.38
 -1009 1009
 -3657 3657
 -1570 1570
 -4136 4136
 -788.2 788.2
 2439 -2439
 -2163 2163
 -4303 4303
 872.6 -872.6
 -2451 2451
 2391 -2391
 1442 -1442
 5740 -5740
 -4712 4712
 -463 463
 4393 -4393
 -1308 1308
 -1186 1186
 1703 -1703
 -908.1 908.1
 -745.4 745.4
 -596.2 596.2
 -1792 1792
 3342 -3342
 -4952 4952
 -1215 1215
 1954 -1954
 1508 -1508
 -538.6 538.6
 -77.15 77.15
 5321 -5321
 -4742 4742
 1212 -1212
 6949 -6949
 5438 -5438
 -139.4 139.4
 -5648 5648
 2800 -2800
 -2992 2992
 3794 -3794
 -5033 5033
 4612 -4612
 -4987 4987
 465.3 -465.3
 -3562 3562
 1887 -1887
 3701 -3701
 -4062 4062
 2725 -2725
