# Created by Octave 5.2.0, Thu Sep 24 16:38:41 2020 CEST <jiwidi@land>
# name: w
# type: matrix
# rows: 1281
# columns: 2
 120 -120
 -2.129e+04 2.129e+04
 -4.758e+04 4.758e+04
 1.655e+04 -1.655e+04
 -2.683e+04 2.683e+04
 1.512e+04 -1.512e+04
 -3402 3402
 1.027e+05 -1.027e+05
 7.96e+04 -7.96e+04
 4.851e+04 -4.851e+04
 5.537e+04 -5.537e+04
 -3.838e+04 3.838e+04
 -1.947e+04 1.947e+04
 -8.621e+04 8.621e+04
 3.26e+04 -3.26e+04
 3.108e+04 -3.108e+04
 2.854e+04 -2.854e+04
 9542 -9542
 -2.454e+04 2.454e+04
 3.373e+04 -3.373e+04
 -1.149e+04 1.149e+04
 -3.125e+04 3.125e+04
 -4.261e+04 4.261e+04
 -1996 1996
 2.167e+04 -2.167e+04
 -2.176e+04 2.176e+04
 -3.732e+04 3.732e+04
 -3.606e+04 3.606e+04
 -4149 4149
 2.295e+04 -2.295e+04
 -3.787e+04 3.787e+04
 7586 -7586
 9.12e+04 -9.12e+04
 -1.277e+04 1.277e+04
 -4.043e+04 4.043e+04
 18.78 -18.78
 -5574 5574
 -2.365e+04 2.365e+04
 -4.894e+04 4.894e+04
 9.661e+04 -9.661e+04
 2.672e+04 -2.672e+04
 -1.801e+04 1.801e+04
 -4926 4926
 -1030 1030
 -8.256e+04 8.256e+04
 -2.26e+04 2.26e+04
 1.622e+04 -1.622e+04
 2.451e+04 -2.451e+04
 -5581 5581
 -3.073e+04 3.073e+04
 -3.074e+04 3.074e+04
 -8246 8246
 3140 -3140
 3.36e+04 -3.36e+04
 1.003e+05 -1.003e+05
 1.308e+04 -1.308e+04
 -2.596e+04 2.596e+04
 6.249e+04 -6.249e+04
 1.487e+04 -1.487e+04
 3912 -3912
 -4.292e+04 4.292e+04
 37.25 -37.25
 4912 -4912
 -5.985e+04 5.985e+04
 -1.99e+04 1.99e+04
 -4.186e+04 4.186e+04
 8695 -8695
 -1.222e+04 1.222e+04
 -6270 6270
 9.209e+04 -9.209e+04
 3.608e+04 -3.608e+04
 -1880 1880
 6429 -6429
 1.075e+04 -1.075e+04
 -2.972e+04 2.972e+04
 -1.24e+04 1.24e+04
 7.328e+04 -7.328e+04
 5.86e+04 -5.86e+04
 1.883e+04 -1.883e+04
 2.556e+04 -2.556e+04
 1.71e+04 -1.71e+04
 -6424 6424
 -1.301e+04 1.301e+04
 7153 -7153
 -3.268e+04 3.268e+04
 7266 -7266
 3901 -3901
 3.276e+04 -3.276e+04
 -3.792e+04 3.792e+04
 1.84e+04 -1.84e+04
 -2.178e+04 2.178e+04
 3493 -3493
 -3.516e+04 3.516e+04
 5904 -5904
 -3.703e+04 3.703e+04
 2.451e+04 -2.451e+04
 2.627e+04 -2.627e+04
 -2.67e+04 2.67e+04
 -4792 4792
 2.828e+04 -2.828e+04
 -6256 6256
 6363 -6363
 -8285 8285
 -1.358e+04 1.358e+04
 -3.393e+04 3.393e+04
 6.596e+04 -6.596e+04
 1.609e+04 -1.609e+04
 -1.255e+04 1.255e+04
 -1.322e+04 1.322e+04
 -2494 2494
 -6.64e+04 6.64e+04
 -4005 4005
 3829 -3829
 -1244 1244
 -5.025e+04 5.025e+04
 -7387 7387
 2.135e+04 -2.135e+04
 -3.17e+04 3.17e+04
 -1645 1645
 1.444e+04 -1.444e+04
 2924 -2924
 1.419e+04 -1.419e+04
 -1.766e+04 1.766e+04
 5.397e+04 -5.397e+04
 -4166 4166
 -2.757e+04 2.757e+04
 2.725e+04 -2.725e+04
 2.774e+04 -2.774e+04
 1.868e+04 -1.868e+04
 6017 -6017
 5264 -5264
 2.116e+04 -2.116e+04
 1.194e+04 -1.194e+04
 -6664 6664
 -1.192e+04 1.192e+04
 -6414 6414
 -4548 4548
 1.001e+04 -1.001e+04
 2.441e+04 -2.441e+04
 2.009e+04 -2.009e+04
 2.034e+04 -2.034e+04
 9967 -9967
 -1.787e+04 1.787e+04
 -3.445e+04 3.445e+04
 -2.906e+04 2.906e+04
 -2.297e+04 2.297e+04
 -3373 3373
 3.689e+04 -3.689e+04
 5.224e+04 -5.224e+04
 2.455e+04 -2.455e+04
 8.994e+04 -8.994e+04
 3.123e+04 -3.123e+04
 3.323e+04 -3.323e+04
 3.443e+04 -3.443e+04
 4.427e+04 -4.427e+04
 5049 -5049
 -1.703e+04 1.703e+04
 2.16e+04 -2.16e+04
 2.313e+04 -2.313e+04
 -4.221e+04 4.221e+04
 -87.3 87.3
 -2.019e+04 2.019e+04
 -1.258e+05 1.258e+05
 1.148e+04 -1.148e+04
 -1.279e+04 1.279e+04
 499.8 -499.8
 -1.933e+04 1.933e+04
 -3.088e+04 3.088e+04
 9960 -9960
 -1.674e+04 1.674e+04
 2411 -2411
 3.129e+04 -3.129e+04
 4.224e+04 -4.224e+04
 2.712e+04 -2.712e+04
 -1.033e+04 1.033e+04
 1.283e+04 -1.283e+04
 1852 -1852
 -2.231e+04 2.231e+04
 3.015e+04 -3.015e+04
 2.691e+04 -2.691e+04
 3.714e+04 -3.714e+04
 -4.092e+04 4.092e+04
 -2.183e+04 2.183e+04
 2.029e+04 -2.029e+04
 8601 -8601
 4.769e+04 -4.769e+04
 1.58e+04 -1.58e+04
 -6.543e+04 6.543e+04
 -4.186e+04 4.186e+04
 -9742 9742
 -7502 7502
 -4.972e+04 4.972e+04
 7201 -7201
 9658 -9658
 7715 -7715
 1.339e+04 -1.339e+04
 -1.732e+04 1.732e+04
 5.239e+04 -5.239e+04
 7.394e+04 -7.394e+04
 -2.963e+04 2.963e+04
 -3.33e+04 3.33e+04
 -2.799e+04 2.799e+04
 3.608e+04 -3.608e+04
 3188 -3188
 -5527 5527
 -3.243e+04 3.243e+04
 -2.658e+04 2.658e+04
 1.534e+04 -1.534e+04
 -4.879e+04 4.879e+04
 5.303e+04 -5.303e+04
 -7.22e+04 7.22e+04
 2.898e+04 -2.898e+04
 -4.468e+04 4.468e+04
 1.211e+04 -1.211e+04
 5.759e+04 -5.759e+04
 -6.496e+04 6.496e+04
 -2.105e+04 2.105e+04
 -4.677e+04 4.677e+04
 1.273e+04 -1.273e+04
 -2.34e+04 2.34e+04
 -4.094e+04 4.094e+04
 2978 -2978
 8766 -8766
 1.393e+04 -1.393e+04
 -2.065e+04 2.065e+04
 -2.182e+04 2.182e+04
 1.913e+04 -1.913e+04
 5.8e+04 -5.8e+04
 4.895e+04 -4.895e+04
 1.192e+04 -1.192e+04
 -2.652e+04 2.652e+04
 1.259e+05 -1.259e+05
 -6.358e+04 6.358e+04
 -2.577e+04 2.577e+04
 -4606 4606
 -4.241e+04 4.241e+04
 -8590 8590
 -1.051e+04 1.051e+04
 -1.575e+04 1.575e+04
 -1.59e+04 1.59e+04
 -2.64e+04 2.64e+04
 2.003e+04 -2.003e+04
 -1.726e+04 1.726e+04
 2.608e+04 -2.608e+04
 -4.14e+04 4.14e+04
 -1.216e+04 1.216e+04
 6930 -6930
 -1.168e+04 1.168e+04
 1.393e+04 -1.393e+04
 -2400 2400
 1.161e+04 -1.161e+04
 -7612 7612
 3.611e+04 -3.611e+04
 -3.204e+04 3.204e+04
 2.575e+04 -2.575e+04
 -3.266e+04 3.266e+04
 -1.389e+04 1.389e+04
 -6.085e+04 6.085e+04
 5.607e+04 -5.607e+04
 9776 -9776
 1.986e+04 -1.986e+04
 3.629e+04 -3.629e+04
 4825 -4825
 1.124e+04 -1.124e+04
 3979 -3979
 3465 -3465
 -7.352e+04 7.352e+04
 -3.642e+04 3.642e+04
 -1.801e+04 1.801e+04
 2.053e+04 -2.053e+04
 1.931e+04 -1.931e+04
 -4.057e+04 4.057e+04
 -6.261e+04 6.261e+04
 -2.904e+04 2.904e+04
 5.387e+04 -5.387e+04
 1766 -1766
 -5.965e+04 5.965e+04
 -2.956e+04 2.956e+04
 -2.241e+04 2.241e+04
 -4718 4718
 -2.676e+04 2.676e+04
 2.945e+04 -2.945e+04
 -2.659e+04 2.659e+04
 6297 -6297
 1.01e+04 -1.01e+04
 -7.336e+04 7.336e+04
 4595 -4595
 5.689e+04 -5.689e+04
 2.158e+04 -2.158e+04
 -4005 4005
 -1.161e+04 1.161e+04
 5.809e+04 -5.809e+04
 2.546e+04 -2.546e+04
 3.169e+04 -3.169e+04
 -1.455e+04 1.455e+04
 -8468 8468
 7.763e+04 -7.763e+04
 8255 -8255
 -5.914e+04 5.914e+04
 -2.322e+04 2.322e+04
 1.713e+04 -1.713e+04
 1.193e+04 -1.193e+04
 5707 -5707
 -2.866e+04 2.866e+04
 -2.598e+04 2.598e+04
 -1.695e+04 1.695e+04
 -2.182e+04 2.182e+04
 5.919e+04 -5.919e+04
 7.091e+04 -7.091e+04
 -3.586e+04 3.586e+04
 2527 -2527
 1814 -1814
 -2.312e+04 2.312e+04
 -692.5 692.5
 -6.097e+04 6.097e+04
 -7.856e+04 7.856e+04
 1.811e+04 -1.811e+04
 6.065e+04 -6.065e+04
 2.91e+04 -2.91e+04
 6642 -6642
 -9611 9611
 -1.955e+04 1.955e+04
 3236 -3236
 3.998e+04 -3.998e+04
 -6352 6352
 -4.058e+04 4.058e+04
 4.658e+04 -4.658e+04
 -1.718e+04 1.718e+04
 -5.808e+04 5.808e+04
 -3.262e+04 3.262e+04
 -2.974e+04 2.974e+04
 6580 -6580
 -7172 7172
 1.403e+04 -1.403e+04
 1.12e+05 -1.12e+05
 -7.915e+04 7.915e+04
 -4736 4736
 5.61e+04 -5.61e+04
 -6.138e+04 6.138e+04
 2.85e+04 -2.85e+04
 -4184 4184
 -1.664e+04 1.664e+04
 -1.952e+04 1.952e+04
 3.903e+04 -3.903e+04
 3.141e+04 -3.141e+04
 9870 -9870
 -9313 9313
 1.817e+04 -1.817e+04
 2.528e+04 -2.528e+04
 9960 -9960
 1277 -1277
 3.97e+04 -3.97e+04
 4239 -4239
 4970 -4970
 -4.506e+04 4.506e+04
 1.611e+04 -1.611e+04
 -2.036e+04 2.036e+04
 2.922e+04 -2.922e+04
 1.794e+04 -1.794e+04
 -7.388e+04 7.388e+04
 4331 -4331
 -2.214e+04 2.214e+04
 -5.094e+04 5.094e+04
 -1.153e+04 1.153e+04
 1.958e+04 -1.958e+04
 -2.364e+04 2.364e+04
 4.741e+04 -4.741e+04
 -5609 5609
 -3979 3979
 -3.719e+04 3.719e+04
 7.017e+04 -7.017e+04
 -1617 1617
 -1434 1434
 -2.855e+04 2.855e+04
 -7163 7163
 1.874e+04 -1.874e+04
 2.835e+04 -2.835e+04
 2.135e+04 -2.135e+04
 -3.906e+04 3.906e+04
 -3.276e+04 3.276e+04
 5.004e+04 -5.004e+04
 2.148e+04 -2.148e+04
 1.339e+04 -1.339e+04
 -1.844e+04 1.844e+04
 -2096 2096
 1940 -1940
 3543 -3543
 -5.07e+04 5.07e+04
 4124 -4124
 4243 -4243
 2.875e+04 -2.875e+04
 -5.112e+04 5.112e+04
 1.767e+04 -1.767e+04
 4.008e+04 -4.008e+04
 -1.977e+04 1.977e+04
 4.22e+04 -4.22e+04
 -2.003e+04 2.003e+04
 2.659e+04 -2.659e+04
 566.2 -566.2
 -2.86e+04 2.86e+04
 4.539e+04 -4.539e+04
 -5.842e+04 5.842e+04
 -7.913e+04 7.913e+04
 -5.985e+04 5.985e+04
 2.308e+04 -2.308e+04
 -1.456e+04 1.456e+04
 -8204 8204
 -7.602e+04 7.602e+04
 5.667e+04 -5.667e+04
