# Created by Octave 5.2.0, Thu Sep 24 16:38:12 2020 CEST <jiwidi@land>
# name: w
# type: matrix
# rows: 1281
# columns: 2
 16 -16
 -1824 1824
 -4837 4837
 1939 -1939
 -2632 2632
 1564 -1564
 -781.8 781.8
 1.095e+04 -1.095e+04
 8360 -8360
 5188 -5188
 5659 -5659
 -3962 3962
 -1809 1809
 -9531 9531
 3415 -3415
 2540 -2540
 3634 -3634
 1217 -1217
 -2152 2152
 3562 -3562
 -1841 1841
 -3195 3195
 -4898 4898
 486.9 -486.9
 1861 -1861
 -1859 1859
 -3795 3795
 -3472 3472
 -411.9 411.9
 2327 -2327
 -3320 3320
 402.2 -402.2
 9157 -9157
 -1956 1956
 -4207 4207
 76.78 -76.78
 -428.9 428.9
 -2265 2265
 -4518 4518
 9493 -9493
 1834 -1834
 -1312 1312
 -391.3 391.3
 192.8 -192.8
 -8266 8266
 -2710 2710
 1932 -1932
 2113 -2113
 -864.5 864.5
 -3234 3234
 -3006 3006
 -1095 1095
 62.97 -62.97
 4134 -4134
 9843 -9843
 1182 -1182
 -3298 3298
 6653 -6653
 1151 -1151
 353.7 -353.7
 -4209 4209
 -383.2 383.2
 613.8 -613.8
 -6274 6274
 -2215 2215
 -5164 5164
 812.2 -812.2
 -1572 1572
 -555.3 555.3
 9688 -9688
 4220 -4220
 -470.9 470.9
 745.3 -745.3
 631.6 -631.6
 -3268 3268
 -1410 1410
 7656 -7656
 5706 -5706
 1967 -1967
 2213 -2213
 1852 -1852
 -923.6 923.6
 -1095 1095
 921.9 -921.9
 -3014 3014
 195.2 -195.2
 205.8 -205.8
 2771 -2771
 -3751 3751
 1922 -1922
 -2287 2287
 -44.32 44.32
 -2679 2679
 157.3 -157.3
 -3366 3366
 2314 -2314
 2161 -2161
 -2533 2533
 181.2 -181.2
 3323 -3323
 -359.6 359.6
 858 -858
 -1122 1122
 -1559 1559
 -3851 3851
 6158 -6158
 1297 -1297
 -1618 1618
 -1582 1582
 -87.58 87.58
 -7188 7188
 -347.4 347.4
 686.3 -686.3
 260.9 -260.9
 -5702 5702
 -186.4 186.4
 1982 -1982
 -3269 3269
 125.4 -125.4
 1450 -1450
 643.4 -643.4
 1363 -1363
 -1822 1822
 5447 -5447
 -643.7 643.7
 -2444 2444
 2193 -2193
 2656 -2656
 2192 -2192
 586.4 -586.4
 318.6 -318.6
 2026 -2026
 1477 -1477
 -355 355
 -1191 1191
 -152.5 152.5
 -885.9 885.9
 436.9 -436.9
 2893 -2893
 1507 -1507
 2069 -2069
 768.6 -768.6
 -1807 1807
 -3186 3186
 -2570 2570
 -3205 3205
 -114.6 114.6
 3787 -3787
 5581 -5581
 3019 -3019
 8967 -8967
 3364 -3364
 3633 -3633
 3393 -3393
 4306 -4306
 382.2 -382.2
 -1841 1841
 1835 -1835
 2258 -2258
 -4175 4175
 438.7 -438.7
 -2484 2484
 -1.258e+04 1.258e+04
 1242 -1242
 -1311 1311
 530.9 -530.9
 -1607 1607
 -3021 3021
 540.9 -540.9
 -2065 2065
 211.8 -211.8
 2916 -2916
 4446 -4446
 2976 -2976
 -1762 1762
 896.6 -896.6
 -58.85 58.85
 -1434 1434
 3109 -3109
 2588 -2588
 3725 -3725
 -4367 4367
 -2340 2340
 2576 -2576
 1296 -1296
 4421 -4421
 1435 -1435
 -6433 6433
 -4037 4037
 -649.9 649.9
 -1104 1104
 -5018 5018
 189.4 -189.4
 1060 -1060
 699.8 -699.8
 1732 -1732
 -2331 2331
 5515 -5515
 7454 -7454
 -3371 3371
 -3249 3249
 -2439 2439
 4137 -4137
 479.1 -479.1
 -26.54 26.54
 -2637 2637
 -2750 2750
 1923 -1923
 -4920 4920
 5862 -5862
 -6726 6726
 3519 -3519
 -4949 4949
 925.8 -925.8
 5753 -5753
 -6644 6644
 -2006 2006
 -5056 5056
 2077 -2077
 -2512 2512
 -4362 4362
 372.3 -372.3
 1168 -1168
 1508 -1508
 -1973 1973
 -1985 1985
 1639 -1639
 5982 -5982
 5073 -5073
 1430 -1430
 -2641 2641
 1.282e+04 -1.282e+04
 -6389 6389
 -2939 2939
 -114.9 114.9
 -4492 4492
 -54.33 54.33
 -1030 1030
 -1603 1603
 -1459 1459
 -2827 2827
 2065 -2065
 -1947 1947
 2543 -2543
 -4548 4548
 -1557 1557
 794.8 -794.8
 -1037 1037
 1670 -1670
 -561.5 561.5
 1338 -1338
 -643.7 643.7
 3438 -3438
 -3689 3689
 2722 -2722
 -3104 3104
 -1289 1289
 -6057 6057
 5427 -5427
 691.6 -691.6
 2369 -2369
 3864 -3864
 555 -555
 1264 -1264
 645.4 -645.4
 -51.73 51.73
 -7953 7953
 -3582 3582
 -1501 1501
 2380 -2380
 1888 -1888
 -4481 4481
 -6040 6040
 -3026 3026
 6145 -6145
 481.3 -481.3
 -5771 5771
 -3261 3261
 -2455 2455
 -819.4 819.4
 -2804 2804
 2857 -2857
 -3400 3400
 1263 -1263
 870.7 -870.7
 -7402 7402
 1560 -1560
 5670 -5670
 1622 -1622
 -710.8 710.8
 -1391 1391
 5613 -5613
 2484 -2484
 3047 -3047
 -1460 1460
 -1015 1015
 8016 -8016
 1249 -1249
 -6108 6108
 -1970 1970
 2283 -2283
 1319 -1319
 605.8 -605.8
 -3094 3094
 -3022 3022
 -1889 1889
 -2294 2294
 5946 -5946
 7452 -7452
 -3539 3539
 17.98 -17.98
 -208.5 208.5
 -2256 2256
 -24.25 24.25
 -5935 5935
 -8745 8745
 1800 -1800
 6064 -6064
 2818 -2818
 894.3 -894.3
 -1034 1034
 -2123 2123
 -90.57 90.57
 4028 -4028
 -792.4 792.4
 -4396 4396
 4904 -4904
 -1262 1262
 -5795 5795
 -3305 3305
 -2854 2854
 832.3 -832.3
 -1116 1116
 1478 -1478
 1.068e+04 -1.068e+04
 -8174 8174
 -230.1 230.1
 5809 -5809
 -6711 6711
 2619 -2619
 -271.4 271.4
 -1169 1169
 -2146 2146
 3651 -3651
 2982 -2982
 1254 -1254
 -521.5 521.5
 1948 -1948
 2842 -2842
 1427 -1427
 -187.5 187.5
 4331 -4331
 341.1 -341.1
 718 -718
 -4599 4599
 1412 -1412
 -2152 2152
 2740 -2740
 2039 -2039
 -7430 7430
 608.7 -608.7
 -1535 1535
 -5225 5225
 -1598 1598
 2368 -2368
 -2330 2330
 4411 -4411
 -404.6 404.6
 -399.7 399.7
 -3737 3737
 7160 -7160
 -113.7 113.7
 -272.3 272.3
 -2989 2989
 -474.8 474.8
 2032 -2032
 2915 -2915
 2113 -2113
 -3633 3633
 -2932 2932
 5226 -5226
 1371 -1371
 1652 -1652
 -2355 2355
 -0.7836 0.7836
 -204.3 204.3
 -43.79 43.79
 -5159 5159
 698.7 -698.7
 -634.7 634.7
 3277 -3277
 -5152 5152
 1509 -1509
 3968 -3968
 -1713 1713
 4720 -4720
 -2215 2215
 2472 -2472
 137.9 -137.9
 -3001 3001
 5322 -5322
 -5629 5629
 -7895 7895
 -5777 5777
 2192 -2192
 -1733 1733
 -1263 1263
 -7452 7452
 5744 -5744
 -1169 1169
 1841 -1841
 707.9 -707.9
 -2042 2042
 -650.7 650.7
 780.6 -780.6
 -2197 2197
 4674 -4674
 -4457 4457
 -4941 4941
 827.2 -827.2
 -1381 1381
 4006 -4006
 -4182 4182
 -5436 5436
 357.5 -357.5
 4555 -4555
 1052 -1052
 1306 -1306
 -2137 2137
 -8149 8149
 801 -801
 5422 -5422
 -3371 3371
 433 -433
 1823 -1823
 -1288 1288
 6493 -6493
 -1428 1428
 106.1 -106.1
 -435.3 435.3
 -4681 4681
 -795.2 795.2
 -7428 7428
 3716 -3716
 -2908 2908
 -415.8 415.8
 289.9 -289.9
 -1801 1801
 2626 -2626
 777.7 -777.7
 -138.4 138.4
 -3055 3055
 -2313 2313
 -1018 1018
 4683 -4683
 -9693 9693
 -980.8 980.8
 2.617 -2.617
 -2835 2835
 -1564 1564
 -1749 1749
 6697 -6697
 2300 -2300
 -387.4 387.4
 -3880 3880
 -4656 4656
 3338 -3338
 -2165 2165
 -1177 1177
 -2162 2162
 2767 -2767
 1.142e+04 -1.142e+04
 -3067 3067
 244.4 -244.4
 2443 -2443
 1813 -1813
 -7964 7964
 -260.3 260.3
 5479 -5479
 -597.8 597.8
 1638 -1638
 -3165 3165
 -2932 2932
 -2671 2671
 -1298 1298
 -1506 1506
 -1021 1021
 302 -302
 952.5 -952.5
 1349 -1349
 -1973 1973
 -915.4 915.4
 -2436 2436
 -2078 2078
 2561 -2561
 -4864 4864
 -3607 3607
 6909 -6909
 -2203 2203
 -2020 2020
 -1023 1023
 3467 -3467
 2488 -2488
 1048 -1048
 -1729 1729
 -754 754
 1922 -1922
 -3814 3814
 5089 -5089
 2646 -2646
 -3632 3632
 -2764 2764
 -5785 5785
 3370 -3370
 2963 -2963
 -1367 1367
 2048 -2048
 2689 -2689
 -3750 3750
 2639 -2639
 -179.7 179.7
 -934 934
 -5039 5039
 -3204 3204
 -4915 4915
 2161 -2161
 -408.1 408.1
 -2513 2513
 -3392 3392
 3665 -3665
 -1368 1368
 -512.3 512.3
 -2972 2972
 -5643 5643
 3379 -3379
 -773.8 773.8
 -1231 1231
 -968.1 968.1
 2287 -2287
 738.4 -738.4
 -367.5 367.5
 4513 -4513
 2819 -2819
 1554 -1554
 2519 -2519
 2178 -2178
 -5531 5531
 2735 -2735
 -2756 2756
 -721.2 721.2
 101.3 -101.3
 6342 -6342
 892.2 -892.2
 -1799 1799
 4373 -4373
 9221 -9221
 7204 -7204
 5071 -5071
 1976 -1976
 -746 746
 -229 229
 -2301 2301
 7092 -7092
 -5814 5814
 -632.8 632.8
 1349 -1349
 -2998 2998
 -3385 3385
 954 -954
 -1607 1607
 -995.6 995.6
 5845 -5845
 2035 -2035
 4347 -4347
 -1532 1532
 -2638 2638
 -6252 6252
 1391 -1391
 -3176 3176
 -7363 7363
 -6236 6236
 -1467 1467
 370 -370
 -1178 1178
 -3719 3719
 -1410 1410
 -4755 4755
 -796.5 796.5
 2430 -2430
 -2302 2302
 -4773 4773
 540.5 -540.5
 -2189 2189
 2361 -2361
 1824 -1824
 6179 -6179
 -5135 5135
 -779.9 779.9
 4453 -4453
 -967.2 967.2
 -739.3 739.3
 2205 -2205
 -1253 1253
 -989.6 989.6
 -452.6 452.6
 -1312 1312
 3765 -3765
 -5056 5056
 -1369 1369
 2241 -2241
 1156 -1156
 -943.6 943.6
 -94.51 94.51
 5094 -5094
 -4730 4730
 787.2 -787.2
 7142 -7142
 5961 -5961
 -171.7 171.7
 -5529 5529
 3354 -3354
 -2923 2923
 3720 -3720
 -4941 4941
 5195 -5195
 -5324 5324
 562.1 -562.1
 -3716 3716
 1596 -1596
 3773 -3773
 -4356 4356
 3030 -3030
