# Created by Octave 5.2.0, Thu Sep 24 16:39:10 2020 CEST <jiwidi@land>
# name: w
# type: matrix
# rows: 1281
# columns: 2
 160 -160
 -1.824e+04 1.824e+04
 -4.837e+04 4.837e+04
 1.939e+04 -1.939e+04
 -2.632e+04 2.632e+04
 1.564e+04 -1.564e+04
 -7818 7818
 1.095e+05 -1.095e+05
 8.36e+04 -8.36e+04
 5.188e+04 -5.188e+04
 5.659e+04 -5.659e+04
 -3.962e+04 3.962e+04
 -1.809e+04 1.809e+04
 -9.531e+04 9.531e+04
 3.415e+04 -3.415e+04
 2.54e+04 -2.54e+04
 3.634e+04 -3.634e+04
 1.217e+04 -1.217e+04
 -2.152e+04 2.152e+04
 3.562e+04 -3.562e+04
 -1.841e+04 1.841e+04
 -3.195e+04 3.195e+04
 -4.898e+04 4.898e+04
 4869 -4869
 1.861e+04 -1.861e+04
 -1.859e+04 1.859e+04
 -3.795e+04 3.795e+04
 -3.472e+04 3.472e+04
 -4119 4119
 2.327e+04 -2.327e+04
 -3.32e+04 3.32e+04
 4022 -4022
 9.157e+04 -9.157e+04
 -1.956e+04 1.956e+04
 -4.207e+04 4.207e+04
 767.8 -767.8
 -4289 4289
 -2.265e+04 2.265e+04
 -4.518e+04 4.518e+04
 9.493e+04 -9.493e+04
 1.834e+04 -1.834e+04
 -1.312e+04 1.312e+04
 -3913 3913
 1928 -1928
 -8.266e+04 8.266e+04
 -2.71e+04 2.71e+04
 1.932e+04 -1.932e+04
 2.113e+04 -2.113e+04
 -8645 8645
 -3.234e+04 3.234e+04
 -3.006e+04 3.006e+04
 -1.095e+04 1.095e+04
 629.7 -629.7
 4.134e+04 -4.134e+04
 9.843e+04 -9.843e+04
 1.182e+04 -1.182e+04
 -3.298e+04 3.298e+04
 6.653e+04 -6.653e+04
 1.151e+04 -1.151e+04
 3537 -3537
 -4.209e+04 4.209e+04
 -3832 3832
 6138 -6138
 -6.274e+04 6.274e+04
 -2.215e+04 2.215e+04
 -5.164e+04 5.164e+04
 8122 -8122
 -1.572e+04 1.572e+04
 -5553 5553
 9.688e+04 -9.688e+04
 4.22e+04 -4.22e+04
 -4709 4709
 7453 -7453
 6316 -6316
 -3.268e+04 3.268e+04
 -1.41e+04 1.41e+04
 7.656e+04 -7.656e+04
 5.706e+04 -5.706e+04
 1.967e+04 -1.967e+04
 2.213e+04 -2.213e+04
 1.852e+04 -1.852e+04
 -9236 9236
 -1.095e+04 1.095e+04
 9219 -9219
 -3.014e+04 3.014e+04
 1952 -1952
 2058 -2058
 2.771e+04 -2.771e+04
 -3.751e+04 3.751e+04
 1.922e+04 -1.922e+04
 -2.287e+04 2.287e+04
 -443.2 443.2
 -2.679e+04 2.679e+04
 1573 -1573
 -3.366e+04 3.366e+04
 2.314e+04 -2.314e+04
 2.161e+04 -2.161e+04
 -2.533e+04 2.533e+04
 1812 -1812
 3.323e+04 -3.323e+04
 -3596 3596
 8580 -8580
 -1.122e+04 1.122e+04
 -1.559e+04 1.559e+04
 -3.851e+04 3.851e+04
 6.158e+04 -6.158e+04
 1.297e+04 -1.297e+04
 -1.618e+04 1.618e+04
 -1.582e+04 1.582e+04
 -875.8 875.8
 -7.188e+04 7.188e+04
 -3474 3474
 6863 -6863
 2609 -2609
 -5.702e+04 5.702e+04
 -1864 1864
 1.982e+04 -1.982e+04
 -3.269e+04 3.269e+04
 1254 -1254
 1.45e+04 -1.45e+04
 6434 -6434
 1.363e+04 -1.363e+04
 -1.822e+04 1.822e+04
 5.447e+04 -5.447e+04
 -6437 6437
 -2.444e+04 2.444e+04
 2.193e+04 -2.193e+04
 2.656e+04 -2.656e+04
 2.192e+04 -2.192e+04
 5864 -5864
 3186 -3186
 2.026e+04 -2.026e+04
 1.477e+04 -1.477e+04
 -3550 3550
 -1.191e+04 1.191e+04
 -1525 1525
 -8859 8859
 4369 -4369
 2.893e+04 -2.893e+04
 1.507e+04 -1.507e+04
 2.069e+04 -2.069e+04
 7686 -7686
 -1.807e+04 1.807e+04
 -3.186e+04 3.186e+04
 -2.57e+04 2.57e+04
 -3.205e+04 3.205e+04
 -1146 1146
 3.787e+04 -3.787e+04
 5.581e+04 -5.581e+04
 3.019e+04 -3.019e+04
 8.967e+04 -8.967e+04
 3.364e+04 -3.364e+04
 3.633e+04 -3.633e+04
 3.393e+04 -3.393e+04
 4.306e+04 -4.306e+04
 3822 -3822
 -1.841e+04 1.841e+04
 1.835e+04 -1.835e+04
 2.258e+04 -2.258e+04
 -4.175e+04 4.175e+04
 4387 -4387
 -2.484e+04 2.484e+04
 -1.258e+05 1.258e+05
 1.242e+04 -1.242e+04
 -1.311e+04 1.311e+04
 5309 -5309
 -1.607e+04 1.607e+04
 -3.021e+04 3.021e+04
 5409 -5409
 -2.065e+04 2.065e+04
 2118 -2118
 2.916e+04 -2.916e+04
 4.446e+04 -4.446e+04
 2.976e+04 -2.976e+04
 -1.762e+04 1.762e+04
 8966 -8966
 -588.5 588.5
 -1.434e+04 1.434e+04
 3.109e+04 -3.109e+04
 2.588e+04 -2.588e+04
 3.725e+04 -3.725e+04
 -4.367e+04 4.367e+04
 -2.34e+04 2.34e+04
 2.576e+04 -2.576e+04
 1.296e+04 -1.296e+04
 4.421e+04 -4.421e+04
 1.435e+04 -1.435e+04
 -6.433e+04 6.433e+04
 -4.037e+04 4.037e+04
 -6499 6499
 -1.104e+04 1.104e+04
 -5.018e+04 5.018e+04
 1894 -1894
 1.06e+04 -1.06e+04
 6998 -6998
 1.732e+04 -1.732e+04
 -2.331e+04 2.331e+04
 5.515e+04 -5.515e+04
 7.454e+04 -7.454e+04
 -3.371e+04 3.371e+04
 -3.249e+04 3.249e+04
 -2.439e+04 2.439e+04
 4.137e+04 -4.137e+04
 4791 -4791
 -265.4 265.4
 -2.637e+04 2.637e+04
 -2.75e+04 2.75e+04
 1.923e+04 -1.923e+04
 -4.92e+04 4.92e+04
 5.862e+04 -5.862e+04
 -6.726e+04 6.726e+04
 3.519e+04 -3.519e+04
 -4.949e+04 4.949e+04
 9258 -9258
 5.753e+04 -5.753e+04
 -6.644e+04 6.644e+04
 -2.006e+04 2.006e+04
 -5.056e+04 5.056e+04
 2.077e+04 -2.077e+04
 -2.512e+04 2.512e+04
 -4.362e+04 4.362e+04
 3723 -3723
 1.168e+04 -1.168e+04
 1.508e+04 -1.508e+04
 -1.973e+04 1.973e+04
 -1.985e+04 1.985e+04
 1.639e+04 -1.639e+04
 5.982e+04 -5.982e+04
 5.073e+04 -5.073e+04
 1.43e+04 -1.43e+04
 -2.641e+04 2.641e+04
 1.282e+05 -1.282e+05
 -6.389e+04 6.389e+04
 -2.939e+04 2.939e+04
 -1149 1149
 -4.492e+04 4.492e+04
 -543.3 543.3
 -1.03e+04 1.03e+04
 -1.603e+04 1.603e+04
 -1.459e+04 1.459e+04
 -2.827e+04 2.827e+04
 2.065e+04 -2.065e+04
 -1.947e+04 1.947e+04
 2.543e+04 -2.543e+04
 -4.548e+04 4.548e+04
 -1.557e+04 1.557e+04
 7948 -7948
 -1.037e+04 1.037e+04
 1.67e+04 -1.67e+04
 -5615 5615
 1.338e+04 -1.338e+04
 -6437 6437
 3.438e+04 -3.438e+04
 -3.689e+04 3.689e+04
 2.722e+04 -2.722e+04
 -3.104e+04 3.104e+04
 -1.289e+04 1.289e+04
 -6.057e+04 6.057e+04
 5.427e+04 -5.427e+04
 6916 -6916
 2.369e+04 -2.369e+04
 3.864e+04 -3.864e+04
 5550 -5550
 1.264e+04 -1.264e+04
 6454 -6454
 -517.3 517.3
 -7.953e+04 7.953e+04
 -3.582e+04 3.582e+04
 -1.501e+04 1.501e+04
 2.38e+04 -2.38e+04
 1.888e+04 -1.888e+04
 -4.481e+04 4.481e+04
 -6.04e+04 6.04e+04
 -3.026e+04 3.026e+04
 6.145e+04 -6.145e+04
 4813 -4813
 -5.771e+04 5.771e+04
 -3.261e+04 3.261e+04
 -2.455e+04 2.455e+04
 -8194 8194
 -2.804e+04 2.804e+04
 2.857e+04 -2.857e+04
 -3.4e+04 3.4e+04
 1.263e+04 -1.263e+04
 8707 -8707
 -7.402e+04 7.402e+04
 1.56e+04 -1.56e+04
 5.67e+04 -5.67e+04
 1.622e+04 -1.622e+04
 -7108 7108
 -1.391e+04 1.391e+04
 5.613e+04 -5.613e+04
 2.484e+04 -2.484e+04
 3.047e+04 -3.047e+04
 -1.46e+04 1.46e+04
 -1.015e+04 1.015e+04
 8.016e+04 -8.016e+04
 1.249e+04 -1.249e+04
 -6.108e+04 6.108e+04
 -1.97e+04 1.97e+04
 2.283e+04 -2.283e+04
 1.319e+04 -1.319e+04
 6058 -6058
 -3.094e+04 3.094e+04
 -3.022e+04 3.022e+04
 -1.889e+04 1.889e+04
 -2.294e+04 2.294e+04
 5.946e+04 -5.946e+04
 7.452e+04 -7.452e+04
 -3.539e+04 3.539e+04
 179.8 -179.8
 -2085 2085
 -2.256e+04 2.256e+04
 -242.5 242.5
 -5.935e+04 5.935e+04
 -8.745e+04 8.745e+04
 1.8e+04 -1.8e+04
 6.064e+04 -6.064e+04
 2.818e+04 -2.818e+04
 8943 -8943
 -1.034e+04 1.034e+04
 -2.123e+04 2.123e+04
 -905.7 905.7
 4.028e+04 -4.028e+04
 -7924 7924
 -4.396e+04 4.396e+04
 4.904e+04 -4.904e+04
 -1.262e+04 1.262e+04
 -5.795e+04 5.795e+04
 -3.305e+04 3.305e+04
 -2.854e+04 2.854e+04
 8323 -8323
 -1.116e+04 1.116e+04
 1.478e+04 -1.478e+04
 1.068e+05 -1.068e+05
 -8.174e+04 8.174e+04
 -2301 2301
 5.809e+04 -5.809e+04
 -6.711e+04 6.711e+04
 2.619e+04 -2.619e+04
 -2714 2714
 -1.169e+04 1.169e+04
 -2.146e+04 2.146e+04
 3.651e+04 -3.651e+04
 2.982e+04 -2.982e+04
 1.254e+04 -1.254e+04
 -5215 5215
 1.948e+04 -1.948e+04
 2.842e+04 -2.842e+04
 1.427e+04 -1.427e+04
 -1875 1875
 4.331e+04 -4.331e+04
 3411 -3411
 7180 -7180
 -4.599e+04 4.599e+04
 1.412e+04 -1.412e+04
 -2.152e+04 2.152e+04
 2.74e+04 -2.74e+04
 2.039e+04 -2.039e+04
 -7.43e+04 7.43e+04
 6087 -6087
 -1.535e+04 1.535e+04
 -5.225e+04 5.225e+04
 -1.598e+04 1.598e+04
 2.368e+04 -2.368e+04
 -2.33e+04 2.33e+04
 4.411e+04 -4.411e+04
 -4046 4046
 -3997 3997
 -3.737e+04 3.737e+04
 7.16e+04 -7.16e+04
 -1137 1137
 -2723 2723
 -2.989e+04 2.989e+04
 -4748 4748
 2.032e+04 -2.032e+04
 2.915e+04 -2.915e+04
 2.113e+04 -2.113e+04
 -3.633e+04 3.633e+04
 -2.932e+04 2.932e+04
 5.226e+04 -5.226e+04
 1.371e+04 -1.371e+04
 1.652e+04 -1.652e+04
 -2.355e+04 2.355e+04
 -7.836 7.836
 -2043 2043
 -437.9 437.9
 -5.159e+04 5.159e+04
 6987 -6987
 -6347 6347
 3.277e+04 -3.277e+04
 -5.152e+04 5.152e+04
 1.509e+04 -1.509e+04
 3.968e+04 -3.968e+04
 -1.713e+04 1.713e+04
 4.72e+04 -4.72e+04
 -2.215e+04 2.215e+04
 2.472e+04 -2.472e+04
 1379 -1379
 -3.001e+04 3.001e+04
 5.322e+04 -5.322e+04
 -5.629e+04 5.629e+04
 -7.895e+04 7.895e+04
