# Created by Octave 5.2.0, Thu Sep 24 16:37:24 2020 CEST <jiwidi@land>
# name: w
# type: matrix
# rows: 1281
# columns: 2
 1.3 -1.3
 -177.8 177.8
 -492.9 492.9
 137.2 -137.2
 -290.7 290.7
 209.8 -209.8
 -74.48 74.48
 1046 -1046
 828.8 -828.8
 439.3 -439.3
 588.8 -588.8
 -396 396
 -167 167
 -897.3 897.3
 231.5 -231.5
 270.9 -270.9
 279.7 -279.7
 143.9 -143.9
 -285.2 285.2
 400.8 -400.8
 -103.1 103.1
 -378.3 378.3
 -367.4 367.4
 78.58 -78.58
 193.8 -193.8
 -219.6 219.6
 -408.1 408.1
 -308.7 308.7
 -99.37 99.37
 259.2 -259.2
 -408.5 408.5
 -38.58 38.58
 922.2 -922.2
 -138.3 138.3
 -386.4 386.4
 87.45 -87.45
 -80.17 80.17
 -201.7 201.7
 -506.3 506.3
 876.3 -876.3
 239.5 -239.5
 -152.1 152.1
 -23.7 23.7
 57.68 -57.68
 -856.8 856.8
 -205.6 205.6
 210.6 -210.6
 229.2 -229.2
 3.907 -3.907
 -322.5 322.5
 -337.7 337.7
 35.41 -35.41
 -6.786 6.786
 436.3 -436.3
 932.6 -932.6
 96.94 -96.94
 -272.3 272.3
 637.7 -637.7
 54.25 -54.25
 37.3 -37.3
 -387.3 387.3
 -79.81 79.81
 141.5 -141.5
 -586.4 586.4
 -203.8 203.8
 -477.4 477.4
 117.7 -117.7
 -120.1 120.1
 37.15 -37.15
 959.9 -959.9
 360.4 -360.4
 -72.84 72.84
 90.48 -90.48
 61.54 -61.54
 -243.3 243.3
 -89.65 89.65
 637.4 -637.4
 536.2 -536.2
 210.1 -210.1
 239.8 -239.8
 185.6 -185.6
 -55.87 55.87
 -72.42 72.42
 7.555 -7.555
 -308.3 308.3
 42.74 -42.74
 15.1 -15.1
 264.4 -264.4
 -393.4 393.4
 194.2 -194.2
 -237.2 237.2
 40.64 -40.64
 -310.6 310.6
 17.79 -17.79
 -405.8 405.8
 346.7 -346.7
 151.8 -151.8
 -223 223
 -90.85 90.85
 376.5 -376.5
 -25.69 25.69
 78 -78
 -121.6 121.6
 -117.6 117.6
 -318.6 318.6
 674.4 -674.4
 212.7 -212.7
 -120.4 120.4
 -112 112
 -49.45 49.45
 -632.4 632.4
 -49.46 49.46
 75.75 -75.75
 -7.162 7.162
 -480.4 480.4
 -23.73 23.73
 230.8 -230.8
 -333 333
 9.163 -9.163
 181 -181
 60.23 -60.23
 101.7 -101.7
 -278.3 278.3
 647 -647
 -2.062 2.062
 -274.6 274.6
 283.4 -283.4
 319.9 -319.9
 134.4 -134.4
 22.66 -22.66
 -32.83 32.83
 143.1 -143.1
 34.28 -34.28
 -96.83 96.83
 -78.7 78.7
 -66.2 66.2
 -49.25 49.25
 -2.258 2.258
 251.5 -251.5
 114.3 -114.3
 160.4 -160.4
 137.4 -137.4
 -167 167
 -210.3 210.3
 -287.7 287.7
 -351.3 351.3
 36.07 -36.07
 309.6 -309.6
 495.6 -495.6
 150.6 -150.6
 972 -972
 324.3 -324.3
 491.5 -491.5
 421.7 -421.7
 395 -395
 69.15 -69.15
 -196.1 196.1
 192.9 -192.9
 210.4 -210.4
 -391.4 391.4
 97.87 -97.87
 -221.5 221.5
 -1228 1228
 151.1 -151.1
 -72.45 72.45
 51.14 -51.14
 -130 130
 -330.9 330.9
 15.02 -15.02
 -201.2 201.2
 19.97 -19.97
 302.3 -302.3
 429.2 -429.2
 249.7 -249.7
 -219 219
 63.47 -63.47
 88.68 -88.68
 -149.7 149.7
 302 -302
 204.4 -204.4
 360.1 -360.1
 -469.6 469.6
 -181.3 181.3
 207.7 -207.7
 110.8 -110.8
 334 -334
 142.6 -142.6
 -645.6 645.6
 -444.3 444.3
 -70.11 70.11
 -75.54 75.54
 -431.6 431.6
 51.69 -51.69
 93.31 -93.31
 82.87 -82.87
 152.5 -152.5
 -185.1 185.1
 575.5 -575.5
 708 -708
 -321.1 321.1
 -368.3 368.3
 -271.4 271.4
 349.8 -349.8
 22.33 -22.33
 33.63 -33.63
 -208.6 208.6
 -289.8 289.8
 83.74 -83.74
 -508 508
 637.3 -637.3
 -684.5 684.5
 344.4 -344.4
 -511.1 511.1
 179.5 -179.5
 559.5 -559.5
 -611.2 611.2
 -177.3 177.3
 -482.6 482.6
 114.1 -114.1
 -176.7 176.7
 -456.5 456.5
 10.72 -10.72
 107.2 -107.2
 164.6 -164.6
 -260.1 260.1
 -128.3 128.3
 191.2 -191.2
 519.3 -519.3
 492.9 -492.9
 123.7 -123.7
 -227.4 227.4
 1347 -1347
 -679.7 679.7
 -282.5 282.5
 -33.98 33.98
 -451.2 451.2
 27.47 -27.47
 -208.5 208.5
 -118.6 118.6
 -157.4 157.4
 -322.2 322.2
 122.6 -122.6
 -147.3 147.3
 277.3 -277.3
 -390.2 390.2
 -153.9 153.9
 86.07 -86.07
 -130.3 130.3
 161.1 -161.1
 -54.37 54.37
 139.3 -139.3
 -82.11 82.11
 378.2 -378.2
 -406.8 406.8
 198.4 -198.4
 -200.9 200.9
 -12.09 12.09
 -667.3 667.3
 549.3 -549.3
 72.43 -72.43
 300.1 -300.1
 322.5 -322.5
 18.04 -18.04
 89.56 -89.56
 36.77 -36.77
 31.57 -31.57
 -791 791
 -356 356
 -134.1 134.1
 219.8 -219.8
 214.1 -214.1
 -478.1 478.1
 -623.6 623.6
 -311.3 311.3
 530.6 -530.6
 136.5 -136.5
 -549.3 549.3
 -309.8 309.8
 -229.6 229.6
 -69.46 69.46
 -314.3 314.3
 289.8 -289.8
 -335.4 335.4
 80.87 -80.87
 160.1 -160.1
 -766.3 766.3
 84.61 -84.61
 481.9 -481.9
 201.5 -201.5
 -106.8 106.8
 -176.1 176.1
 364.3 -364.3
 189.4 -189.4
 247.8 -247.8
 -108 108
 -77.89 77.89
 814.5 -814.5
 55.61 -55.61
 -528.8 528.8
 -213.8 213.8
 183 -183
 188.7 -188.7
 72.55 -72.55
 -337.5 337.5
 -358.2 358.2
 -294.4 294.4
 -282.5 282.5
 534.2 -534.2
 711.5 -711.5
 -295.7 295.7
 36.79 -36.79
 -35.6 35.6
 -304.8 304.8
 -9.896 9.896
 -608.8 608.8
 -861.5 861.5
 132.5 -132.5
 593.5 -593.5
 252.6 -252.6
 52.09 -52.09
 -66.25 66.25
 -165.8 165.8
 -5.791 5.791
 398.5 -398.5
 -65.56 65.56
 -383.9 383.9
 533.5 -533.5
 -53.85 53.85
 -610.2 610.2
 -335.6 335.6
 -286.8 286.8
 21.26 -21.26
 -135.9 135.9
 167.2 -167.2
 1141 -1141
 -849.9 849.9
 -59 59
 546.2 -546.2
 -657.4 657.4
 261.2 -261.2
 42.71 -42.71
 -152.3 152.3
 -177.2 177.2
 389.4 -389.4
 298.7 -298.7
 71.26 -71.26
 -97.79 97.79
 173.7 -173.7
 285.3 -285.3
 197 -197
 -0.9178 0.9178
 415.4 -415.4
 33.91 -33.91
 123.5 -123.5
 -406.5 406.5
 81.08 -81.08
 -185.8 185.8
 228.4 -228.4
 197.6 -197.6
 -793.2 793.2
 55 -55
 -183.6 183.6
 -451.7 451.7
 -141.9 141.9
 193.4 -193.4
 -160 160
 394.6 -394.6
 -51.25 51.25
 -138.9 138.9
 -379.1 379.1
 741.9 -741.9
 -54.03 54.03
 -110.6 110.6
 -281.5 281.5
 8.883 -8.883
 185.3 -185.3
 325.8 -325.8
 93.43 -93.43
 -409.8 409.8
 -287.9 287.9
 488 -488
 244.9 -244.9
 174.2 -174.2
 -200.4 200.4
 -22.65 22.65
 -0.6769 0.6769
 52.45 -52.45
 -515.3 515.3
 54.67 -54.67
 -0.7066 0.7066
 265.8 -265.8
 -579.4 579.4
 235.8 -235.8
 480.2 -480.2
 -161.1 161.1
 425.3 -425.3
 -200.4 200.4
 249.6 -249.6
 50.4 -50.4
 -351.6 351.6
 459.5 -459.5
 -545.6 545.6
 -771 771
 -601.4 601.4
 193.5 -193.5
 -105.3 105.3
 -63.47 63.47
 -795.9 795.9
 615.6 -615.6
 -164.9 164.9
 111.3 -111.3
 27.32 -27.32
 -188.9 188.9
 -77.07 77.07
 159.9 -159.9
 -126.3 126.3
 425.3 -425.3
 -404.6 404.6
 -504.8 504.8
 50 -50
 -170.1 170.1
 403 -403
 -481.8 481.8
 -596.3 596.3
 3.779 -3.779
 416.8 -416.8
 155.8 -155.8
 107.2 -107.2
 -234.8 234.8
 -822.4 822.4
 145.4 -145.4
 507 -507
 -393.6 393.6
 -12.59 12.59
 263.7 -263.7
 -72.2 72.2
 674.2 -674.2
 -171.2 171.2
 91.38 -91.38
 -75.15 75.15
 -483.1 483.1
 -72.5 72.5
 -754.9 754.9
 292.2 -292.2
 -324.2 324.2
 -25.75 25.75
 49.46 -49.46
 -210.9 210.9
 278.4 -278.4
 217.8 -217.8
 -31.54 31.54
 -244 244
 -237.9 237.9
 -25.36 25.36
 462.9 -462.9
 -961.9 961.9
 -135.9 135.9
 59.44 -59.44
 -378 378
 -173.6 173.6
 -143.1 143.1
 681.6 -681.6
 148.9 -148.9
 39.92 -39.92
 -361.7 361.7
 -437.4 437.4
 258.1 -258.1
 -132.4 132.4
 -92.73 92.73
 -148.2 148.2
 309 -309
 1082 -1082
 -293.7 293.7
 38.54 -38.54
 246.2 -246.2
 198.7 -198.7
 -843.6 843.6
 -32.27 32.27
 723.1 -723.1
 -68.07 68.07
 159 -159
 -275.4 275.4
 -313.2 313.2
 -286.1 286.1
 -194.3 194.3
 -192.5 192.5
 -182.9 182.9
 28.86 -28.86
 1.209 -1.209
 114.2 -114.2
 -110.7 110.7
 -142.8 142.8
 -274.8 274.8
 -174.5 174.5
 190.8 -190.8
 -495.3 495.3
 -342.9 342.9
 697 -697
 -326 326
 -159 159
 -80.88 80.88
 347.5 -347.5
 360.8 -360.8
 96.68 -96.68
 -73.59 73.59
 -39 39
 188.3 -188.3
 -508.1 508.1
 520.3 -520.3
 255.3 -255.3
 -322 322
 -211.8 211.8
 -571.7 571.7
 366.7 -366.7
 262.9 -262.9
 -164.1 164.1
 253.1 -253.1
 196.1 -196.1
 -394.1 394.1
 261.1 -261.1
 -27.94 27.94
 -96.82 96.82
 -434.5 434.5
 -307.5 307.5
 -491.9 491.9
 246.9 -246.9
 -96.91 96.91
 -346.4 346.4
 -192.1 192.1
 308.2 -308.2
 -85.74 85.74
 -7.465 7.465
 -267.2 267.2
 -479.6 479.6
 314.8 -314.8
 -128.5 128.5
 -147.1 147.1
 -34.01 34.01
 170.1 -170.1
 34.18 -34.18
 -13.24 13.24
 463.5 -463.5
 256 -256
 183.4 -183.4
 321.3 -321.3
 130 -130
 -586.3 586.3
 269.7 -269.7
 -257.3 257.3
 -91.58 91.58
 31.52 -31.52
 627.6 -627.6
 74.77 -74.77
 -185 185
 472 -472
 896.8 -896.8
 730.5 -730.5
 521.1 -521.1
 156.4 -156.4
 23.55 -23.55
 -13.6 13.6
 -203.4 203.4
 753.5 -753.5
 -582.1 582.1
 -182.2 182.2
 201.6 -201.6
 -296 296
 -344.3 344.3
 74.1 -74.1
 -138.6 138.6
 -228.2 228.2
 632.2 -632.2
 258.1 -258.1
 456.8 -456.8
 -116.1 116.1
 -238.8 238.8
 -700.8 700.8
 76.84 -76.84
