# Created by Octave 5.2.0, Thu Sep 24 16:37:16 2020 CEST <jiwidi@land>
# name: w
# type: matrix
# rows: 1281
# columns: 2
 1.6 -1.6
 -182.4 182.4
 -483.7 483.7
 193.9 -193.9
 -263.2 263.2
 156.4 -156.4
 -78.18 78.18
 1095 -1095
 836 -836
 518.8 -518.8
 565.9 -565.9
 -396.2 396.2
 -180.9 180.9
 -953.1 953.1
 341.5 -341.5
 254 -254
 363.4 -363.4
 121.7 -121.7
 -215.2 215.2
 356.2 -356.2
 -184.1 184.1
 -319.5 319.5
 -489.8 489.8
 48.69 -48.69
 186.1 -186.1
 -185.9 185.9
 -379.5 379.5
 -347.2 347.2
 -41.19 41.19
 232.7 -232.7
 -332 332
 40.22 -40.22
 915.7 -915.7
 -195.6 195.6
 -420.7 420.7
 7.678 -7.678
 -42.89 42.89
 -226.5 226.5
 -451.8 451.8
 949.3 -949.3
 183.4 -183.4
 -131.2 131.2
 -39.13 39.13
 19.28 -19.28
 -826.6 826.6
 -271 271
 193.2 -193.2
 211.3 -211.3
 -86.45 86.45
 -323.4 323.4
 -300.6 300.6
 -109.5 109.5
 6.297 -6.297
 413.4 -413.4
 984.3 -984.3
 118.2 -118.2
 -329.8 329.8
 665.3 -665.3
 115.1 -115.1
 35.37 -35.37
 -420.9 420.9
 -38.32 38.32
 61.38 -61.38
 -627.4 627.4
 -221.5 221.5
 -516.4 516.4
 81.22 -81.22
 -157.2 157.2
 -55.53 55.53
 968.8 -968.8
 422 -422
 -47.09 47.09
 74.53 -74.53
 63.16 -63.16
 -326.8 326.8
 -141 141
 765.6 -765.6
 570.6 -570.6
 196.7 -196.7
 221.3 -221.3
 185.2 -185.2
 -92.36 92.36
 -109.5 109.5
 92.19 -92.19
 -301.4 301.4
 19.52 -19.52
 20.58 -20.58
 277.1 -277.1
 -375.1 375.1
 192.2 -192.2
 -228.7 228.7
 -4.432 4.432
 -267.9 267.9
 15.73 -15.73
 -336.6 336.6
 231.4 -231.4
 216.1 -216.1
 -253.3 253.3
 18.12 -18.12
 332.3 -332.3
 -35.96 35.96
 85.8 -85.8
 -112.2 112.2
 -155.9 155.9
 -385.1 385.1
 615.8 -615.8
 129.7 -129.7
 -161.8 161.8
 -158.2 158.2
 -8.758 8.758
 -718.8 718.8
 -34.74 34.74
 68.63 -68.63
 26.09 -26.09
 -570.2 570.2
 -18.64 18.64
 198.2 -198.2
 -326.9 326.9
 12.54 -12.54
 145 -145
 64.34 -64.34
 136.3 -136.3
 -182.2 182.2
 544.7 -544.7
 -64.37 64.37
 -244.4 244.4
 219.3 -219.3
 265.6 -265.6
 219.2 -219.2
 58.64 -58.64
 31.86 -31.86
 202.6 -202.6
 147.7 -147.7
 -35.5 35.5
 -119.1 119.1
 -15.25 15.25
 -88.59 88.59
 43.69 -43.69
 289.3 -289.3
 150.7 -150.7
 206.9 -206.9
 76.86 -76.86
 -180.7 180.7
 -318.6 318.6
 -257 257
 -320.5 320.5
 -11.46 11.46
 378.7 -378.7
 558.1 -558.1
 301.9 -301.9
 896.7 -896.7
 336.4 -336.4
 363.3 -363.3
 339.3 -339.3
 430.6 -430.6
 38.22 -38.22
 -184.1 184.1
 183.5 -183.5
 225.8 -225.8
 -417.5 417.5
 43.87 -43.87
 -248.4 248.4
 -1258 1258
 124.2 -124.2
 -131.1 131.1
 53.09 -53.09
 -160.7 160.7
 -302.1 302.1
 54.09 -54.09
 -206.5 206.5
 21.18 -21.18
 291.6 -291.6
 444.6 -444.6
 297.6 -297.6
 -176.2 176.2
 89.66 -89.66
 -5.885 5.885
 -143.4 143.4
 310.9 -310.9
 258.8 -258.8
 372.5 -372.5
 -436.7 436.7
 -234 234
 257.6 -257.6
 129.6 -129.6
 442.1 -442.1
 143.5 -143.5
 -643.3 643.3
 -403.7 403.7
 -64.99 64.99
 -110.4 110.4
 -501.8 501.8
 18.94 -18.94
 106 -106
 69.98 -69.98
 173.2 -173.2
 -233.1 233.1
 551.5 -551.5
 745.4 -745.4
 -337.1 337.1
 -324.9 324.9
 -243.9 243.9
 413.7 -413.7
 47.91 -47.91
 -2.654 2.654
 -263.7 263.7
 -275 275
 192.3 -192.3
 -492 492
 586.2 -586.2
 -672.6 672.6
 351.9 -351.9
 -494.9 494.9
 92.58 -92.58
 575.3 -575.3
 -664.4 664.4
 -200.6 200.6
 -505.6 505.6
 207.7 -207.7
 -251.2 251.2
 -436.2 436.2
 37.23 -37.23
 116.8 -116.8
 150.8 -150.8
 -197.3 197.3
 -198.5 198.5
 163.9 -163.9
 598.2 -598.2
 507.3 -507.3
 143 -143
 -264.1 264.1
 1282 -1282
 -638.9 638.9
 -293.9 293.9
 -11.49 11.49
 -449.2 449.2
 -5.433 5.433
 -103 103
 -160.3 160.3
 -145.9 145.9
 -282.7 282.7
 206.5 -206.5
 -194.7 194.7
 254.3 -254.3
 -454.8 454.8
 -155.7 155.7
 79.48 -79.48
 -103.7 103.7
 167 -167
 -56.15 56.15
 133.8 -133.8
 -64.37 64.37
 343.8 -343.8
 -368.9 368.9
 272.2 -272.2
 -310.4 310.4
 -128.9 128.9
 -605.7 605.7
 542.7 -542.7
 69.16 -69.16
 236.9 -236.9
 386.4 -386.4
 55.5 -55.5
 126.4 -126.4
 64.54 -64.54
 -5.173 5.173
 -795.3 795.3
 -358.2 358.2
 -150.1 150.1
 238 -238
 188.8 -188.8
 -448.1 448.1
 -604 604
 -302.6 302.6
 614.5 -614.5
 48.13 -48.13
 -577.1 577.1
 -326.1 326.1
 -245.5 245.5
 -81.94 81.94
 -280.4 280.4
 285.7 -285.7
 -340 340
 126.3 -126.3
 87.07 -87.07
 -740.2 740.2
 156 -156
 567 -567
 162.2 -162.2
 -71.08 71.08
 -139.1 139.1
 561.3 -561.3
 248.4 -248.4
 304.7 -304.7
 -146 146
 -101.5 101.5
 801.6 -801.6
 124.9 -124.9
 -610.8 610.8
 -197 197
 228.3 -228.3
 131.9 -131.9
 60.58 -60.58
 -309.4 309.4
 -302.2 302.2
 -188.9 188.9
 -229.4 229.4
 594.6 -594.6
 745.2 -745.2
 -353.9 353.9
 1.798 -1.798
 -20.85 20.85
 -225.6 225.6
 -2.425 2.425
 -593.5 593.5
 -874.5 874.5
 180 -180
 606.4 -606.4
 281.8 -281.8
 89.43 -89.43
 -103.4 103.4
 -212.3 212.3
 -9.057 9.057
 402.8 -402.8
 -79.24 79.24
 -439.6 439.6
 490.4 -490.4
 -126.2 126.2
 -579.5 579.5
 -330.5 330.5
 -285.4 285.4
 83.23 -83.23
 -111.6 111.6
 147.8 -147.8
 1068 -1068
 -817.4 817.4
 -23.01 23.01
 580.9 -580.9
 -671.1 671.1
 261.9 -261.9
 -27.14 27.14
 -116.9 116.9
 -214.6 214.6
 365.1 -365.1
 298.2 -298.2
 125.4 -125.4
 -52.15 52.15
 194.8 -194.8
 284.2 -284.2
 142.7 -142.7
 -18.75 18.75
 433.1 -433.1
 34.11 -34.11
 71.8 -71.8
 -459.9 459.9
 141.2 -141.2
 -215.2 215.2
 274 -274
 203.9 -203.9
 -743 743
 60.87 -60.87
 -153.5 153.5
 -522.5 522.5
 -159.8 159.8
 236.8 -236.8
 -233 233
 441.1 -441.1
 -40.46 40.46
 -39.97 39.97
 -373.7 373.7
 716 -716
 -11.37 11.37
 -27.23 27.23
 -298.9 298.9
 -47.48 47.48
 203.2 -203.2
 291.5 -291.5
 211.3 -211.3
 -363.3 363.3
 -293.2 293.2
 522.6 -522.6
 137.1 -137.1
 165.2 -165.2
 -235.5 235.5
 -0.07836 0.07836
 -20.43 20.43
 -4.379 4.379
 -515.9 515.9
 69.87 -69.87
 -63.47 63.47
 327.7 -327.7
 -515.2 515.2
 150.9 -150.9
 396.8 -396.8
 -171.3 171.3
 472 -472
 -221.5 221.5
 247.2 -247.2
 13.79 -13.79
 -300.1 300.1
 532.2 -532.2
 -562.9 562.9
 -789.5 789.5
 -577.7 577.7
 219.2 -219.2
 -173.3 173.3
 -126.3 126.3
 -745.2 745.2
 574.4 -574.4
 -116.9 116.9
 184.1 -184.1
 70.79 -70.79
 -204.2 204.2
 -65.07 65.07
 78.06 -78.06
 -219.7 219.7
 467.4 -467.4
 -445.7 445.7
 -494.1 494.1
 82.72 -82.72
 -138.1 138.1
 400.6 -400.6
 -418.2 418.2
 -543.6 543.6
 35.75 -35.75
 455.5 -455.5
 105.2 -105.2
 130.6 -130.6
 -213.7 213.7
 -814.9 814.9
 80.1 -80.1
 542.2 -542.2
 -337.1 337.1
 43.3 -43.3
 182.3 -182.3
 -128.8 128.8
 649.3 -649.3
 -142.8 142.8
 10.61 -10.61
 -43.53 43.53
 -468.1 468.1
 -79.52 79.52
 -742.8 742.8
 371.6 -371.6
 -290.8 290.8
 -41.58 41.58
 28.99 -28.99
 -180.1 180.1
 262.6 -262.6
 77.77 -77.77
 -13.84 13.84
 -305.5 305.5
 -231.3 231.3
 -101.8 101.8
 468.3 -468.3
 -969.3 969.3
 -98.08 98.08
 0.2617 -0.2617
 -283.5 283.5
 -156.4 156.4
 -174.9 174.9
 669.7 -669.7
 230 -230
 -38.74 38.74
 -388 388
 -465.6 465.6
 333.8 -333.8
 -216.5 216.5
 -117.7 117.7
 -216.2 216.2
 276.7 -276.7
 1142 -1142
 -306.7 306.7
 24.44 -24.44
 244.3 -244.3
 181.3 -181.3
 -796.4 796.4
 -26.03 26.03
 547.9 -547.9
 -59.78 59.78
 163.8 -163.8
 -316.5 316.5
 -293.2 293.2
 -267.1 267.1
 -129.8 129.8
 -150.6 150.6
 -102.1 102.1
 30.2 -30.2
 95.25 -95.25
 134.9 -134.9
 -197.3 197.3
 -91.54 91.54
 -243.6 243.6
 -207.8 207.8
 256.1 -256.1
 -486.4 486.4
 -360.7 360.7
 690.9 -690.9
 -220.3 220.3
 -202 202
 -102.3 102.3
 346.7 -346.7
 248.8 -248.8
 104.8 -104.8
 -172.9 172.9
 -75.4 75.4
 192.2 -192.2
 -381.4 381.4
 508.9 -508.9
 264.6 -264.6
 -363.2 363.2
 -276.4 276.4
 -578.5 578.5
 337 -337
 296.3 -296.3
 -136.7 136.7
 204.8 -204.8
 268.9 -268.9
 -375 375
 263.9 -263.9
 -17.97 17.97
 -93.4 93.4
 -503.9 503.9
 -320.4 320.4
 -491.5 491.5
 216.1 -216.1
 -40.81 40.81
 -251.3 251.3
 -339.2 339.2
 366.5 -366.5
 -136.8 136.8
 -51.23 51.23
 -297.2 297.2
 -564.3 564.3
 337.9 -337.9
 -77.38 77.38
 -123.1 123.1
 -96.81 96.81
 228.7 -228.7
 73.84 -73.84
 -36.75 36.75
 451.3 -451.3
 281.9 -281.9
 155.4 -155.4
 251.9 -251.9
 217.8 -217.8
 -553.1 553.1
 273.5 -273.5
 -275.6 275.6
 -72.12 72.12
 10.13 -10.13
 634.2 -634.2
 89.22 -89.22
 -179.9 179.9
 437.3 -437.3
 922.1 -922.1
 720.4 -720.4
 507.1 -507.1
 197.6 -197.6
 -74.6 74.6
 -22.9 22.9
 -230.1 230.1
 709.2 -709.2
 -581.4 581.4
 -63.28 63.28
 134.9 -134.9
 -299.8 299.8
 -338.5 338.5
 95.4 -95.4
 -160.7 160.7
 -99.56 99.56
 584.5 -584.5
 203.5 -203.5
 434.7 -434.7
