# Created by Octave 5.2.0, Thu Sep 24 16:40:48 2020 CEST <jiwidi@land>
# name: w
# type: matrix
# rows: 1281
# columns: 2
 1.2e+04 -1.2e+04
 -2.129e+06 2.129e+06
 -4.758e+06 4.758e+06
 1.655e+06 -1.655e+06
 -2.683e+06 2.683e+06
 1.512e+06 -1.512e+06
 -3.402e+05 3.402e+05
 1.027e+07 -1.027e+07
 7.96e+06 -7.96e+06
 4.851e+06 -4.851e+06
 5.537e+06 -5.537e+06
 -3.838e+06 3.838e+06
 -1.947e+06 1.947e+06
 -8.621e+06 8.621e+06
 3.26e+06 -3.26e+06
 3.108e+06 -3.108e+06
 2.854e+06 -2.854e+06
 9.542e+05 -9.542e+05
 -2.454e+06 2.454e+06
 3.373e+06 -3.373e+06
 -1.149e+06 1.149e+06
 -3.125e+06 3.125e+06
 -4.261e+06 4.261e+06
 -1.996e+05 1.996e+05
 2.167e+06 -2.167e+06
 -2.176e+06 2.176e+06
 -3.732e+06 3.732e+06
 -3.606e+06 3.606e+06
 -4.149e+05 4.149e+05
 2.295e+06 -2.295e+06
 -3.787e+06 3.787e+06
 7.586e+05 -7.586e+05
 9.12e+06 -9.12e+06
 -1.277e+06 1.277e+06
 -4.043e+06 4.043e+06
 1878 -1878
 -5.574e+05 5.574e+05
 -2.365e+06 2.365e+06
 -4.894e+06 4.894e+06
 9.661e+06 -9.661e+06
 2.672e+06 -2.672e+06
 -1.801e+06 1.801e+06
 -4.926e+05 4.926e+05
 -1.03e+05 1.03e+05
 -8.256e+06 8.256e+06
 -2.26e+06 2.26e+06
 1.622e+06 -1.622e+06
 2.451e+06 -2.451e+06
 -5.581e+05 5.581e+05
 -3.073e+06 3.073e+06
 -3.074e+06 3.074e+06
 -8.246e+05 8.246e+05
 3.14e+05 -3.14e+05
 3.36e+06 -3.36e+06
 1.003e+07 -1.003e+07
 1.308e+06 -1.308e+06
 -2.596e+06 2.596e+06
 6.249e+06 -6.249e+06
 1.487e+06 -1.487e+06
 3.912e+05 -3.912e+05
 -4.292e+06 4.292e+06
 3725 -3725
 4.912e+05 -4.912e+05
 -5.985e+06 5.985e+06
 -1.99e+06 1.99e+06
 -4.186e+06 4.186e+06
 8.695e+05 -8.695e+05
 -1.222e+06 1.222e+06
 -6.27e+05 6.27e+05
 9.209e+06 -9.209e+06
 3.608e+06 -3.608e+06
 -1.88e+05 1.88e+05
 6.429e+05 -6.429e+05
 1.075e+06 -1.075e+06
 -2.972e+06 2.972e+06
 -1.24e+06 1.24e+06
 7.328e+06 -7.328e+06
 5.86e+06 -5.86e+06
 1.883e+06 -1.883e+06
 2.556e+06 -2.556e+06
 1.71e+06 -1.71e+06
 -6.424e+05 6.424e+05
 -1.301e+06 1.301e+06
 7.153e+05 -7.153e+05
 -3.268e+06 3.268e+06
 7.266e+05 -7.266e+05
 3.901e+05 -3.901e+05
 3.276e+06 -3.276e+06
 -3.792e+06 3.792e+06
 1.84e+06 -1.84e+06
 -2.178e+06 2.178e+06
 3.493e+05 -3.493e+05
 -3.516e+06 3.516e+06
 5.904e+05 -5.904e+05
 -3.703e+06 3.703e+06
 2.451e+06 -2.451e+06
 2.627e+06 -2.627e+06
 -2.67e+06 2.67e+06
 -4.792e+05 4.792e+05
 2.828e+06 -2.828e+06
 -6.256e+05 6.256e+05
 6.363e+05 -6.363e+05
 -8.285e+05 8.285e+05
 -1.358e+06 1.358e+06
 -3.393e+06 3.393e+06
 6.596e+06 -6.596e+06
 1.609e+06 -1.609e+06
 -1.255e+06 1.255e+06
 -1.322e+06 1.322e+06
 -2.494e+05 2.494e+05
 -6.64e+06 6.64e+06
 -4.005e+05 4.005e+05
 3.829e+05 -3.829e+05
 -1.244e+05 1.244e+05
 -5.025e+06 5.025e+06
 -7.387e+05 7.387e+05
 2.135e+06 -2.135e+06
 -3.17e+06 3.17e+06
 -1.645e+05 1.645e+05
 1.444e+06 -1.444e+06
 2.924e+05 -2.924e+05
 1.419e+06 -1.419e+06
 -1.766e+06 1.766e+06
 5.397e+06 -5.397e+06
 -4.166e+05 4.166e+05
 -2.757e+06 2.757e+06
 2.725e+06 -2.725e+06
 2.774e+06 -2.774e+06
 1.868e+06 -1.868e+06
 6.017e+05 -6.017e+05
 5.264e+05 -5.264e+05
 2.116e+06 -2.116e+06
 1.194e+06 -1.194e+06
 -6.664e+05 6.664e+05
 -1.192e+06 1.192e+06
 -6.414e+05 6.414e+05
 -4.548e+05 4.548e+05
 1.001e+06 -1.001e+06
 2.441e+06 -2.441e+06
 2.009e+06 -2.009e+06
 2.034e+06 -2.034e+06
 9.967e+05 -9.967e+05
 -1.787e+06 1.787e+06
 -3.445e+06 3.445e+06
 -2.906e+06 2.906e+06
 -2.297e+06 2.297e+06
 -3.373e+05 3.373e+05
 3.689e+06 -3.689e+06
 5.224e+06 -5.224e+06
 2.455e+06 -2.455e+06
 8.994e+06 -8.994e+06
 3.123e+06 -3.123e+06
 3.323e+06 -3.323e+06
 3.443e+06 -3.443e+06
 4.427e+06 -4.427e+06
 5.049e+05 -5.049e+05
 -1.703e+06 1.703e+06
 2.16e+06 -2.16e+06
 2.313e+06 -2.313e+06
 -4.221e+06 4.221e+06
 -8730 8730
 -2.019e+06 2.019e+06
 -1.258e+07 1.258e+07
 1.148e+06 -1.148e+06
 -1.279e+06 1.279e+06
 4.998e+04 -4.998e+04
 -1.933e+06 1.933e+06
 -3.088e+06 3.088e+06
 9.96e+05 -9.96e+05
 -1.674e+06 1.674e+06
 2.411e+05 -2.411e+05
 3.129e+06 -3.129e+06
 4.224e+06 -4.224e+06
 2.712e+06 -2.712e+06
 -1.033e+06 1.033e+06
 1.283e+06 -1.283e+06
 1.852e+05 -1.852e+05
 -2.231e+06 2.231e+06
 3.015e+06 -3.015e+06
 2.691e+06 -2.691e+06
 3.714e+06 -3.714e+06
 -4.092e+06 4.092e+06
 -2.183e+06 2.183e+06
 2.029e+06 -2.029e+06
 8.601e+05 -8.601e+05
 4.769e+06 -4.769e+06
 1.58e+06 -1.58e+06
 -6.543e+06 6.543e+06
 -4.186e+06 4.186e+06
 -9.742e+05 9.742e+05
 -7.502e+05 7.502e+05
 -4.972e+06 4.972e+06
 7.201e+05 -7.201e+05
 9.658e+05 -9.658e+05
 7.715e+05 -7.715e+05
 1.339e+06 -1.339e+06
 -1.732e+06 1.732e+06
 5.239e+06 -5.239e+06
 7.394e+06 -7.394e+06
 -2.963e+06 2.963e+06
 -3.33e+06 3.33e+06
 -2.799e+06 2.799e+06
 3.608e+06 -3.608e+06
 3.188e+05 -3.188e+05
 -5.527e+05 5.527e+05
 -3.243e+06 3.243e+06
 -2.658e+06 2.658e+06
 1.534e+06 -1.534e+06
 -4.879e+06 4.879e+06
 5.303e+06 -5.303e+06
 -7.22e+06 7.22e+06
 2.898e+06 -2.898e+06
 -4.468e+06 4.468e+06
 1.211e+06 -1.211e+06
 5.759e+06 -5.759e+06
 -6.496e+06 6.496e+06
 -2.105e+06 2.105e+06
 -4.677e+06 4.677e+06
 1.273e+06 -1.273e+06
 -2.34e+06 2.34e+06
 -4.094e+06 4.094e+06
 2.978e+05 -2.978e+05
 8.766e+05 -8.766e+05
 1.393e+06 -1.393e+06
 -2.065e+06 2.065e+06
 -2.182e+06 2.182e+06
 1.913e+06 -1.913e+06
 5.8e+06 -5.8e+06
 4.895e+06 -4.895e+06
 1.192e+06 -1.192e+06
 -2.652e+06 2.652e+06
 1.259e+07 -1.259e+07
 -6.358e+06 6.358e+06
 -2.577e+06 2.577e+06
 -4.606e+05 4.606e+05
 -4.241e+06 4.241e+06
 -8.59e+05 8.59e+05
 -1.051e+06 1.051e+06
 -1.575e+06 1.575e+06
 -1.59e+06 1.59e+06
 -2.64e+06 2.64e+06
 2.003e+06 -2.003e+06
 -1.726e+06 1.726e+06
 2.608e+06 -2.608e+06
 -4.14e+06 4.14e+06
 -1.216e+06 1.216e+06
 6.93e+05 -6.93e+05
 -1.168e+06 1.168e+06
 1.393e+06 -1.393e+06
 -2.4e+05 2.4e+05
 1.161e+06 -1.161e+06
 -7.612e+05 7.612e+05
 3.611e+06 -3.611e+06
 -3.204e+06 3.204e+06
 2.575e+06 -2.575e+06
 -3.266e+06 3.266e+06
 -1.389e+06 1.389e+06
 -6.085e+06 6.085e+06
 5.607e+06 -5.607e+06
 9.776e+05 -9.776e+05
 1.986e+06 -1.986e+06
 3.629e+06 -3.629e+06
 4.825e+05 -4.825e+05
 1.124e+06 -1.124e+06
 3.979e+05 -3.979e+05
 3.465e+05 -3.465e+05
 -7.352e+06 7.352e+06
 -3.642e+06 3.642e+06
 -1.801e+06 1.801e+06
 2.053e+06 -2.053e+06
 1.931e+06 -1.931e+06
 -4.057e+06 4.057e+06
 -6.261e+06 6.261e+06
 -2.904e+06 2.904e+06
 5.387e+06 -5.387e+06
 1.766e+05 -1.766e+05
 -5.965e+06 5.965e+06
 -2.956e+06 2.956e+06
 -2.241e+06 2.241e+06
 -4.718e+05 4.718e+05
 -2.676e+06 2.676e+06
 2.945e+06 -2.945e+06
 -2.659e+06 2.659e+06
 6.297e+05 -6.297e+05
 1.01e+06 -1.01e+06
 -7.336e+06 7.336e+06
 4.595e+05 -4.595e+05
 5.689e+06 -5.689e+06
 2.158e+06 -2.158e+06
 -4.005e+05 4.005e+05
 -1.161e+06 1.161e+06
 5.809e+06 -5.809e+06
 2.546e+06 -2.546e+06
 3.169e+06 -3.169e+06
 -1.455e+06 1.455e+06
 -8.468e+05 8.468e+05
 7.763e+06 -7.763e+06
 8.255e+05 -8.255e+05
 -5.914e+06 5.914e+06
 -2.322e+06 2.322e+06
 1.713e+06 -1.713e+06
 1.193e+06 -1.193e+06
 5.707e+05 -5.707e+05
 -2.866e+06 2.866e+06
 -2.598e+06 2.598e+06
 -1.695e+06 1.695e+06
 -2.182e+06 2.182e+06
 5.919e+06 -5.919e+06
 7.091e+06 -7.091e+06
 -3.586e+06 3.586e+06
 2.527e+05 -2.527e+05
 1.814e+05 -1.814e+05
 -2.312e+06 2.312e+06
 -6.925e+04 6.925e+04
 -6.097e+06 6.097e+06
 -7.856e+06 7.856e+06
 1.811e+06 -1.811e+06
 6.065e+06 -6.065e+06
 2.91e+06 -2.91e+06
 6.642e+05 -6.642e+05
 -9.611e+05 9.611e+05
 -1.955e+06 1.955e+06
 3.236e+05 -3.236e+05
 3.998e+06 -3.998e+06
 -6.352e+05 6.352e+05
 -4.058e+06 4.058e+06
 4.658e+06 -4.658e+06
 -1.718e+06 1.718e+06
 -5.808e+06 5.808e+06
 -3.262e+06 3.262e+06
 -2.974e+06 2.974e+06
 6.58e+05 -6.58e+05
 -7.172e+05 7.172e+05
 1.403e+06 -1.403e+06
 1.12e+07 -1.12e+07
 -7.915e+06 7.915e+06
 -4.736e+05 4.736e+05
 5.61e+06 -5.61e+06
 -6.138e+06 6.138e+06
 2.85e+06 -2.85e+06
 -4.184e+05 4.184e+05
 -1.664e+06 1.664e+06
 -1.952e+06 1.952e+06
 3.903e+06 -3.903e+06
 3.141e+06 -3.141e+06
 9.87e+05 -9.87e+05
 -9.313e+05 9.313e+05
 1.817e+06 -1.817e+06
 2.528e+06 -2.528e+06
 9.96e+05 -9.96e+05
 1.277e+05 -1.277e+05
 3.97e+06 -3.97e+06
 4.239e+05 -4.239e+05
 4.97e+05 -4.97e+05
 -4.506e+06 4.506e+06
 1.611e+06 -1.611e+06
 -2.036e+06 2.036e+06
 2.922e+06 -2.922e+06
 1.794e+06 -1.794e+06
 -7.388e+06 7.388e+06
 4.331e+05 -4.331e+05
 -2.214e+06 2.214e+06
 -5.094e+06 5.094e+06
