# Created by Octave 5.2.0, Thu Sep 24 16:41:16 2020 CEST <jiwidi@land>
# name: w
# type: matrix
# rows: 1281
# columns: 2
 1.2e+05 -1.2e+05
 -2.129e+07 2.129e+07
 -4.758e+07 4.758e+07
 1.655e+07 -1.655e+07
 -2.683e+07 2.683e+07
 1.512e+07 -1.512e+07
 -3.402e+06 3.402e+06
 1.027e+08 -1.027e+08
 7.96e+07 -7.96e+07
 4.851e+07 -4.851e+07
 5.537e+07 -5.537e+07
 -3.838e+07 3.838e+07
 -1.947e+07 1.947e+07
 -8.621e+07 8.621e+07
 3.26e+07 -3.26e+07
 3.108e+07 -3.108e+07
 2.854e+07 -2.854e+07
 9.542e+06 -9.542e+06
 -2.454e+07 2.454e+07
 3.373e+07 -3.373e+07
 -1.149e+07 1.149e+07
 -3.125e+07 3.125e+07
 -4.261e+07 4.261e+07
 -1.996e+06 1.996e+06
 2.167e+07 -2.167e+07
 -2.176e+07 2.176e+07
 -3.732e+07 3.732e+07
 -3.606e+07 3.606e+07
 -4.149e+06 4.149e+06
 2.295e+07 -2.295e+07
 -3.787e+07 3.787e+07
 7.586e+06 -7.586e+06
 9.12e+07 -9.12e+07
 -1.277e+07 1.277e+07
 -4.043e+07 4.043e+07
 1.878e+04 -1.878e+04
 -5.574e+06 5.574e+06
 -2.365e+07 2.365e+07
 -4.894e+07 4.894e+07
 9.661e+07 -9.661e+07
 2.672e+07 -2.672e+07
 -1.801e+07 1.801e+07
 -4.926e+06 4.926e+06
 -1.03e+06 1.03e+06
 -8.256e+07 8.256e+07
 -2.26e+07 2.26e+07
 1.622e+07 -1.622e+07
 2.451e+07 -2.451e+07
 -5.581e+06 5.581e+06
 -3.073e+07 3.073e+07
 -3.074e+07 3.074e+07
 -8.246e+06 8.246e+06
 3.14e+06 -3.14e+06
 3.36e+07 -3.36e+07
 1.003e+08 -1.003e+08
 1.308e+07 -1.308e+07
 -2.596e+07 2.596e+07
 6.249e+07 -6.249e+07
 1.487e+07 -1.487e+07
 3.912e+06 -3.912e+06
 -4.292e+07 4.292e+07
 3.725e+04 -3.725e+04
 4.912e+06 -4.912e+06
 -5.985e+07 5.985e+07
 -1.99e+07 1.99e+07
 -4.186e+07 4.186e+07
 8.695e+06 -8.695e+06
 -1.222e+07 1.222e+07
 -6.27e+06 6.27e+06
 9.209e+07 -9.209e+07
 3.608e+07 -3.608e+07
 -1.88e+06 1.88e+06
 6.429e+06 -6.429e+06
 1.075e+07 -1.075e+07
 -2.972e+07 2.972e+07
 -1.24e+07 1.24e+07
 7.328e+07 -7.328e+07
 5.86e+07 -5.86e+07
 1.883e+07 -1.883e+07
 2.556e+07 -2.556e+07
 1.71e+07 -1.71e+07
 -6.424e+06 6.424e+06
 -1.301e+07 1.301e+07
 7.153e+06 -7.153e+06
 -3.268e+07 3.268e+07
 7.266e+06 -7.266e+06
 3.901e+06 -3.901e+06
 3.276e+07 -3.276e+07
 -3.792e+07 3.792e+07
 1.84e+07 -1.84e+07
 -2.178e+07 2.178e+07
 3.493e+06 -3.493e+06
 -3.516e+07 3.516e+07
 5.904e+06 -5.904e+06
 -3.703e+07 3.703e+07
 2.451e+07 -2.451e+07
 2.627e+07 -2.627e+07
 -2.67e+07 2.67e+07
 -4.792e+06 4.792e+06
 2.828e+07 -2.828e+07
 -6.256e+06 6.256e+06
 6.363e+06 -6.363e+06
 -8.285e+06 8.285e+06
 -1.358e+07 1.358e+07
 -3.393e+07 3.393e+07
 6.596e+07 -6.596e+07
 1.609e+07 -1.609e+07
 -1.255e+07 1.255e+07
 -1.322e+07 1.322e+07
 -2.494e+06 2.494e+06
 -6.64e+07 6.64e+07
 -4.005e+06 4.005e+06
 3.829e+06 -3.829e+06
 -1.244e+06 1.244e+06
 -5.025e+07 5.025e+07
 -7.387e+06 7.387e+06
 2.135e+07 -2.135e+07
 -3.17e+07 3.17e+07
 -1.645e+06 1.645e+06
 1.444e+07 -1.444e+07
 2.924e+06 -2.924e+06
 1.419e+07 -1.419e+07
 -1.766e+07 1.766e+07
 5.397e+07 -5.397e+07
 -4.166e+06 4.166e+06
 -2.757e+07 2.757e+07
 2.725e+07 -2.725e+07
 2.774e+07 -2.774e+07
 1.868e+07 -1.868e+07
 6.017e+06 -6.017e+06
 5.264e+06 -5.264e+06
 2.116e+07 -2.116e+07
 1.194e+07 -1.194e+07
 -6.664e+06 6.664e+06
 -1.192e+07 1.192e+07
 -6.414e+06 6.414e+06
 -4.548e+06 4.548e+06
 1.001e+07 -1.001e+07
 2.441e+07 -2.441e+07
 2.009e+07 -2.009e+07
 2.034e+07 -2.034e+07
 9.967e+06 -9.967e+06
 -1.787e+07 1.787e+07
 -3.445e+07 3.445e+07
 -2.906e+07 2.906e+07
 -2.297e+07 2.297e+07
 -3.373e+06 3.373e+06
 3.689e+07 -3.689e+07
 5.224e+07 -5.224e+07
 2.455e+07 -2.455e+07
 8.994e+07 -8.994e+07
 3.123e+07 -3.123e+07
 3.323e+07 -3.323e+07
 3.443e+07 -3.443e+07
 4.427e+07 -4.427e+07
 5.049e+06 -5.049e+06
 -1.703e+07 1.703e+07
 2.16e+07 -2.16e+07
 2.313e+07 -2.313e+07
 -4.221e+07 4.221e+07
 -8.73e+04 8.73e+04
 -2.019e+07 2.019e+07
 -1.258e+08 1.258e+08
 1.148e+07 -1.148e+07
 -1.279e+07 1.279e+07
 4.998e+05 -4.998e+05
 -1.933e+07 1.933e+07
 -3.088e+07 3.088e+07
 9.96e+06 -9.96e+06
 -1.674e+07 1.674e+07
 2.411e+06 -2.411e+06
 3.129e+07 -3.129e+07
 4.224e+07 -4.224e+07
 2.712e+07 -2.712e+07
 -1.033e+07 1.033e+07
 1.283e+07 -1.283e+07
 1.852e+06 -1.852e+06
 -2.231e+07 2.231e+07
 3.015e+07 -3.015e+07
 2.691e+07 -2.691e+07
 3.714e+07 -3.714e+07
 -4.092e+07 4.092e+07
 -2.183e+07 2.183e+07
 2.029e+07 -2.029e+07
 8.601e+06 -8.601e+06
 4.769e+07 -4.769e+07
 1.58e+07 -1.58e+07
 -6.543e+07 6.543e+07
 -4.186e+07 4.186e+07
 -9.742e+06 9.742e+06
 -7.502e+06 7.502e+06
 -4.972e+07 4.972e+07
 7.201e+06 -7.201e+06
 9.658e+06 -9.658e+06
 7.715e+06 -7.715e+06
 1.339e+07 -1.339e+07
 -1.732e+07 1.732e+07
 5.239e+07 -5.239e+07
 7.394e+07 -7.394e+07
 -2.963e+07 2.963e+07
 -3.33e+07 3.33e+07
 -2.799e+07 2.799e+07
 3.608e+07 -3.608e+07
 3.188e+06 -3.188e+06
 -5.527e+06 5.527e+06
 -3.243e+07 3.243e+07
 -2.658e+07 2.658e+07
 1.534e+07 -1.534e+07
 -4.879e+07 4.879e+07
 5.303e+07 -5.303e+07
 -7.22e+07 7.22e+07
 2.898e+07 -2.898e+07
 -4.468e+07 4.468e+07
 1.211e+07 -1.211e+07
 5.759e+07 -5.759e+07
 -6.496e+07 6.496e+07
 -2.105e+07 2.105e+07
 -4.677e+07 4.677e+07
 1.273e+07 -1.273e+07
 -2.34e+07 2.34e+07
 -4.094e+07 4.094e+07
 2.978e+06 -2.978e+06
 8.766e+06 -8.766e+06
 1.393e+07 -1.393e+07
 -2.065e+07 2.065e+07
 -2.182e+07 2.182e+07
 1.913e+07 -1.913e+07
 5.8e+07 -5.8e+07
 4.895e+07 -4.895e+07
 1.192e+07 -1.192e+07
 -2.652e+07 2.652e+07
 1.259e+08 -1.259e+08
 -6.358e+07 6.358e+07
 -2.577e+07 2.577e+07
 -4.606e+06 4.606e+06
 -4.241e+07 4.241e+07
 -8.59e+06 8.59e+06
 -1.051e+07 1.051e+07
 -1.575e+07 1.575e+07
 -1.59e+07 1.59e+07
 -2.64e+07 2.64e+07
 2.003e+07 -2.003e+07
 -1.726e+07 1.726e+07
 2.608e+07 -2.608e+07
 -4.14e+07 4.14e+07
 -1.216e+07 1.216e+07
 6.93e+06 -6.93e+06
 -1.168e+07 1.168e+07
 1.393e+07 -1.393e+07
 -2.4e+06 2.4e+06
 1.161e+07 -1.161e+07
 -7.612e+06 7.612e+06
 3.611e+07 -3.611e+07
 -3.204e+07 3.204e+07
 2.575e+07 -2.575e+07
 -3.266e+07 3.266e+07
 -1.389e+07 1.389e+07
 -6.085e+07 6.085e+07
 5.607e+07 -5.607e+07
 9.776e+06 -9.776e+06
 1.986e+07 -1.986e+07
 3.629e+07 -3.629e+07
 4.825e+06 -4.825e+06
 1.124e+07 -1.124e+07
 3.979e+06 -3.979e+06
 3.465e+06 -3.465e+06
 -7.352e+07 7.352e+07
 -3.642e+07 3.642e+07
 -1.801e+07 1.801e+07
 2.053e+07 -2.053e+07
 1.931e+07 -1.931e+07
 -4.057e+07 4.057e+07
 -6.261e+07 6.261e+07
 -2.904e+07 2.904e+07
 5.387e+07 -5.387e+07
 1.766e+06 -1.766e+06
 -5.965e+07 5.965e+07
 -2.956e+07 2.956e+07
 -2.241e+07 2.241e+07
 -4.718e+06 4.718e+06
 -2.676e+07 2.676e+07
 2.945e+07 -2.945e+07
 -2.659e+07 2.659e+07
 6.297e+06 -6.297e+06
 1.01e+07 -1.01e+07
 -7.336e+07 7.336e+07
 4.595e+06 -4.595e+06
 5.689e+07 -5.689e+07
 2.158e+07 -2.158e+07
 -4.005e+06 4.005e+06
 -1.161e+07 1.161e+07
 5.809e+07 -5.809e+07
 2.546e+07 -2.546e+07
 3.169e+07 -3.169e+07
 -1.455e+07 1.455e+07
 -8.468e+06 8.468e+06
 7.763e+07 -7.763e+07
 8.255e+06 -8.255e+06
 -5.914e+07 5.914e+07
 -2.322e+07 2.322e+07
 1.713e+07 -1.713e+07
 1.193e+07 -1.193e+07
 5.707e+06 -5.707e+06
 -2.866e+07 2.866e+07
 -2.598e+07 2.598e+07
 -1.695e+07 1.695e+07
 -2.182e+07 2.182e+07
 5.919e+07 -5.919e+07
 7.091e+07 -7.091e+07
 -3.586e+07 3.586e+07
 2.527e+06 -2.527e+06
 1.814e+06 -1.814e+06
 -2.312e+07 2.312e+07
 -6.925e+05 6.925e+05
 -6.097e+07 6.097e+07
 -7.856e+07 7.856e+07
 1.811e+07 -1.811e+07
 6.065e+07 -6.065e+07
 2.91e+07 -2.91e+07
 6.642e+06 -6.642e+06
 -9.611e+06 9.611e+06
 -1.955e+07 1.955e+07
 3.236e+06 -3.236e+06
 3.998e+07 -3.998e+07
 -6.352e+06 6.352e+06
 -4.058e+07 4.058e+07
 4.658e+07 -4.658e+07
 -1.718e+07 1.718e+07
 -5.808e+07 5.808e+07
 -3.262e+07 3.262e+07
 -2.974e+07 2.974e+07
 6.58e+06 -6.58e+06
 -7.172e+06 7.172e+06
 1.403e+07 -1.403e+07
 1.12e+08 -1.12e+08
 -7.915e+07 7.915e+07
 -4.736e+06 4.736e+06
 5.61e+07 -5.61e+07
 -6.138e+07 6.138e+07
 2.85e+07 -2.85e+07
 -4.184e+06 4.184e+06
 -1.664e+07 1.664e+07
 -1.952e+07 1.952e+07
 3.903e+07 -3.903e+07
 3.141e+07 -3.141e+07
 9.87e+06 -9.87e+06
 -9.313e+06 9.313e+06
 1.817e+07 -1.817e+07
 2.528e+07 -2.528e+07
 9.96e+06 -9.96e+06
 1.277e+06 -1.277e+06
 3.97e+07 -3.97e+07
 4.239e+06 -4.239e+06
 4.97e+06 -4.97e+06
 -4.506e+07 4.506e+07
 1.611e+07 -1.611e+07
 -2.036e+07 2.036e+07
 2.922e+07 -2.922e+07
 1.794e+07 -1.794e+07
 -7.388e+07 7.388e+07
 4.331e+06 -4.331e+06
 -2.214e+07 2.214e+07
