# Created by Octave 5.2.0, Thu Sep 24 16:42:04 2020 CEST <jiwidi@land>
# name: w
# type: matrix
# rows: 1281
# columns: 2
 1.2e+06 -1.2e+06
 -2.129e+08 2.129e+08
 -4.758e+08 4.758e+08
 1.655e+08 -1.655e+08
 -2.683e+08 2.683e+08
 1.512e+08 -1.512e+08
 -3.402e+07 3.402e+07
 1.027e+09 -1.027e+09
 7.96e+08 -7.96e+08
 4.851e+08 -4.851e+08
 5.537e+08 -5.537e+08
 -3.838e+08 3.838e+08
 -1.947e+08 1.947e+08
 -8.621e+08 8.621e+08
 3.26e+08 -3.26e+08
 3.108e+08 -3.108e+08
 2.854e+08 -2.854e+08
 9.542e+07 -9.542e+07
 -2.454e+08 2.454e+08
 3.373e+08 -3.373e+08
 -1.149e+08 1.149e+08
 -3.125e+08 3.125e+08
 -4.261e+08 4.261e+08
 -1.996e+07 1.996e+07
 2.167e+08 -2.167e+08
 -2.176e+08 2.176e+08
 -3.732e+08 3.732e+08
 -3.606e+08 3.606e+08
 -4.149e+07 4.149e+07
 2.295e+08 -2.295e+08
 -3.787e+08 3.787e+08
 7.586e+07 -7.586e+07
 9.12e+08 -9.12e+08
 -1.277e+08 1.277e+08
 -4.043e+08 4.043e+08
 1.878e+05 -1.878e+05
 -5.574e+07 5.574e+07
 -2.365e+08 2.365e+08
 -4.894e+08 4.894e+08
 9.661e+08 -9.661e+08
 2.672e+08 -2.672e+08
 -1.801e+08 1.801e+08
 -4.926e+07 4.926e+07
 -1.03e+07 1.03e+07
 -8.256e+08 8.256e+08
 -2.26e+08 2.26e+08
 1.622e+08 -1.622e+08
 2.451e+08 -2.451e+08
 -5.581e+07 5.581e+07
 -3.073e+08 3.073e+08
 -3.074e+08 3.074e+08
 -8.246e+07 8.246e+07
 3.14e+07 -3.14e+07
 3.36e+08 -3.36e+08
 1.003e+09 -1.003e+09
 1.308e+08 -1.308e+08
 -2.596e+08 2.596e+08
 6.249e+08 -6.249e+08
 1.487e+08 -1.487e+08
 3.912e+07 -3.912e+07
 -4.292e+08 4.292e+08
 3.725e+05 -3.725e+05
 4.912e+07 -4.912e+07
 -5.985e+08 5.985e+08
 -1.99e+08 1.99e+08
 -4.186e+08 4.186e+08
 8.695e+07 -8.695e+07
 -1.222e+08 1.222e+08
 -6.27e+07 6.27e+07
 9.209e+08 -9.209e+08
 3.608e+08 -3.608e+08
 -1.88e+07 1.88e+07
 6.429e+07 -6.429e+07
 1.075e+08 -1.075e+08
 -2.972e+08 2.972e+08
 -1.24e+08 1.24e+08
 7.328e+08 -7.328e+08
 5.86e+08 -5.86e+08
 1.883e+08 -1.883e+08
 2.556e+08 -2.556e+08
 1.71e+08 -1.71e+08
 -6.424e+07 6.424e+07
 -1.301e+08 1.301e+08
 7.153e+07 -7.153e+07
 -3.268e+08 3.268e+08
 7.266e+07 -7.266e+07
 3.901e+07 -3.901e+07
 3.276e+08 -3.276e+08
 -3.792e+08 3.792e+08
 1.84e+08 -1.84e+08
 -2.178e+08 2.178e+08
 3.493e+07 -3.493e+07
 -3.516e+08 3.516e+08
 5.904e+07 -5.904e+07
 -3.703e+08 3.703e+08
 2.451e+08 -2.451e+08
 2.627e+08 -2.627e+08
 -2.67e+08 2.67e+08
 -4.792e+07 4.792e+07
 2.828e+08 -2.828e+08
 -6.256e+07 6.256e+07
 6.363e+07 -6.363e+07
 -8.285e+07 8.285e+07
 -1.358e+08 1.358e+08
 -3.393e+08 3.393e+08
 6.596e+08 -6.596e+08
 1.609e+08 -1.609e+08
 -1.255e+08 1.255e+08
 -1.322e+08 1.322e+08
 -2.494e+07 2.494e+07
 -6.64e+08 6.64e+08
 -4.005e+07 4.005e+07
 3.829e+07 -3.829e+07
 -1.244e+07 1.244e+07
 -5.025e+08 5.025e+08
 -7.387e+07 7.387e+07
 2.135e+08 -2.135e+08
 -3.17e+08 3.17e+08
 -1.645e+07 1.645e+07
 1.444e+08 -1.444e+08
 2.924e+07 -2.924e+07
 1.419e+08 -1.419e+08
 -1.766e+08 1.766e+08
 5.397e+08 -5.397e+08
 -4.166e+07 4.166e+07
 -2.757e+08 2.757e+08
 2.725e+08 -2.725e+08
 2.774e+08 -2.774e+08
 1.868e+08 -1.868e+08
 6.017e+07 -6.017e+07
 5.264e+07 -5.264e+07
 2.116e+08 -2.116e+08
 1.194e+08 -1.194e+08
 -6.664e+07 6.664e+07
 -1.192e+08 1.192e+08
 -6.414e+07 6.414e+07
 -4.548e+07 4.548e+07
 1.001e+08 -1.001e+08
 2.441e+08 -2.441e+08
 2.009e+08 -2.009e+08
 2.034e+08 -2.034e+08
 9.967e+07 -9.967e+07
 -1.787e+08 1.787e+08
 -3.445e+08 3.445e+08
 -2.906e+08 2.906e+08
 -2.297e+08 2.297e+08
 -3.373e+07 3.373e+07
 3.689e+08 -3.689e+08
 5.224e+08 -5.224e+08
 2.455e+08 -2.455e+08
 8.994e+08 -8.994e+08
 3.123e+08 -3.123e+08
 3.323e+08 -3.323e+08
 3.443e+08 -3.443e+08
 4.427e+08 -4.427e+08
 5.049e+07 -5.049e+07
 -1.703e+08 1.703e+08
 2.16e+08 -2.16e+08
 2.313e+08 -2.313e+08
 -4.221e+08 4.221e+08
 -8.73e+05 8.73e+05
 -2.019e+08 2.019e+08
 -1.258e+09 1.258e+09
 1.148e+08 -1.148e+08
 -1.279e+08 1.279e+08
 4.998e+06 -4.998e+06
 -1.933e+08 1.933e+08
 -3.088e+08 3.088e+08
 9.96e+07 -9.96e+07
 -1.674e+08 1.674e+08
 2.411e+07 -2.411e+07
 3.129e+08 -3.129e+08
 4.224e+08 -4.224e+08
 2.712e+08 -2.712e+08
 -1.033e+08 1.033e+08
 1.283e+08 -1.283e+08
 1.852e+07 -1.852e+07
 -2.231e+08 2.231e+08
 3.015e+08 -3.015e+08
 2.691e+08 -2.691e+08
 3.714e+08 -3.714e+08
 -4.092e+08 4.092e+08
 -2.183e+08 2.183e+08
 2.029e+08 -2.029e+08
 8.601e+07 -8.601e+07
 4.769e+08 -4.769e+08
 1.58e+08 -1.58e+08
 -6.543e+08 6.543e+08
 -4.186e+08 4.186e+08
 -9.742e+07 9.742e+07
 -7.502e+07 7.502e+07
 -4.972e+08 4.972e+08
 7.201e+07 -7.201e+07
 9.658e+07 -9.658e+07
 7.715e+07 -7.715e+07
 1.339e+08 -1.339e+08
 -1.732e+08 1.732e+08
 5.239e+08 -5.239e+08
 7.394e+08 -7.394e+08
 -2.963e+08 2.963e+08
 -3.33e+08 3.33e+08
 -2.799e+08 2.799e+08
 3.608e+08 -3.608e+08
 3.188e+07 -3.188e+07
 -5.527e+07 5.527e+07
 -3.243e+08 3.243e+08
 -2.658e+08 2.658e+08
 1.534e+08 -1.534e+08
 -4.879e+08 4.879e+08
 5.303e+08 -5.303e+08
 -7.22e+08 7.22e+08
 2.898e+08 -2.898e+08
 -4.468e+08 4.468e+08
 1.211e+08 -1.211e+08
 5.759e+08 -5.759e+08
 -6.496e+08 6.496e+08
 -2.105e+08 2.105e+08
 -4.677e+08 4.677e+08
 1.273e+08 -1.273e+08
 -2.34e+08 2.34e+08
 -4.094e+08 4.094e+08
 2.978e+07 -2.978e+07
 8.766e+07 -8.766e+07
 1.393e+08 -1.393e+08
 -2.065e+08 2.065e+08
 -2.182e+08 2.182e+08
 1.913e+08 -1.913e+08
 5.8e+08 -5.8e+08
 4.895e+08 -4.895e+08
 1.192e+08 -1.192e+08
 -2.652e+08 2.652e+08
 1.259e+09 -1.259e+09
 -6.358e+08 6.358e+08
 -2.577e+08 2.577e+08
 -4.606e+07 4.606e+07
 -4.241e+08 4.241e+08
 -8.59e+07 8.59e+07
 -1.051e+08 1.051e+08
 -1.575e+08 1.575e+08
 -1.59e+08 1.59e+08
 -2.64e+08 2.64e+08
 2.003e+08 -2.003e+08
 -1.726e+08 1.726e+08
 2.608e+08 -2.608e+08
 -4.14e+08 4.14e+08
 -1.216e+08 1.216e+08
 6.93e+07 -6.93e+07
 -1.168e+08 1.168e+08
 1.393e+08 -1.393e+08
 -2.4e+07 2.4e+07
 1.161e+08 -1.161e+08
 -7.612e+07 7.612e+07
 3.611e+08 -3.611e+08
 -3.204e+08 3.204e+08
 2.575e+08 -2.575e+08
 -3.266e+08 3.266e+08
 -1.389e+08 1.389e+08
 -6.085e+08 6.085e+08
 5.607e+08 -5.607e+08
 9.776e+07 -9.776e+07
 1.986e+08 -1.986e+08
 3.629e+08 -3.629e+08
 4.825e+07 -4.825e+07
 1.124e+08 -1.124e+08
 3.979e+07 -3.979e+07
 3.465e+07 -3.465e+07
 -7.352e+08 7.352e+08
 -3.642e+08 3.642e+08
 -1.801e+08 1.801e+08
 2.053e+08 -2.053e+08
 1.931e+08 -1.931e+08
 -4.057e+08 4.057e+08
 -6.261e+08 6.261e+08
 -2.904e+08 2.904e+08
 5.387e+08 -5.387e+08
 1.766e+07 -1.766e+07
 -5.965e+08 5.965e+08
 -2.956e+08 2.956e+08
 -2.241e+08 2.241e+08
 -4.718e+07 4.718e+07
 -2.676e+08 2.676e+08
 2.945e+08 -2.945e+08
 -2.659e+08 2.659e+08
 6.297e+07 -6.297e+07
 1.01e+08 -1.01e+08
 -7.336e+08 7.336e+08
 4.595e+07 -4.595e+07
 5.689e+08 -5.689e+08
 2.158e+08 -2.158e+08
 -4.005e+07 4.005e+07
 -1.161e+08 1.161e+08
 5.809e+08 -5.809e+08
 2.546e+08 -2.546e+08
 3.169e+08 -3.169e+08
 -1.455e+08 1.455e+08
 -8.468e+07 8.468e+07
 7.763e+08 -7.763e+08
 8.255e+07 -8.255e+07
 -5.914e+08 5.914e+08
 -2.322e+08 2.322e+08
 1.713e+08 -1.713e+08
 1.193e+08 -1.193e+08
 5.707e+07 -5.707e+07
 -2.866e+08 2.866e+08
 -2.598e+08 2.598e+08
 -1.695e+08 1.695e+08
 -2.182e+08 2.182e+08
 5.919e+08 -5.919e+08
 7.091e+08 -7.091e+08
 -3.586e+08 3.586e+08
 2.527e+07 -2.527e+07
 1.814e+07 -1.814e+07
 -2.312e+08 2.312e+08
 -6.925e+06 6.925e+06
 -6.097e+08 6.097e+08
 -7.856e+08 7.856e+08
 1.811e+08 -1.811e+08
 6.065e+08 -6.065e+08
 2.91e+08 -2.91e+08
 6.642e+07 -6.642e+07
 -9.611e+07 9.611e+07
 -1.955e+08 1.955e+08
 3.236e+07 -3.236e+07
 3.998e+08 -3.998e+08
 -6.352e+07 6.352e+07
 -4.058e+08 4.058e+08
 4.658e+08 -4.658e+08
 -1.718e+08 1.718e+08
 -5.808e+08 5.808e+08
 -3.262e+08 3.262e+08
 -2.974e+08 2.974e+08
 6.58e+07 -6.58e+07
 -7.172e+07 7.172e+07
 1.403e+08 -1.403e+08
 1.12e+09 -1.12e+09
 -7.915e+08 7.915e+08
 -4.736e+07 4.736e+07
 5.61e+08 -5.61e+08
 -6.138e+08 6.138e+08
 2.85e+08 -2.85e+08
 -4.184e+07 4.184e+07
 -1.664e+08 1.664e+08
 -1.952e+08 1.952e+08
 3.903e+08 -3.903e+08
 3.141e+08 -3.141e+08
 9.87e+07 -9.87e+07
 -9.313e+07 9.313e+07
 1.817e+08 -1.817e+08
 2.528e+08 -2.528e+08
 9.96e+07 -9.96e+07
 1.277e+07 -1.277e+07
 3.97e+08 -3.97e+08
 4.239e+07 -4.239e+07
 4.97e+07 -4.97e+07
 -4.506e+08 4.506e+08
 1.611e+08 -1.611e+08
 -2.036e+08 2.036e+08
 2.922e+08 -2.922e+08
 1.794e+08 -1.794e+08
 -7.388e+08 7.388e+08
 4.331e+07 -4.331e+07
 -2.214e+08 2.214e+08
