# Created by Octave 5.2.0, Thu Sep 24 16:40:13 2020 CEST <jiwidi@land>
# name: w
# type: matrix
# rows: 1281
# columns: 2
 1600 -1600
 -1.824e+05 1.824e+05
 -4.837e+05 4.837e+05
 1.939e+05 -1.939e+05
 -2.632e+05 2.632e+05
 1.564e+05 -1.564e+05
 -7.818e+04 7.818e+04
 1.095e+06 -1.095e+06
 8.36e+05 -8.36e+05
 5.188e+05 -5.188e+05
 5.659e+05 -5.659e+05
 -3.962e+05 3.962e+05
 -1.809e+05 1.809e+05
 -9.531e+05 9.531e+05
 3.415e+05 -3.415e+05
 2.54e+05 -2.54e+05
 3.634e+05 -3.634e+05
 1.217e+05 -1.217e+05
 -2.152e+05 2.152e+05
 3.562e+05 -3.562e+05
 -1.841e+05 1.841e+05
 -3.195e+05 3.195e+05
 -4.898e+05 4.898e+05
 4.869e+04 -4.869e+04
 1.861e+05 -1.861e+05
 -1.859e+05 1.859e+05
 -3.795e+05 3.795e+05
 -3.472e+05 3.472e+05
 -4.119e+04 4.119e+04
 2.327e+05 -2.327e+05
 -3.32e+05 3.32e+05
 4.022e+04 -4.022e+04
 9.157e+05 -9.157e+05
 -1.956e+05 1.956e+05
 -4.207e+05 4.207e+05
 7678 -7678
 -4.289e+04 4.289e+04
 -2.265e+05 2.265e+05
 -4.518e+05 4.518e+05
 9.493e+05 -9.493e+05
 1.834e+05 -1.834e+05
 -1.312e+05 1.312e+05
 -3.913e+04 3.913e+04
 1.928e+04 -1.928e+04
 -8.266e+05 8.266e+05
 -2.71e+05 2.71e+05
 1.932e+05 -1.932e+05
 2.113e+05 -2.113e+05
 -8.645e+04 8.645e+04
 -3.234e+05 3.234e+05
 -3.006e+05 3.006e+05
 -1.095e+05 1.095e+05
 6297 -6297
 4.134e+05 -4.134e+05
 9.843e+05 -9.843e+05
 1.182e+05 -1.182e+05
 -3.298e+05 3.298e+05
 6.653e+05 -6.653e+05
 1.151e+05 -1.151e+05
 3.537e+04 -3.537e+04
 -4.209e+05 4.209e+05
 -3.832e+04 3.832e+04
 6.138e+04 -6.138e+04
 -6.274e+05 6.274e+05
 -2.215e+05 2.215e+05
 -5.164e+05 5.164e+05
 8.122e+04 -8.122e+04
 -1.572e+05 1.572e+05
 -5.553e+04 5.553e+04
 9.688e+05 -9.688e+05
 4.22e+05 -4.22e+05
 -4.709e+04 4.709e+04
 7.453e+04 -7.453e+04
 6.316e+04 -6.316e+04
 -3.268e+05 3.268e+05
 -1.41e+05 1.41e+05
 7.656e+05 -7.656e+05
 5.706e+05 -5.706e+05
 1.967e+05 -1.967e+05
 2.213e+05 -2.213e+05
 1.852e+05 -1.852e+05
 -9.236e+04 9.236e+04
 -1.095e+05 1.095e+05
 9.219e+04 -9.219e+04
 -3.014e+05 3.014e+05
 1.952e+04 -1.952e+04
 2.058e+04 -2.058e+04
 2.771e+05 -2.771e+05
 -3.751e+05 3.751e+05
 1.922e+05 -1.922e+05
 -2.287e+05 2.287e+05
 -4432 4432
 -2.679e+05 2.679e+05
 1.573e+04 -1.573e+04
 -3.366e+05 3.366e+05
 2.314e+05 -2.314e+05
 2.161e+05 -2.161e+05
 -2.533e+05 2.533e+05
 1.812e+04 -1.812e+04
 3.323e+05 -3.323e+05
 -3.596e+04 3.596e+04
 8.58e+04 -8.58e+04
 -1.122e+05 1.122e+05
 -1.559e+05 1.559e+05
 -3.851e+05 3.851e+05
 6.158e+05 -6.158e+05
 1.297e+05 -1.297e+05
 -1.618e+05 1.618e+05
 -1.582e+05 1.582e+05
 -8758 8758
 -7.188e+05 7.188e+05
 -3.474e+04 3.474e+04
 6.863e+04 -6.863e+04
 2.609e+04 -2.609e+04
 -5.702e+05 5.702e+05
 -1.864e+04 1.864e+04
 1.982e+05 -1.982e+05
 -3.269e+05 3.269e+05
 1.254e+04 -1.254e+04
 1.45e+05 -1.45e+05
 6.434e+04 -6.434e+04
 1.363e+05 -1.363e+05
 -1.822e+05 1.822e+05
 5.447e+05 -5.447e+05
 -6.437e+04 6.437e+04
 -2.444e+05 2.444e+05
 2.193e+05 -2.193e+05
 2.656e+05 -2.656e+05
 2.192e+05 -2.192e+05
 5.864e+04 -5.864e+04
 3.186e+04 -3.186e+04
 2.026e+05 -2.026e+05
 1.477e+05 -1.477e+05
 -3.55e+04 3.55e+04
 -1.191e+05 1.191e+05
 -1.525e+04 1.525e+04
 -8.859e+04 8.859e+04
 4.369e+04 -4.369e+04
 2.893e+05 -2.893e+05
 1.507e+05 -1.507e+05
 2.069e+05 -2.069e+05
 7.686e+04 -7.686e+04
 -1.807e+05 1.807e+05
 -3.186e+05 3.186e+05
 -2.57e+05 2.57e+05
 -3.205e+05 3.205e+05
 -1.146e+04 1.146e+04
 3.787e+05 -3.787e+05
 5.581e+05 -5.581e+05
 3.019e+05 -3.019e+05
 8.967e+05 -8.967e+05
 3.364e+05 -3.364e+05
 3.633e+05 -3.633e+05
 3.393e+05 -3.393e+05
 4.306e+05 -4.306e+05
 3.822e+04 -3.822e+04
 -1.841e+05 1.841e+05
 1.835e+05 -1.835e+05
 2.258e+05 -2.258e+05
 -4.175e+05 4.175e+05
 4.387e+04 -4.387e+04
 -2.484e+05 2.484e+05
 -1.258e+06 1.258e+06
 1.242e+05 -1.242e+05
 -1.311e+05 1.311e+05
 5.309e+04 -5.309e+04
 -1.607e+05 1.607e+05
 -3.021e+05 3.021e+05
 5.409e+04 -5.409e+04
 -2.065e+05 2.065e+05
 2.118e+04 -2.118e+04
 2.916e+05 -2.916e+05
 4.446e+05 -4.446e+05
 2.976e+05 -2.976e+05
 -1.762e+05 1.762e+05
 8.966e+04 -8.966e+04
 -5885 5885
 -1.434e+05 1.434e+05
 3.109e+05 -3.109e+05
 2.588e+05 -2.588e+05
 3.725e+05 -3.725e+05
 -4.367e+05 4.367e+05
 -2.34e+05 2.34e+05
 2.576e+05 -2.576e+05
 1.296e+05 -1.296e+05
 4.421e+05 -4.421e+05
 1.435e+05 -1.435e+05
 -6.433e+05 6.433e+05
 -4.037e+05 4.037e+05
 -6.499e+04 6.499e+04
 -1.104e+05 1.104e+05
 -5.018e+05 5.018e+05
 1.894e+04 -1.894e+04
 1.06e+05 -1.06e+05
 6.998e+04 -6.998e+04
 1.732e+05 -1.732e+05
 -2.331e+05 2.331e+05
 5.515e+05 -5.515e+05
 7.454e+05 -7.454e+05
 -3.371e+05 3.371e+05
 -3.249e+05 3.249e+05
 -2.439e+05 2.439e+05
 4.137e+05 -4.137e+05
 4.791e+04 -4.791e+04
 -2654 2654
 -2.637e+05 2.637e+05
 -2.75e+05 2.75e+05
 1.923e+05 -1.923e+05
 -4.92e+05 4.92e+05
 5.862e+05 -5.862e+05
 -6.726e+05 6.726e+05
 3.519e+05 -3.519e+05
 -4.949e+05 4.949e+05
 9.258e+04 -9.258e+04
 5.753e+05 -5.753e+05
 -6.644e+05 6.644e+05
 -2.006e+05 2.006e+05
 -5.056e+05 5.056e+05
 2.077e+05 -2.077e+05
 -2.512e+05 2.512e+05
 -4.362e+05 4.362e+05
 3.723e+04 -3.723e+04
 1.168e+05 -1.168e+05
 1.508e+05 -1.508e+05
 -1.973e+05 1.973e+05
 -1.985e+05 1.985e+05
 1.639e+05 -1.639e+05
 5.982e+05 -5.982e+05
 5.073e+05 -5.073e+05
 1.43e+05 -1.43e+05
 -2.641e+05 2.641e+05
 1.282e+06 -1.282e+06
 -6.389e+05 6.389e+05
 -2.939e+05 2.939e+05
 -1.149e+04 1.149e+04
 -4.492e+05 4.492e+05
 -5433 5433
 -1.03e+05 1.03e+05
 -1.603e+05 1.603e+05
 -1.459e+05 1.459e+05
 -2.827e+05 2.827e+05
 2.065e+05 -2.065e+05
 -1.947e+05 1.947e+05
 2.543e+05 -2.543e+05
 -4.548e+05 4.548e+05
 -1.557e+05 1.557e+05
 7.948e+04 -7.948e+04
 -1.037e+05 1.037e+05
 1.67e+05 -1.67e+05
 -5.615e+04 5.615e+04
 1.338e+05 -1.338e+05
 -6.437e+04 6.437e+04
 3.438e+05 -3.438e+05
 -3.689e+05 3.689e+05
 2.722e+05 -2.722e+05
 -3.104e+05 3.104e+05
 -1.289e+05 1.289e+05
 -6.057e+05 6.057e+05
 5.427e+05 -5.427e+05
 6.916e+04 -6.916e+04
 2.369e+05 -2.369e+05
 3.864e+05 -3.864e+05
 5.55e+04 -5.55e+04
 1.264e+05 -1.264e+05
 6.454e+04 -6.454e+04
 -5173 5173
 -7.953e+05 7.953e+05
 -3.582e+05 3.582e+05
 -1.501e+05 1.501e+05
 2.38e+05 -2.38e+05
 1.888e+05 -1.888e+05
 -4.481e+05 4.481e+05
 -6.04e+05 6.04e+05
 -3.026e+05 3.026e+05
 6.145e+05 -6.145e+05
 4.813e+04 -4.813e+04
 -5.771e+05 5.771e+05
 -3.261e+05 3.261e+05
 -2.455e+05 2.455e+05
 -8.194e+04 8.194e+04
 -2.804e+05 2.804e+05
 2.857e+05 -2.857e+05
 -3.4e+05 3.4e+05
 1.263e+05 -1.263e+05
 8.707e+04 -8.707e+04
 -7.402e+05 7.402e+05
 1.56e+05 -1.56e+05
 5.67e+05 -5.67e+05
 1.622e+05 -1.622e+05
 -7.108e+04 7.108e+04
 -1.391e+05 1.391e+05
 5.613e+05 -5.613e+05
 2.484e+05 -2.484e+05
 3.047e+05 -3.047e+05
 -1.46e+05 1.46e+05
 -1.015e+05 1.015e+05
 8.016e+05 -8.016e+05
 1.249e+05 -1.249e+05
 -6.108e+05 6.108e+05
 -1.97e+05 1.97e+05
 2.283e+05 -2.283e+05
 1.319e+05 -1.319e+05
 6.058e+04 -6.058e+04
 -3.094e+05 3.094e+05
 -3.022e+05 3.022e+05
 -1.889e+05 1.889e+05
 -2.294e+05 2.294e+05
 5.946e+05 -5.946e+05
 7.452e+05 -7.452e+05
 -3.539e+05 3.539e+05
 1798 -1798
 -2.085e+04 2.085e+04
 -2.256e+05 2.256e+05
 -2425 2425
 -5.935e+05 5.935e+05
 -8.745e+05 8.745e+05
 1.8e+05 -1.8e+05
 6.064e+05 -6.064e+05
 2.818e+05 -2.818e+05
 8.943e+04 -8.943e+04
 -1.034e+05 1.034e+05
 -2.123e+05 2.123e+05
 -9057 9057
 4.028e+05 -4.028e+05
 -7.924e+04 7.924e+04
 -4.396e+05 4.396e+05
 4.904e+05 -4.904e+05
 -1.262e+05 1.262e+05
 -5.795e+05 5.795e+05
 -3.305e+05 3.305e+05
 -2.854e+05 2.854e+05
 8.323e+04 -8.323e+04
 -1.116e+05 1.116e+05
 1.478e+05 -1.478e+05
 1.068e+06 -1.068e+06
 -8.174e+05 8.174e+05
 -2.301e+04 2.301e+04
 5.809e+05 -5.809e+05
 -6.711e+05 6.711e+05
 2.619e+05 -2.619e+05
 -2.714e+04 2.714e+04
 -1.169e+05 1.169e+05
 -2.146e+05 2.146e+05
 3.651e+05 -3.651e+05
 2.982e+05 -2.982e+05
 1.254e+05 -1.254e+05
 -5.215e+04 5.215e+04
 1.948e+05 -1.948e+05
 2.842e+05 -2.842e+05
 1.427e+05 -1.427e+05
 -1.875e+04 1.875e+04
 4.331e+05 -4.331e+05
 3.411e+04 -3.411e+04
 7.18e+04 -7.18e+04
 -4.599e+05 4.599e+05
 1.412e+05 -1.412e+05
 -2.152e+05 2.152e+05
 2.74e+05 -2.74e+05
 2.039e+05 -2.039e+05
 -7.43e+05 7.43e+05
 6.087e+04 -6.087e+04
 -1.535e+05 1.535e+05
 -5.225e+05 5.225e+05
 -1.598e+05 1.598e+05
 2.368e+05 -2.368e+05
 -2.33e+05 2.33e+05
