# Created by Octave 5.2.0, Thu Sep 24 16:37:30 2020 CEST <jiwidi@land>
# name: w
# type: matrix
# rows: 1281
# columns: 2
 0.9 -0.9
 -159.6 159.6
 -449.4 449.4
 75.19 -75.19
 -272.5 272.5
 253.1 -253.1
 -22.8 22.8
 1030 -1030
 751.1 -751.1
 499.1 -499.1
 595.1 -595.1
 -453.7 453.7
 -92.69 92.69
 -808.9 808.9
 344.9 -344.9
 306.6 -306.6
 354.6 -354.6
 93.44 -93.44
 -254.7 254.7
 387.8 -387.8
 -150.3 150.3
 -335.2 335.2
 -419.9 419.9
 33.42 -33.42
 205 -205
 -268.2 268.2
 -343.1 343.1
 -325.9 325.9
 -83.8 83.8
 244.6 -244.6
 -421.4 421.4
 25.49 -25.49
 902.7 -902.7
 -220.4 220.4
 -355.6 355.6
 98.5 -98.5
 -118.8 118.8
 -202.9 202.9
 -562.3 562.3
 855.9 -855.9
 235.8 -235.8
 -290.3 290.3
 -49.68 49.68
 38.05 -38.05
 -826.4 826.4
 -187.8 187.8
 201 -201
 258.2 -258.2
 58.92 -58.92
 -306.2 306.2
 -321.8 321.8
 -16.81 16.81
 22.18 -22.18
 413 -413
 945.8 -945.8
 136.6 -136.6
 -258.3 258.3
 577.6 -577.6
 112.3 -112.3
 88.99 -88.99
 -499.8 499.8
 -13.1 13.1
 119.6 -119.6
 -564.5 564.5
 -180.1 180.1
 -394.3 394.3
 46.22 -46.22
 -232.8 232.8
 -7.08 7.08
 969.5 -969.5
 393.2 -393.2
 15.46 -15.46
 96.64 -96.64
 125 -125
 -275.3 275.3
 -56.4 56.4
 657 -657
 610.1 -610.1
 148.6 -148.6
 206.1 -206.1
 97.72 -97.72
 -13.39 13.39
 -190.2 190.2
 110.7 -110.7
 -279.8 279.8
 7.541 -7.541
 75.66 -75.66
 281.8 -281.8
 -388.8 388.8
 155.7 -155.7
 -213.1 213.1
 -14.15 14.15
 -406.2 406.2
 100.4 -100.4
 -344 344
 274.2 -274.2
 233.9 -233.9
 -208.2 208.2
 -40.82 40.82
 338.3 -338.3
 -11.53 11.53
 45.59 -45.59
 -135.1 135.1
 -125.5 125.5
 -280.4 280.4
 606.1 -606.1
 221.4 -221.4
 -34.83 34.83
 -124.9 124.9
 -45.95 45.95
 -627.6 627.6
 -31.87 31.87
 91.06 -91.06
 -5.979 5.979
 -486.9 486.9
 -41.56 41.56
 245.5 -245.5
 -213.4 213.4
 -28.76 28.76
 159.1 -159.1
 28.32 -28.32
 111.5 -111.5
 -150.8 150.8
 567 -567
 -23.36 23.36
 -278.2 278.2
 247.8 -247.8
 360.9 -360.9
 134.9 -134.9
 35.38 -35.38
 -34.32 34.32
 142.5 -142.5
 31.37 -31.37
 -121.7 121.7
 -135.1 135.1
 -71.75 71.75
 3.239 -3.239
 18.02 -18.02
 238.8 -238.8
 136.6 -136.6
 168.8 -168.8
 137.9 -137.9
 -127.8 127.8
 -311.7 311.7
 -247 247
 -318.1 318.1
 -1.079 1.079
 237.5 -237.5
 508.2 -508.2
 275.7 -275.7
 971.8 -971.8
 372.8 -372.8
 293.9 -293.9
 350 -350
 388 -388
 39.96 -39.96
 -154.6 154.6
 129.9 -129.9
 127.6 -127.6
 -416.3 416.3
 47.35 -47.35
 -246.9 246.9
 -1131 1131
 149.6 -149.6
 -97.13 97.13
 -0.7917 0.7917
 -205.9 205.9
 -311.7 311.7
 15.16 -15.16
 -178.7 178.7
 -18.84 18.84
 287 -287
 440.9 -440.9
 280.9 -280.9
 -162.7 162.7
 74.15 -74.15
 91.53 -91.53
 -26.43 26.43
 297.2 -297.2
 150.1 -150.1
 265.5 -265.5
 -425.8 425.8
 -109.5 109.5
 215.7 -215.7
 167.4 -167.4
 370.6 -370.6
 84.05 -84.05
 -632 632
 -455.6 455.6
 -10.5 10.5
 -44.89 44.89
 -491.6 491.6
 31.04 -31.04
 59.71 -59.71
 64.58 -64.58
 124.4 -124.4
 -204.3 204.3
 597.5 -597.5
 739.3 -739.3
 -284.1 284.1
 -361 361
 -266.8 266.8
 327.2 -327.2
 34.82 -34.82
 149.9 -149.9
 -275.1 275.1
 -260.6 260.6
 255.3 -255.3
 -502.5 502.5
 596.3 -596.3
 -666.6 666.6
 297.8 -297.8
 -523.5 523.5
 117.4 -117.4
 607 -607
 -583.8 583.8
 -256.2 256.2
 -456.5 456.5
 175.4 -175.4
 -249.4 249.4
 -509.1 509.1
 48.86 -48.86
 83.68 -83.68
 143.2 -143.2
 -187.5 187.5
 -91.34 91.34
 129.7 -129.7
 535.5 -535.5
 419.3 -419.3
 172.3 -172.3
 -152.4 152.4
 1153 -1153
 -649.4 649.4
 -221.3 221.3
 19.24 -19.24
 -493 493
 85.77 -85.77
 -151.3 151.3
 -80.88 80.88
 -138.3 138.3
 -206.7 206.7
 26.84 -26.84
 -144.8 144.8
 286.1 -286.1
 -375.3 375.3
 -150.3 150.3
 50.58 -50.58
 -95.65 95.65
 59.6 -59.6
 30.82 -30.82
 101.8 -101.8
 -125.3 125.3
 383.8 -383.8
 -434.5 434.5
 235.1 -235.1
 -253.1 253.1
 -61.15 61.15
 -649 649
 502.8 -502.8
 38.62 -38.62
 259.4 -259.4
 437.9 -437.9
 15.99 -15.99
 92.64 -92.64
 91.12 -91.12
 15.45 -15.45
 -721.4 721.4
 -396.5 396.5
 -225.9 225.9
 159.7 -159.7
 192.4 -192.4
 -421.9 421.9
 -588.2 588.2
 -341.4 341.4
 497.1 -497.1
 30.3 -30.3
 -476.4 476.4
 -229.6 229.6
 -192.8 192.8
 -39.71 39.71
 -298.9 298.9
 283.1 -283.1
 -373 373
 105.4 -105.4
 121.5 -121.5
 -716 716
 71.32 -71.32
 556 -556
 163.9 -163.9
 -63.22 63.22
 -131.9 131.9
 449.1 -449.1
 230.7 -230.7
 215.3 -215.3
 -140.7 140.7
 -21.89 21.89
 791.2 -791.2
 117.8 -117.8
 -510.7 510.7
 -342.1 342.1
 157.1 -157.1
 177.8 -177.8
 32.43 -32.43
 -296 296
 -255.6 255.6
 -118.1 118.1
 -337.7 337.7
 557.2 -557.2
 725.8 -725.8
 -380.6 380.6
 24.84 -24.84
 -95.88 95.88
 -308.7 308.7
 30.93 -30.93
 -534.5 534.5
 -922.6 922.6
 161.1 -161.1
 669.4 -669.4
 283.8 -283.8
 15.83 -15.83
 12.51 -12.51
 -211.4 211.4
 13.29 -13.29
 361.1 -361.1
 -57.77 57.77
 -375.3 375.3
 515.6 -515.6
 -68.4 68.4
 -594.3 594.3
 -297 297
 -228 228
 6.801 -6.801
 -73.39 73.39
 125.6 -125.6
 1020 -1020
 -770 770
 -33.14 33.14
 549.5 -549.5
 -561.3 561.3
 306.5 -306.5
 11.6 -11.6
 -192.5 192.5
 -238.1 238.1
 387.7 -387.7
 389 -389
 121.7 -121.7
 -67.55 67.55
 189.2 -189.2
 203 -203
 145.4 -145.4
 98.24 -98.24
 487 -487
 47.83 -47.83
 131.1 -131.1
 -455.7 455.7
 131.4 -131.4
 -254.2 254.2
 224.3 -224.3
 194 -194
 -662.4 662.4
 27.49 -27.49
 -149.1 149.1
 -443.1 443.1
 -45.43 45.43
 285.8 -285.8
 -253 253
 380.5 -380.5
 -132.6 132.6
 -99.4 99.4
 -313.5 313.5
 733 -733
 -5.716 5.716
 -76.55 76.55
 -211.7 211.7
 -22.89 22.89
 201.4 -201.4
 313 -313
 130.5 -130.5
 -392.7 392.7
 -230.7 230.7
 513.7 -513.7
 160.9 -160.9
 140.4 -140.4
 -199.1 199.1
 20.58 -20.58
 5.844 -5.844
 -59.26 59.26
 -493.1 493.1
 60.93 -60.93
 -36.51 36.51
 188.2 -188.2
 -547.6 547.6
 223.2 -223.2
 390.5 -390.5
 -155.1 155.1
 390 -390
 -194 194
 249.7 -249.7
 63.38 -63.38
 -336.8 336.8
 449.4 -449.4
 -505.5 505.5
 -667.8 667.8
 -511.1 511.1
 178.8 -178.8
 -144.9 144.9
 -40.53 40.53
 -776.9 776.9
 526.4 -526.4
 -153.2 153.2
 174.6 -174.6
 104.4 -104.4
 -258.7 258.7
 -61.3 61.3
 81.38 -81.38
 -72.95 72.95
 436.9 -436.9
 -413.6 413.6
 -477.8 477.8
 86.28 -86.28
 -137.9 137.9
 412.1 -412.1
 -410.2 410.2
 -462.9 462.9
 69.15 -69.15
 502.8 -502.8
 77.52 -77.52
 127 -127
 -199.2 199.2
 -759.8 759.8
 162.6 -162.6
 528.2 -528.2
 -330.1 330.1
 37.08 -37.08
 215.2 -215.2
 -159.9 159.9
 690.7 -690.7
 -132.7 132.7
 164.5 -164.5
 -82.38 82.38
 -478 478
 -55.72 55.72
 -665.1 665.1
 385.9 -385.9
 -346.2 346.2
 -23.44 23.44
 21 -21
 -139.6 139.6
 253.4 -253.4
 146.1 -146.1
 -38.76 38.76
 -325 325
 -127.6 127.6
 -67.1 67.1
 479.7 -479.7
 -931.7 931.7
 -54.86 54.86
 12.05 -12.05
 -284.5 284.5
 -104.8 104.8
 -105.1 105.1
 725.6 -725.6
 133.8 -133.8
 -26.15 26.15
 -306.9 306.9
 -516.9 516.9
 225.8 -225.8
 -160.8 160.8
 -79.98 79.98
 -218.3 218.3
 267.7 -267.7
 1093 -1093
 -271.1 271.1
 75.51 -75.51
 236.6 -236.6
 208.4 -208.4
 -720.8 720.8
 -103.4 103.4
 656 -656
 -104.6 104.6
 168.4 -168.4
 -313.8 313.8
 -280.7 280.7
 -308.2 308.2
 -217.1 217.1
 -144.9 144.9
 -168.3 168.3
 103 -103
 72.34 -72.34
 118.4 -118.4
 -199.4 199.4
 -113.7 113.7
 -204.2 204.2
 -99.8 99.8
 242.5 -242.5
 -416.7 416.7
 -238.3 238.3
 611.9 -611.9
 -235.9 235.9
 -127.2 127.2
 -120.6 120.6
 328.6 -328.6
 278.6 -278.6
 176.6 -176.6
 -64.92 64.92
 -127.2 127.2
 213.5 -213.5
 -469.7 469.7
 398.5 -398.5
 225.1 -225.1
 -317.6 317.6
 -253.1 253.1
 -551.9 551.9
 375.7 -375.7
 252.3 -252.3
 -230.7 230.7
 204.1 -204.1
 183.2 -183.2
 -401.5 401.5
 204.4 -204.4
 -82.86 82.86
 -135.7 135.7
 -443.7 443.7
 -339.3 339.3
 -471.6 471.6
 179.9 -179.9
 -69.43 69.43
 -220.4 220.4
 -238.1 238.1
 326.8 -326.8
 -67.79 67.79
 4.821 -4.821
 -307.5 307.5
 -557.7 557.7
 288.4 -288.4
 -62.45 62.45
 -79.43 79.43
 2.894 -2.894
 204.1 -204.1
 90.86 -90.86
 -133.8 133.8
 453.7 -453.7
 206.8 -206.8
 176.8 -176.8
 284.1 -284.1
 225.1 -225.1
 -468.2 468.2
 226.6 -226.6
 -255 255
 -85.02 85.02
 -52.02 52.02
 616.3 -616.3
 108.5 -108.5
 -240.9 240.9
 433.8 -433.8
 876.5 -876.5
 639.2 -639.2
 492.6 -492.6
 179.4 -179.4
 -47.23 47.23
 27.28 -27.28
 -132.7 132.7
 732.4 -732.4
 -603.1 603.1
 -125.1 125.1
 180.1 -180.1
 -365.1 365.1
 -351.6 351.6
 103.3 -103.3
 -229.1 229.1
 -146.3 146.3
 643.9 -643.9
 209.8 -209.8
 423.8 -423.8
 -53.65 53.65
 -348.1 348.1
 -612 612
