# Created by Octave 5.2.0, Thu Sep 24 16:42:41 2020 CEST <jiwidi@land>
# name: w
# type: matrix
# rows: 5
# columns: 3
 -1000 1.2e+04 -4.4e+04
 -3.87e+04 -6.06e+04 -9.36e+04
 3100 -6400 -9.23e+04
 -1.074e+05 -4.36e+04 3400
 -4.35e+04 -8.88e+04 8.65e+04


