# Created by Octave 5.2.0, Thu Sep 24 16:42:39 2020 CEST <jiwidi@land>
# name: w
# type: matrix
# rows: 5
# columns: 3
 -1 12 -44
 -38.7 -60.6 -93.6
 3.1 -6.4 -92.3
 -107.4 -43.6 3.4
 -43.5 -88.8 86.5


