# Created by Octave 5.2.0, Thu Sep 24 16:42:40 2020 CEST <jiwidi@land>
# name: w
# type: matrix
# rows: 5
# columns: 3
 -660 -1660 -2900
 -7455 -1.07e+04 -1.061e+04
 -2133 -4758 -7692
 -1.231e+04 -3991 -1979
 -4580 -3086 2078


