# Created by Octave 5.2.0, Thu Sep 24 16:42:39 2020 CEST <jiwidi@land>
# name: w
# type: matrix
# rows: 5
# columns: 3
 -19.1 -75.5 -92
 -261.5 -413.1 -385.4
 -7.88 -231.4 -299.4
 -474 -171.1 -18.19
 -190.4 -58.73 42.5


