# Created by Octave 5.2.0, Thu Sep 24 16:42:40 2020 CEST <jiwidi@land>
# name: w
# type: matrix
# rows: 5
# columns: 3
 -191 -755 -920
 -2615 -4131 -3854
 -78.8 -2314 -2994
 -4740 -1711 -181.9
 -1904 -587.3 425


