# Created by Octave 5.2.0, Thu Sep 24 16:42:39 2020 CEST <jiwidi@land>
# name: w
# type: matrix
# rows: 5
# columns: 3
 -6.6 -16.6 -29
 -74.55 -107 -106.1
 -21.33 -47.58 -76.92
 -123.1 -39.91 -19.79
 -45.8 -30.86 20.78


