# Created by Octave 5.2.0, Thu Sep 24 16:42:41 2020 CEST <jiwidi@land>
# name: w
# type: matrix
# rows: 5
# columns: 3
 -6600 -1.66e+04 -2.9e+04
 -7.455e+04 -1.07e+05 -1.061e+05
 -2.133e+04 -4.758e+04 -7.692e+04
 -1.231e+05 -3.991e+04 -1.979e+04
 -4.58e+04 -3.086e+04 2.078e+04


