# Created by Octave 5.2.0, Thu Sep 24 16:42:41 2020 CEST <jiwidi@land>
# name: w
# type: matrix
# rows: 5
# columns: 3
 -1e+04 -3e+04 -8e+04
 -1.82e+05 -2.41e+05 -2.81e+05
 2000 -1.6e+05 -2.15e+05
 -3.92e+05 -6e+04 -1.9e+04
 -1.64e+05 -6.9e+04 7.7e+04


