# Created by Octave 5.2.0, Thu Sep 24 16:42:39 2020 CEST <jiwidi@land>
# name: w
# type: matrix
# rows: 5
# columns: 3
 -1 -3 -8
 -18.2 -24.1 -28.1
 0.2 -16 -21.5
 -39.2 -6 -1.9
 -16.4 -6.9 7.7


