# Created by Octave 5.2.0, Thu Sep 24 16:42:39 2020 CEST <jiwidi@land>
# name: w
# type: matrix
# rows: 5
# columns: 3
 -1 -3 -10
 -21 -26.4 -33.2
 -2 -17.7 -22.9
 -47.6 -7.2 -0.7
 -18.7 -8.5 10


