# Created by Octave 5.2.0, Thu Sep 24 16:42:40 2020 CEST <jiwidi@land>
# name: w
# type: matrix
# rows: 5
# columns: 3
 -1910 -7550 -9200
 -2.615e+04 -4.131e+04 -3.854e+04
 -788 -2.314e+04 -2.994e+04
 -4.74e+04 -1.711e+04 -1819
 -1.904e+04 -5873 4250


