# Created by Octave 5.2.0, Thu Sep 24 16:42:40 2020 CEST <jiwidi@land>
# name: w
# type: matrix
# rows: 5
# columns: 3
 -10 120 -440
 -387 -606 -936
 31 -64 -923
 -1074 -436 34
 -435 -888 865


