# Created by Octave 5.2.0, Thu Sep 24 16:42:40 2020 CEST <jiwidi@land>
# name: w
# type: matrix
# rows: 5
# columns: 3
 -10 -30 -80
 -182 -241 -281
 2 -160 -215
 -392 -60 -19
 -164 -69 77


