# Created by Octave 5.2.0, Thu Sep 24 17:43:04 2020 CEST <jiwidi@land>
# name: w
# type: matrix
# rows: 101
# columns: 20
 -1.789e+05 -1.781e+05 -1.785e+05 -1.779e+05 -1.782e+05 -1.788e+05 -1.779e+05 -1.794e+05 -1.794e+05 -1.789e+05 -1.79e+05 -1.786e+05 -1.786e+05 -1.796e+05 -1.788e+05 -1.781e+05 -1.783e+05 -1.794e+05 -1.79e+05 -1.797e+05
 -1.783e+04 -1.704e+04 -1.699e+04 -1.693e+04 -1.689e+04 -1.685e+04 -1.685e+04 -1.702e+04 -1.707e+04 -1.702e+04 -1.683e+04 -1.506e+04 -1.736e+04 -1.727e+04 -1.655e+04 -1.702e+04 -1.543e+04 -1.68e+04 -1.463e+04 -1.674e+04
 -4237 -4132 -4270 -4106 -4042 -3951 -3809 -3956 -3838 -3898 -3878 -938.4 -3821 -4150 -4270 -4041 -3370 -3281 -4200 -4091
 -6368 -5697 -5650 -5664 -5763 -5757 -5918 -5974 -5926 -6090 -5787 -6108 -5604 -5851 -5652 -5866 -722.4 -6311 -5012 -5770
 -1833 -1727 -1691 -1727 -1724 -1702 -1733 -1755 -1705 -1781 -1724 -1900 -1700 -1774 -1768 -1772 -2038 1062 -980.5 -1791
 -1.312e+04 -1.307e+04 -1.305e+04 -1.313e+04 -1.311e+04 -1.302e+04 -1.315e+04 -1.292e+04 -1.274e+04 -1.306e+04 -1.324e+04 -1.253e+04 -1.263e+04 -1.312e+04 -1.316e+04 -1.301e+04 -1.242e+04 -1.311e+04 -1.213e+04 -1.298e+04
 -9096 -9205 -9533 -9198 -9290 -9117 -8194 -9046 -8952 -5795 -4853 -9194 -8902 -8965 -9313 -9420 -9254 -9007 -9356 -8935
 -2672 -2149 -2173 -2209 -2231 -2071 -2108 -2285 -2300 -2496 -2329 -2441 -2226 -2262 -2270 -2135 -2755 2670 -2698 -2308
 -2418 -2211 -2193 -2536 -2405 -2223 -2222 -2170 -2193 -2270 -2198 3025 -2662 -2152 -1887 -2235 -2844 -2276 -3105 -2375
 -6901 -6726 -6793 -6906 -6762 -6866 -4992 -6744 -6829 -4295 -4226 -6828 -6313 -6634 -6804 -6840 -6973 -6650 -7024 -6879
 -1058 -924.6 -925.3 -1005 -983.4 -978.4 -929.7 -916.6 -947.1 -929.5 -886.6 1190 -1116 -903.2 -981.7 -904.5 -1022 -943.4 -1233 -1033
 -8470 -7668 -7702 -7649 -7715 -7526 -7573 -7766 -7819 -7774 -7660 -7259 -7863 -7960 -7832 -7991 -4270 -7739 -7204 -6094
 -3776 -3001 -3608 -3573 -3613 -3551 -2713 -3670 -3674 -1728 -1317 -3544 -3280 -3516 -3754 -3526 -3627 -3505 -3703 -3515
 -3013 -2537 -3455 -3116 -2778 2556 -2904 -2797 -2817 -2792 -2784 -3039 -2853 -2771 -2906 -3018 -2825 -2794 -2885 -2604
 -4196 -4162 -4230 -1160 -2484 -4141 -3321 -4297 -4341 -4074 -4092 -4078 -4213 -4073 -4115 -4067 -4121 -4008 -4122 -4168
 -6552 -6688 -6704 -6680 -6731 -6635 -6631 -6880 -6793 -6851 -6715 -7124 -6778 -6864 -6862 -7555 -5967 -7050 -5757 -4521
 -8172 -8005 -8058 -8061 -7973 -7930 -7826 -7674 -7890 -7996 -7969 -7809 -8153 -7981 -8012 -8082 -7349 -6819 -5979 -7555
 -5411 -4999 -5010 -5038 -5017 -4923 -4883 -5003 -5004 -5098 -4890 -5044 -4930 -5151 -5174 -5056 -2053 -5275 -4085 -3875
 -5829 -5138 -5128 -5102 -5306 -5043 -5047 -5219 -5336 -5466 -5063 -5483 -5219 -5213 -5232 -4749 -5230 -1428 -5148 -5000
 -1.691e+04 -1.843e+04 -1.85e+04 -1.846e+04 -1.848e+04 -1.845e+04 -1.852e+04 -1.837e+04 -1.853e+04 -1.845e+04 -1.867e+04 -1.867e+04 -1.841e+04 -1.799e+04 -1.857e+04 -1.858e+04 -1.933e+04 -1.842e+04 -1.761e+04 -1.665e+04
 -8798 -9207 -9218 -9239 -9272 -9189 -9141 -9228 -9322 -9406 -9107 -9220 -9265 -9449 -9403 -9153 -9079 -9880 -9754 -7881
 -1.012e+04 -9421 -9324 -9433 -9515 -9280 -9241 -9272 -9283 -9678 -9334 -9463 -9461 -8596 -9459 -9207 -8253 -8827 -7770 -8757
 -9358 -9571 -9569 -1.024e+04 -3971 -9531 -8983 -9534 -9428 -9608 -9137 -8912 -9287 -9129 -9423 -9821 -9891 -9568 -9723 -7973
 -7090 -8453 -8743 -8823 -8818 -8755 -8511 -8653 -8668 -8741 -8747 -9037 -8399 -8725 -5135 -8727 -9021 -8296 -9125 -7468
 -1.644e+04 -1.556e+04 -1.69e+04 -1.528e+04 -1.562e+04 -1.552e+04 -1.565e+04 -1.618e+04 -1.615e+04 -1.647e+04 -1.628e+04 -1.628e+04 -1.558e+04 -1.599e+04 -1.547e+04 -1.621e+04 -1.641e+04 -1.614e+04 -1.659e+04 -1.623e+04
 -3021 -2784 -2838 -2042 -3162 -2772 -2896 -2801 -2856 -1048 -1013 -3126 -2867 -2856 -2640 -2817 -2694 -2800 -2855 -2979
 -3569 -3444 -3434 -3404 -3529 -3356 -3414 -3398 -3436 -396.5 -268.7 -3380 -3496 -3342 -3551 -3416 -3602 -3497 -3680 -3535
 -1.775e+04 -1.68e+04 -1.712e+04 -1.76e+04 -1.792e+04 -1.706e+04 -1.806e+04 -1.791e+04 -1.787e+04 -1.811e+04 -1.799e+04 -1.763e+04 -1.647e+04 -1.708e+04 -1.731e+04 -1.792e+04 -1.814e+04 -1.761e+04 -1.772e+04 -1.777e+04
 -7098 -7895 -7877 -7702 -7776 -7834 -7804 -7820 -7924 -8013 -7823 -8016 -7773 -7864 -7967 -5763 -7933 -7846 -8721 -4941
 -1.259e+04 -1.217e+04 -1.222e+04 -9226 -1.349e+04 -1.159e+04 -1.219e+04 -1.252e+04 -1.234e+04 -1.262e+04 -1.258e+04 -1.287e+04 -1.13e+04 -1.163e+04 -1.241e+04 -1.255e+04 -1.261e+04 -1.242e+04 -1.258e+04 -1.25e+04
 -2.011e+04 -1.94e+04 -1.969e+04 -1.957e+04 -1.932e+04 -1.892e+04 -1.897e+04 -1.835e+04 -1.911e+04 -1.618e+04 -1.86e+04 -1.972e+04 -1.929e+04 -1.797e+04 -1.854e+04 -1.901e+04 -1.888e+04 -1.892e+04 -1.948e+04 -2e+04
 -4895 -4528 -4506 -4454 -4460 -4495 -4460 -4540 -4412 -4636 -4581 -4687 -4646 -4657 -4650 -4804 -445.9 -4076 -4442 -4222
 -6102 -5683 -5791 -5821 -5824 -5633 -5594 -5660 -5630 -2287 -1593 -5804 -5817 -5588 -5378 -5694 -5913 -5476 -6139 -5499
 -4838 -3835 -3786 -3822 -3818 -3665 -3743 -3790 -3852 -3846 -3714 -3880 -3865 -3806 -3990 -1018 -3869 -4230 -4415 -2098
 -8449 -7794 -7766 -7791 -7825 -7794 -7550 -7612 -7663 -7840 -7692 -8206 -7223 -7741 -7765 -7388 -5639 -7930 -7454 -7674
 -3589 -3417 -3316 -3357 -3280 -3241 -3003 -3304 -3285 2916 -3975 -3329 -3386 -3237 -3379 -3347 -3513 -3409 -3574 -3297
 -3496 -4014 -4301 -4485 -3700 -4052 1706 -3514 -3426 -3677 -3650 -4070 -3723 -2975 -3664 -3561 -3510 -3433 -3467 -3426
 -4120 -4233 -4148 -3823 -4119 -2668 -3984 -3151 -3988 -3844 -3777 -923.7 -3684 -3717 -4043 -3830 -3999 -3881 -4325 -4037
 -978.1 -863.1 -877 -875 -872.8 -893.3 -847.6 -1396 -880.4 -900.7 -878 -920.1 -860.9 -852.8 -896.1 -890.6 -1173 1716 -1063 -976.4
 -897.5 -829.3 -858 -838.8 -830.8 -830.2 -899.5 -854.4 -847.3 -2473 2469 -838.4 -857.1 -849.4 -878.1 -848.4 -891.9 -831 -905.5 -837.5
 -7426 -7072 -7855 -7554 -7346 -6808 -7719 -7561 -7493 -7915 -7824 -7819 -7171 -6954 -3255 -7662 -7895 -7885 -7753 -8200
 -3555 -3275 -3286 -3230 -3353 -3148 -3179 -3275 -3282 -84.9 -1174 -3298 -3250 -3089 -3064 -3310 -3441 -3342 -3704 -3387
 -1.211e+04 -1.201e+04 -1.196e+04 -1.216e+04 -1.203e+04 -1.201e+04 -1.048e+04 -4532 -1.008e+04 -1.223e+04 -1.197e+04 -1.203e+04 -9837 -1.188e+04 -1.219e+04 -1.195e+04 -1.192e+04 -1.166e+04 -1.185e+04 -1.176e+04
 -2.264e+04 -2.384e+04 -2.384e+04 -2.382e+04 -2.388e+04 -2.374e+04 -2.377e+04 -2.383e+04 -2.376e+04 -2.386e+04 -2.385e+04 -2.387e+04 -2.393e+04 -2.393e+04 -2.414e+04 -2.222e+04 -2.41e+04 -2.382e+04 -2.416e+04 -2.314e+04
 -5476 -5866 -5868 -5850 -5927 -5811 -5813 -5899 -5682 -6062 -5781 -5973 -5822 -6108 -5895 -1999 -6120 -5932 -5388 -5641
 -7450 -6780 -6935 -7186 -6969 -7117 -7045 -6846 -7095 -5764 -4309 -6935 -6449 -6700 -7260 -7082 -7572 -7059 -6956 -6704
 -2597 -2549 -2579 -2413 -2501 -2510 -2396 -2322 -2377 -2389 -2285 2772 -2465 -2333 -2533 -2358 -2530 -2422 -3153 -2513
 -1.4e+05 -1.422e+05 -1.416e+05 -1.423e+05 -1.42e+05 -1.42e+05 -1.426e+05 -1.414e+05 -1.412e+05 -1.413e+05 -1.417e+05 -1.414e+05 -1.415e+05 -1.421e+05 -1.411e+05 -1.419e+05 -1.415e+05 -1.413e+05 -1.405e+05 -1.405e+05
 576.3 -3506 -3579 -3494 -3745 -3245 -2998 -3952 -4114 -4095 -3492 -3978 -3979 -4294 -3989 -3803 -4164 -4061 -5391 -537.5
 -2284 -2537 -2473 -2558 -2452 -2457 -2421 -2526 -2625 -2640 -2481 -2559 -2611 -2486 1948 -2552 -2652 -2515 -2898 -2620
 -5271 -4582 -4577 -4612 -4675 -4507 -4540 -4491 -4663 -4714 -4546 -4659 -4665 -4746 -4682 -2343 -4875 -4522 -5000 -2750
 -1492 -1227 -1242 -1233 -1235 -1189 -1190 -1230 -1308 -1348 -1235 -1355 -1260 -1225 -1321 -1244 -1494 1417 -1469 -1408
 -1809 -1197 -1167 -1177 -1175 -1155 -1213 -1149 -1165 -1155 -1154 -1183 -1177 -1214 -1205 2265 -1257 -1265 -1320 -2111
 -5623 -8763 -8709 -8747 -8751 -8677 -8608 -8774 -8870 -8943 -8674 -8997 -8824 -9137 -9023 -8988 -8835 -8225 -9372 -7322
 -3324 -2212 -2256 -2197 -2342 -2076 -2268 -2243 -2284 -2292 -2222 -2361 -2282 -2379 -2208 467 -2469 -2442 -2540 -1825
