# Created by Octave 5.2.0, Thu Sep 24 19:05:21 2020 CEST <jiwidi@land>
# name: w
# type: matrix
# rows: 101
# columns: 20
 -1.789e+06 -1.781e+06 -1.785e+06 -1.779e+06 -1.782e+06 -1.788e+06 -1.779e+06 -1.794e+06 -1.794e+06 -1.789e+06 -1.79e+06 -1.786e+06 -1.786e+06 -1.796e+06 -1.788e+06 -1.781e+06 -1.783e+06 -1.794e+06 -1.79e+06 -1.797e+06
 -1.783e+05 -1.704e+05 -1.699e+05 -1.693e+05 -1.689e+05 -1.685e+05 -1.685e+05 -1.702e+05 -1.707e+05 -1.702e+05 -1.683e+05 -1.506e+05 -1.736e+05 -1.727e+05 -1.655e+05 -1.702e+05 -1.543e+05 -1.68e+05 -1.463e+05 -1.674e+05
 -4.238e+04 -4.132e+04 -4.269e+04 -4.106e+04 -4.042e+04 -3.951e+04 -3.809e+04 -3.956e+04 -3.838e+04 -3.898e+04 -3.878e+04 -9388 -3.821e+04 -4.15e+04 -4.271e+04 -4.041e+04 -3.37e+04 -3.281e+04 -4.2e+04 -4.09e+04
 -6.367e+04 -5.697e+04 -5.649e+04 -5.664e+04 -5.763e+04 -5.757e+04 -5.918e+04 -5.974e+04 -5.926e+04 -6.09e+04 -5.786e+04 -6.108e+04 -5.605e+04 -5.851e+04 -5.651e+04 -5.866e+04 -7229 -6.311e+04 -5.011e+04 -5.77e+04
 -1.834e+04 -1.727e+04 -1.692e+04 -1.727e+04 -1.723e+04 -1.702e+04 -1.733e+04 -1.754e+04 -1.704e+04 -1.781e+04 -1.724e+04 -1.9e+04 -1.7e+04 -1.774e+04 -1.768e+04 -1.772e+04 -2.038e+04 1.062e+04 -9808 -1.791e+04
 -1.312e+05 -1.307e+05 -1.304e+05 -1.313e+05 -1.311e+05 -1.302e+05 -1.315e+05 -1.292e+05 -1.274e+05 -1.306e+05 -1.324e+05 -1.253e+05 -1.263e+05 -1.312e+05 -1.316e+05 -1.3e+05 -1.241e+05 -1.311e+05 -1.213e+05 -1.298e+05
 -9.096e+04 -9.204e+04 -9.533e+04 -9.198e+04 -9.289e+04 -9.117e+04 -8.194e+04 -9.046e+04 -8.952e+04 -5.795e+04 -4.852e+04 -9.194e+04 -8.902e+04 -8.965e+04 -9.313e+04 -9.42e+04 -9.254e+04 -9.007e+04 -9.356e+04 -8.934e+04
 -2.672e+04 -2.149e+04 -2.172e+04 -2.209e+04 -2.23e+04 -2.072e+04 -2.108e+04 -2.285e+04 -2.3e+04 -2.496e+04 -2.329e+04 -2.441e+04 -2.226e+04 -2.262e+04 -2.27e+04 -2.135e+04 -2.755e+04 2.67e+04 -2.697e+04 -2.308e+04
 -2.419e+04 -2.211e+04 -2.193e+04 -2.536e+04 -2.405e+04 -2.224e+04 -2.222e+04 -2.17e+04 -2.193e+04 -2.27e+04 -2.198e+04 3.025e+04 -2.662e+04 -2.152e+04 -1.887e+04 -2.235e+04 -2.844e+04 -2.275e+04 -3.105e+04 -2.375e+04
 -6.901e+04 -6.726e+04 -6.793e+04 -6.906e+04 -6.761e+04 -6.866e+04 -4.992e+04 -6.744e+04 -6.829e+04 -4.295e+04 -4.226e+04 -6.828e+04 -6.313e+04 -6.634e+04 -6.804e+04 -6.84e+04 -6.973e+04 -6.65e+04 -7.024e+04 -6.879e+04
 -1.058e+04 -9246 -9254 -1.004e+04 -9834 -9783 -9296 -9166 -9469 -9294 -8867 1.19e+04 -1.116e+04 -9032 -9817 -9045 -1.022e+04 -9436 -1.233e+04 -1.033e+04
 -8.47e+04 -7.668e+04 -7.702e+04 -7.648e+04 -7.715e+04 -7.526e+04 -7.573e+04 -7.765e+04 -7.82e+04 -7.773e+04 -7.66e+04 -7.258e+04 -7.862e+04 -7.96e+04 -7.831e+04 -7.991e+04 -4.27e+04 -7.739e+04 -7.203e+04 -6.093e+04
 -3.776e+04 -3.001e+04 -3.608e+04 -3.573e+04 -3.613e+04 -3.551e+04 -2.713e+04 -3.671e+04 -3.674e+04 -1.727e+04 -1.318e+04 -3.544e+04 -3.28e+04 -3.517e+04 -3.754e+04 -3.526e+04 -3.627e+04 -3.506e+04 -3.703e+04 -3.515e+04
 -3.013e+04 -2.537e+04 -3.455e+04 -3.116e+04 -2.778e+04 2.556e+04 -2.903e+04 -2.797e+04 -2.817e+04 -2.791e+04 -2.784e+04 -3.039e+04 -2.853e+04 -2.771e+04 -2.905e+04 -3.018e+04 -2.825e+04 -2.794e+04 -2.886e+04 -2.604e+04
 -4.196e+04 -4.163e+04 -4.231e+04 -1.159e+04 -2.485e+04 -4.141e+04 -3.322e+04 -4.297e+04 -4.342e+04 -4.074e+04 -4.092e+04 -4.079e+04 -4.213e+04 -4.073e+04 -4.116e+04 -4.067e+04 -4.121e+04 -4.008e+04 -4.122e+04 -4.168e+04
 -6.553e+04 -6.688e+04 -6.703e+04 -6.679e+04 -6.731e+04 -6.636e+04 -6.632e+04 -6.88e+04 -6.794e+04 -6.851e+04 -6.715e+04 -7.124e+04 -6.778e+04 -6.865e+04 -6.862e+04 -7.554e+04 -5.967e+04 -7.05e+04 -5.756e+04 -4.521e+04
 -8.172e+04 -8.006e+04 -8.058e+04 -8.061e+04 -7.972e+04 -7.931e+04 -7.826e+04 -7.674e+04 -7.89e+04 -7.996e+04 -7.969e+04 -7.809e+04 -8.152e+04 -7.98e+04 -8.012e+04 -8.082e+04 -7.349e+04 -6.819e+04 -5.98e+04 -7.555e+04
 -5.41e+04 -4.999e+04 -5.01e+04 -5.038e+04 -5.017e+04 -4.923e+04 -4.883e+04 -5.003e+04 -5.004e+04 -5.098e+04 -4.89e+04 -5.045e+04 -4.93e+04 -5.151e+04 -5.174e+04 -5.056e+04 -2.053e+04 -5.275e+04 -4.086e+04 -3.875e+04
 -5.83e+04 -5.138e+04 -5.128e+04 -5.103e+04 -5.306e+04 -5.044e+04 -5.047e+04 -5.219e+04 -5.336e+04 -5.465e+04 -5.063e+04 -5.483e+04 -5.22e+04 -5.213e+04 -5.232e+04 -4.75e+04 -5.232e+04 -1.428e+04 -5.149e+04 -5e+04
 -1.692e+05 -1.843e+05 -1.85e+05 -1.846e+05 -1.848e+05 -1.845e+05 -1.852e+05 -1.837e+05 -1.853e+05 -1.845e+05 -1.867e+05 -1.867e+05 -1.841e+05 -1.799e+05 -1.857e+05 -1.858e+05 -1.933e+05 -1.842e+05 -1.761e+05 -1.665e+05
 -8.799e+04 -9.208e+04 -9.219e+04 -9.24e+04 -9.272e+04 -9.19e+04 -9.142e+04 -9.229e+04 -9.323e+04 -9.407e+04 -9.108e+04 -9.221e+04 -9.266e+04 -9.45e+04 -9.404e+04 -9.153e+04 -9.08e+04 -9.887e+04 -9.755e+04 -7.881e+04
 -1.012e+05 -9.421e+04 -9.323e+04 -9.433e+04 -9.514e+04 -9.279e+04 -9.24e+04 -9.272e+04 -9.282e+04 -9.676e+04 -9.334e+04 -9.462e+04 -9.46e+04 -8.596e+04 -9.457e+04 -9.205e+04 -8.251e+04 -8.827e+04 -7.77e+04 -8.756e+04
 -9.358e+04 -9.571e+04 -9.569e+04 -1.024e+05 -3.971e+04 -9.531e+04 -8.983e+04 -9.535e+04 -9.428e+04 -9.607e+04 -9.137e+04 -8.912e+04 -9.287e+04 -9.13e+04 -9.423e+04 -9.821e+04 -9.891e+04 -9.568e+04 -9.722e+04 -7.972e+04
 -7.09e+04 -8.452e+04 -8.742e+04 -8.824e+04 -8.818e+04 -8.756e+04 -8.511e+04 -8.652e+04 -8.668e+04 -8.741e+04 -8.747e+04 -9.037e+04 -8.398e+04 -8.725e+04 -5.136e+04 -8.727e+04 -9.021e+04 -8.296e+04 -9.126e+04 -7.468e+04
 -1.644e+05 -1.556e+05 -1.69e+05 -1.528e+05 -1.562e+05 -1.552e+05 -1.565e+05 -1.618e+05 -1.615e+05 -1.647e+05 -1.628e+05 -1.627e+05 -1.558e+05 -1.599e+05 -1.547e+05 -1.621e+05 -1.641e+05 -1.613e+05 -1.659e+05 -1.623e+05
 -3.021e+04 -2.784e+04 -2.837e+04 -2.042e+04 -3.162e+04 -2.772e+04 -2.896e+04 -2.801e+04 -2.856e+04 -1.048e+04 -1.014e+04 -3.126e+04 -2.868e+04 -2.856e+04 -2.64e+04 -2.817e+04 -2.694e+04 -2.8e+04 -2.855e+04 -2.979e+04
 -3.57e+04 -3.444e+04 -3.434e+04 -3.403e+04 -3.529e+04 -3.356e+04 -3.413e+04 -3.398e+04 -3.436e+04 -3964 -2686 -3.38e+04 -3.496e+04 -3.342e+04 -3.551e+04 -3.416e+04 -3.602e+04 -3.497e+04 -3.68e+04 -3.535e+04
 -1.775e+05 -1.68e+05 -1.712e+05 -1.76e+05 -1.792e+05 -1.706e+05 -1.806e+05 -1.791e+05 -1.787e+05 -1.811e+05 -1.799e+05 -1.763e+05 -1.647e+05 -1.708e+05 -1.731e+05 -1.792e+05 -1.814e+05 -1.761e+05 -1.772e+05 -1.777e+05
 -7.098e+04 -7.896e+04 -7.877e+04 -7.702e+04 -7.776e+04 -7.834e+04 -7.804e+04 -7.821e+04 -7.924e+04 -8.014e+04 -7.823e+04 -8.016e+04 -7.772e+04 -7.864e+04 -7.968e+04 -5.763e+04 -7.933e+04 -7.847e+04 -8.721e+04 -4.941e+04
 -1.259e+05 -1.217e+05 -1.222e+05 -9.225e+04 -1.349e+05 -1.159e+05 -1.219e+05 -1.252e+05 -1.234e+05 -1.262e+05 -1.258e+05 -1.287e+05 -1.13e+05 -1.163e+05 -1.241e+05 -1.255e+05 -1.261e+05 -1.242e+05 -1.258e+05 -1.25e+05
 -2.011e+05 -1.94e+05 -1.969e+05 -1.957e+05 -1.932e+05 -1.892e+05 -1.897e+05 -1.835e+05 -1.911e+05 -1.618e+05 -1.86e+05 -1.972e+05 -1.929e+05 -1.797e+05 -1.854e+05 -1.901e+05 -1.888e+05 -1.892e+05 -1.948e+05 -2e+05
 -4.894e+04 -4.529e+04 -4.506e+04 -4.454e+04 -4.46e+04 -4.495e+04 -4.46e+04 -4.541e+04 -4.412e+04 -4.636e+04 -4.58e+04 -4.688e+04 -4.646e+04 -4.657e+04 -4.65e+04 -4.805e+04 -4460 -4.076e+04 -4.442e+04 -4.222e+04
 -6.101e+04 -5.683e+04 -5.791e+04 -5.821e+04 -5.823e+04 -5.633e+04 -5.594e+04 -5.66e+04 -5.63e+04 -2.287e+04 -1.593e+04 -5.803e+04 -5.817e+04 -5.588e+04 -5.378e+04 -5.694e+04 -5.913e+04 -5.476e+04 -6.14e+04 -5.499e+04
 -4.839e+04 -3.835e+04 -3.786e+04 -3.822e+04 -3.818e+04 -3.665e+04 -3.743e+04 -3.79e+04 -3.852e+04 -3.846e+04 -3.714e+04 -3.88e+04 -3.865e+04 -3.807e+04 -3.99e+04 -1.018e+04 -3.87e+04 -4.23e+04 -4.415e+04 -2.098e+04
 -8.449e+04 -7.793e+04 -7.766e+04 -7.79e+04 -7.824e+04 -7.794e+04 -7.55e+04 -7.611e+04 -7.663e+04 -7.84e+04 -7.692e+04 -8.206e+04 -7.223e+04 -7.74e+04 -7.764e+04 -7.388e+04 -5.638e+04 -7.93e+04 -7.454e+04 -7.674e+04
 -3.589e+04 -3.417e+04 -3.316e+04 -3.357e+04 -3.28e+04 -3.241e+04 -3.003e+04 -3.304e+04 -3.285e+04 2.916e+04 -3.975e+04 -3.329e+04 -3.386e+04 -3.237e+04 -3.379e+04 -3.348e+04 -3.513e+04 -3.409e+04 -3.574e+04 -3.297e+04
