# Created by Octave 5.2.0, Thu Sep 24 22:56:31 2020 CEST <jiwidi@land>
# name: w
# type: matrix
# rows: 101
# columns: 20
 -6.441e+09 -6.441e+09 -6.441e+09 -6.441e+09 -6.441e+09 -6.441e+09 -6.441e+09 -6.441e+09 -6.441e+09 -6.441e+09 -6.441e+09 -6.441e+09 -6.441e+09 -6.441e+09 -6.441e+09 -6.441e+09 -6.441e+09 -6.441e+09 -6.441e+09 -6.441e+09
 -6.224e+08 -6.223e+08 -6.223e+08 -6.223e+08 -6.223e+08 -6.223e+08 -6.223e+08 -6.223e+08 -6.223e+08 -6.223e+08 -6.223e+08 -6.223e+08 -6.223e+08 -6.223e+08 -6.223e+08 -6.223e+08 -6.224e+08 -6.223e+08 -6.221e+08 -6.223e+08
 -1.13e+08 -1.13e+08 -1.13e+08 -1.13e+08 -1.13e+08 -1.13e+08 -1.13e+08 -1.13e+08 -1.13e+08 -1.13e+08 -1.13e+08 -1.128e+08 -1.13e+08 -1.131e+08 -1.13e+08 -1.13e+08 -1.13e+08 -1.129e+08 -1.13e+08 -1.13e+08
 -1.164e+08 -1.172e+08 -1.172e+08 -1.163e+08 -1.167e+08 -1.174e+08 -1.164e+08 -1.164e+08 -1.164e+08 -1.163e+08 -1.163e+08 -1.163e+08 -1.163e+08 -1.163e+08 -1.164e+08 -1.164e+08 -1.154e+08 -1.164e+08 -1.162e+08 -1.163e+08
 -6.17e+06 -6.13e+06 -6.1e+06 -6.14e+06 -6.1e+06 -6.06e+06 -6.07e+06 -6.17e+06 -6.13e+06 -6.07e+06 -6.1e+06 -6.1e+06 -6.14e+06 -6.1e+06 -6.1e+06 -6.06e+06 -6.27e+06 -5.72e+06 -5.81e+06 -6.17e+06
 -5.462e+08 -5.463e+08 -5.463e+08 -5.462e+08 -5.462e+08 -5.463e+08 -5.462e+08 -5.462e+08 -5.462e+08 -5.462e+08 -5.462e+08 -5.462e+08 -5.462e+08 -5.463e+08 -5.462e+08 -5.462e+08 -5.462e+08 -5.462e+08 -5.462e+08 -5.463e+08
 -2.742e+08 -2.743e+08 -2.743e+08 -2.743e+08 -2.743e+08 -2.744e+08 -2.742e+08 -2.743e+08 -2.742e+08 -2.741e+08 -2.742e+08 -2.742e+08 -2.743e+08 -2.743e+08 -2.743e+08 -2.743e+08 -2.743e+08 -2.742e+08 -2.743e+08 -2.742e+08
 -5.33e+06 -5.04e+06 -5.05e+06 -5.1e+06 -5.09e+06 -5.96e+06 -5.16e+06 -5.16e+06 -5.12e+06 -5.27e+06 -5.25e+06 -5.16e+06 -5.1e+06 -5.24e+06 -5.14e+06 -4.98e+06 -5.35e+06 -4.66e+06 -4.93e+06 -4.93e+06
 -6.65e+06 -6.98e+06 -6.56e+06 -6.76e+06 -7.29e+06 -7.12e+06 -6.65e+06 -6.76e+06 -6.74e+06 -6.7e+06 -6.72e+06 -6.07e+06 -7.15e+06 -6.78e+06 -6.37e+06 -7.38e+06 -6.75e+06 -6.95e+06 -7.41e+06 -6.9e+06
 -1.682e+08 -1.683e+08 -1.683e+08 -1.682e+08 -1.683e+08 -1.683e+08 -1.682e+08 -1.682e+08 -1.682e+08 -1.682e+08 -1.682e+08 -1.682e+08 -1.682e+08 -1.683e+08 -1.682e+08 -1.682e+08 -1.683e+08 -1.683e+08 -1.683e+08 -1.683e+08
 -2.94e+06 -2.79e+06 -2.83e+06 -3.31e+06 -2.92e+06 -2.76e+06 -2.83e+06 -3.02e+06 -2.91e+06 -2.82e+06 -2.86e+06 -2.53e+06 -3.73e+06 -2.95e+06 -2.96e+06 -2.85e+06 -2.76e+06 -2.92e+06 -2.75e+06 -2.96e+06
 -2.415e+08 -2.413e+08 -2.414e+08 -2.414e+08 -2.414e+08 -2.414e+08 -2.414e+08 -2.414e+08 -2.414e+08 -2.414e+08 -2.414e+08 -2.414e+08 -2.414e+08 -2.414e+08 -2.414e+08 -2.415e+08 -2.412e+08 -2.415e+08 -2.412e+08 -2.413e+08
 -6.446e+07 -6.433e+07 -6.444e+07 -6.445e+07 -6.442e+07 -6.448e+07 -6.44e+07 -6.445e+07 -6.443e+07 -6.429e+07 -6.435e+07 -6.439e+07 -6.426e+07 -6.445e+07 -6.446e+07 -6.442e+07 -6.44e+07 -6.442e+07 -6.445e+07 -6.444e+07
 -4.72e+07 -4.615e+07 -4.758e+07 -4.834e+07 -4.717e+07 -4.499e+07 -4.742e+07 -4.748e+07 -4.732e+07 -4.731e+07 -4.725e+07 -4.733e+07 -4.707e+07 -4.725e+07 -4.724e+07 -4.735e+07 -4.72e+07 -4.732e+07 -4.722e+07 -4.659e+07
 -9.099e+07 -9.047e+07 -9.054e+07 -8.979e+07 -9.028e+07 -9.495e+07 -9.033e+07 -9.103e+07 -9.099e+07 -9.099e+07 -9.099e+07 -9.099e+07 -9.079e+07 -9.095e+07 -9.095e+07 -9.097e+07 -9.111e+07 -9.097e+07 -9.1e+07 -9.105e+07
 -2.621e+08 -2.62e+08 -2.62e+08 -2.62e+08 -2.62e+08 -2.62e+08 -2.621e+08 -2.62e+08 -2.62e+08 -2.621e+08 -2.62e+08 -2.62e+08 -2.621e+08 -2.621e+08 -2.62e+08 -2.622e+08 -2.621e+08 -2.621e+08 -2.621e+08 -2.618e+08
 -2.881e+08 -2.88e+08 -2.881e+08 -2.881e+08 -2.88e+08 -2.881e+08 -2.881e+08 -2.881e+08 -2.88e+08 -2.881e+08 -2.881e+08 -2.881e+08 -2.881e+08 -2.881e+08 -2.88e+08 -2.88e+08 -2.881e+08 -2.88e+08 -2.879e+08 -2.881e+08
 -1.636e+08 -1.637e+08 -1.638e+08 -1.636e+08 -1.636e+08 -1.637e+08 -1.636e+08 -1.636e+08 -1.636e+08 -1.636e+08 -1.635e+08 -1.636e+08 -1.636e+08 -1.636e+08 -1.636e+08 -1.636e+08 -1.634e+08 -1.636e+08 -1.637e+08 -1.635e+08
 -1.526e+08 -1.526e+08 -1.527e+08 -1.527e+08 -1.526e+08 -1.526e+08 -1.527e+08 -1.527e+08 -1.527e+08 -1.527e+08 -1.526e+08 -1.527e+08 -1.526e+08 -1.527e+08 -1.527e+08 -1.526e+08 -1.528e+08 -1.526e+08 -1.526e+08 -1.527e+08
 -6.442e+08 -6.442e+08 -6.442e+08 -6.442e+08 -6.442e+08 -6.442e+08 -6.442e+08 -6.441e+08 -6.442e+08 -6.441e+08 -6.442e+08 -6.442e+08 -6.441e+08 -6.441e+08 -6.442e+08 -6.442e+08 -6.442e+08 -6.441e+08 -6.442e+08 -6.441e+08
 -3.915e+08 -3.915e+08 -3.915e+08 -3.915e+08 -3.915e+08 -3.915e+08 -3.915e+08 -3.915e+08 -3.915e+08 -3.915e+08 -3.915e+08 -3.915e+08 -3.915e+08 -3.915e+08 -3.915e+08 -3.914e+08 -3.915e+08 -3.915e+08 -3.915e+08 -3.912e+08
 -3.274e+08 -3.274e+08 -3.274e+08 -3.274e+08 -3.274e+08 -3.275e+08 -3.274e+08 -3.275e+08 -3.274e+08 -3.274e+08 -3.274e+08 -3.274e+08 -3.275e+08 -3.275e+08 -3.274e+08 -3.274e+08 -3.274e+08 -3.274e+08 -3.274e+08 -3.273e+08
 -2.548e+08 -2.549e+08 -2.548e+08 -2.549e+08 -2.546e+08 -2.548e+08 -2.548e+08 -2.548e+08 -2.548e+08 -2.548e+08 -2.548e+08 -2.548e+08 -2.548e+08 -2.548e+08 -2.548e+08 -2.548e+08 -2.548e+08 -2.548e+08 -2.548e+08 -2.547e+08
 -2.853e+08 -2.854e+08 -2.854e+08 -2.854e+08 -2.854e+08 -2.854e+08 -2.854e+08 -2.854e+08 -2.854e+08 -2.854e+08 -2.854e+08 -2.854e+08 -2.854e+08 -2.854e+08 -2.853e+08 -2.854e+08 -2.854e+08 -2.854e+08 -2.854e+08 -2.853e+08
 -6.68e+08 -6.678e+08 -6.681e+08 -6.681e+08 -6.681e+08 -6.679e+08 -6.68e+08 -6.68e+08 -6.68e+08 -6.68e+08 -6.68e+08 -6.68e+08 -6.68e+08 -6.679e+08 -6.68e+08 -6.68e+08 -6.682e+08 -6.68e+08 -6.68e+08 -6.68e+08
 -6.052e+07 -6.049e+07 -6.055e+07 -6.044e+07 -6.054e+07 -6.047e+07 -6.051e+07 -6.048e+07 -6.049e+07 -6.049e+07 -6.037e+07 -6.051e+07 -6.051e+07 -6.048e+07 -6.044e+07 -6.048e+07 -6.043e+07 -6.05e+07 -6.047e+07 -6.052e+07
 -2.381e+07 -2.389e+07 -2.387e+07 -2.384e+07 -2.382e+07 -2.398e+07 -2.377e+07 -2.375e+07 -2.379e+07 -2.352e+07 -2.352e+07 -2.376e+07 -2.385e+07 -2.38e+07 -2.376e+07 -2.373e+07 -2.378e+07 -2.381e+07 -2.383e+07 -2.382e+07
 -7.658e+08 -7.653e+08 -7.653e+08 -7.658e+08 -7.658e+08 -7.648e+08 -7.658e+08 -7.658e+08 -7.658e+08 -7.658e+08 -7.658e+08 -7.658e+08 -7.657e+08 -7.657e+08 -7.657e+08 -7.658e+08 -7.66e+08 -7.658e+08 -7.658e+08 -7.658e+08
 -2.329e+08 -2.329e+08 -2.329e+08 -2.329e+08 -2.329e+08 -2.329e+08 -2.329e+08 -2.329e+08 -2.329e+08 -2.329e+08 -2.329e+08 -2.33e+08 -2.329e+08 -2.33e+08 -2.329e+08 -2.328e+08 -2.329e+08 -2.329e+08 -2.33e+08 -2.328e+08
 -4.772e+08 -4.771e+08 -4.771e+08 -4.768e+08 -4.772e+08 -4.771e+08 -4.771e+08 -4.771e+08 -4.77e+08 -4.771e+08 -4.771e+08 -4.771e+08 -4.77e+08 -4.771e+08 -4.77e+08 -4.771e+08 -4.771e+08 -4.771e+08 -4.771e+08 -4.771e+08
 -6.879e+08 -6.879e+08 -6.879e+08 -6.88e+08 -6.88e+08 -6.876e+08 -6.879e+08 -6.879e+08 -6.88e+08 -6.879e+08 -6.879e+08 -6.879e+08 -6.88e+08 -6.879e+08 -6.879e+08 -6.88e+08 -6.88e+08 -6.88e+08 -6.879e+08 -6.88e+08
 -1.168e+08 -1.17e+08 -1.17e+08 -1.169e+08 -1.168e+08 -1.17e+08 -1.168e+08 -1.168e+08 -1.168e+08 -1.168e+08 -1.169e+08 -1.168e+08 -1.169e+08 -1.169e+08 -1.168e+08 -1.17e+08 -1.166e+08 -1.168e+08 -1.167e+08 -1.169e+08
 -7.806e+07 -7.81e+07 -7.812e+07 -7.805e+07 -7.805e+07 -7.819e+07 -7.808e+07 -7.808e+07 -7.805e+07 -7.776e+07 -7.786e+07 -7.806e+07 -7.811e+07 -7.808e+07 -7.803e+07 -7.811e+07 -7.804e+07 -7.809e+07 -7.807e+07 -7.805e+07
 -1.099e+08 -1.095e+08 -1.095e+08 -1.096e+08 -1.095e+08 -1.095e+08 -1.095e+08 -1.095e+08 -1.095e+08 -1.095e+08 -1.095e+08 -1.095e+08 -1.095e+08 -1.095e+08 -1.095e+08 -1.09e+08 -1.094e+08 -1.096e+08 -1.095e+08 -1.091e+08
 -3.332e+08 -3.332e+08 -3.332e+08 -3.332e+08 -3.333e+08 -3.332e+08 -3.332e+08 -3.333e+08 -3.332e+08 -3.332e+08 -3.332e+08 -3.332e+08 -3.332e+08 -3.333e+08 -3.333e+08 -3.333e+08 -3.331e+08 -3.332e+08 -3.331e+08 -3.332e+08
 -2.207e+07 -2.214e+07 -2.208e+07 -2.205e+07 -2.199e+07 -2.218e+07 -2.189e+07 -2.217e+07 -2.203e+07 -2.161e+07 -2.198e+07 -2.206e+07 -2.213e+07 -2.202e+07 -2.202e+07 -2.205e+07 -2.214e+07 -2.205e+07 -2.195e+07 -2.202e+07
