# Created by Octave 5.2.0, Thu Sep 24 18:31:50 2020 CEST <jiwidi@land>
# name: w
# type: matrix
# rows: 101
# columns: 20
 -1.007e+06 -1.007e+06 -1.007e+06 -1.007e+06 -1.007e+06 -1.007e+06 -1.007e+06 -1.007e+06 -1.007e+06 -1.007e+06 -1.007e+06 -1.007e+06 -1.007e+06 -1.007e+06 -1.007e+06 -1.007e+06 -1.007e+06 -1.007e+06 -1.007e+06 -1.007e+06
 -8.337e+04 -8.335e+04 -8.335e+04 -8.335e+04 -8.334e+04 -8.335e+04 -8.334e+04 -8.335e+04 -8.335e+04 -8.336e+04 -8.335e+04 -8.334e+04 -8.336e+04 -8.336e+04 -8.334e+04 -8.334e+04 -8.335e+04 -8.336e+04 -8.331e+04 -8.335e+04
 -1.638e+04 -1.638e+04 -1.637e+04 -1.637e+04 -1.637e+04 -1.636e+04 -1.636e+04 -1.637e+04 -1.637e+04 -1.636e+04 -1.636e+04 -1.629e+04 -1.636e+04 -1.638e+04 -1.638e+04 -1.637e+04 -1.637e+04 -1.635e+04 -1.639e+04 -1.637e+04
 -1.596e+04 -1.594e+04 -1.594e+04 -1.593e+04 -1.594e+04 -1.605e+04 -1.594e+04 -1.596e+04 -1.594e+04 -1.595e+04 -1.594e+04 -1.594e+04 -1.594e+04 -1.596e+04 -1.594e+04 -1.594e+04 -1.584e+04 -1.596e+04 -1.59e+04 -1.594e+04
 -805 -826 -836 -845 -832 -819 -828 -844 -837 -833 -824 -844 -864 -829 -824 -812 -879 -659 -695 -805
 -7.502e+04 -7.504e+04 -7.504e+04 -7.504e+04 -7.504e+04 -7.504e+04 -7.505e+04 -7.504e+04 -7.504e+04 -7.504e+04 -7.505e+04 -7.503e+04 -7.503e+04 -7.505e+04 -7.505e+04 -7.503e+04 -7.5e+04 -7.504e+04 -7.504e+04 -7.504e+04
 -3.988e+04 -3.988e+04 -3.989e+04 -3.99e+04 -3.989e+04 -3.99e+04 -3.987e+04 -3.989e+04 -3.988e+04 -3.984e+04 -3.984e+04 -3.989e+04 -3.99e+04 -3.99e+04 -3.989e+04 -3.99e+04 -3.989e+04 -3.988e+04 -3.99e+04 -3.988e+04
 -1102 -1034 -1033 -1041 -1064 -1062 -1078 -1067 -1052 -1103 -1153 -1048 -1043 -1068 -1047 -1033 -1114 -906 -1017 -1018
 -775 -804 -779 -802 -872 -796 -784 -783 -764 -782 -772 -581 -872 -796 -681 -828 -777 -783 -827 -791
 -2.566e+04 -2.565e+04 -2.565e+04 -2.565e+04 -2.565e+04 -2.566e+04 -2.562e+04 -2.565e+04 -2.565e+04 -2.561e+04 -2.563e+04 -2.565e+04 -2.565e+04 -2.565e+04 -2.565e+04 -2.565e+04 -2.565e+04 -2.565e+04 -2.566e+04 -2.565e+04
 -609 -581 -587 -599 -588 -579 -574 -587 -571 -581 -568 -469 -607 -603 -593 -585 -556 -584 -584 -588
 -3.476e+04 -3.474e+04 -3.474e+04 -3.473e+04 -3.474e+04 -3.474e+04 -3.474e+04 -3.474e+04 -3.474e+04 -3.474e+04 -3.474e+04 -3.474e+04 -3.475e+04 -3.476e+04 -3.474e+04 -3.475e+04 -3.468e+04 -3.474e+04 -3.473e+04 -3.472e+04
 -9073 -9023 -9065 -9072 -9073 -9081 -9032 -9074 -9056 -9018 -8999 -9058 -9044 -9073 -9086 -9065 -9066 -9060 -9070 -9071
 -3446 -3329 -3584 -3698 -3454 -3179 -3522 -3477 -3477 -3459 -3453 -3502 -3460 -3438 -3483 -3448 -3516 -3466 -3487 -3369
 -1.089e+04 -1.088e+04 -1.087e+04 -1.072e+04 -1.078e+04 -1.103e+04 -1.082e+04 -1.089e+04 -1.088e+04 -1.088e+04 -1.088e+04 -1.089e+04 -1.088e+04 -1.09e+04 -1.089e+04 -1.089e+04 -1.089e+04 -1.088e+04 -1.09e+04 -1.089e+04
 -3.615e+04 -3.615e+04 -3.615e+04 -3.615e+04 -3.616e+04 -3.615e+04 -3.615e+04 -3.615e+04 -3.615e+04 -3.616e+04 -3.615e+04 -3.616e+04 -3.616e+04 -3.617e+04 -3.615e+04 -3.617e+04 -3.615e+04 -3.617e+04 -3.615e+04 -3.611e+04
 -3.7e+04 -3.698e+04 -3.698e+04 -3.699e+04 -3.699e+04 -3.699e+04 -3.699e+04 -3.699e+04 -3.698e+04 -3.699e+04 -3.698e+04 -3.698e+04 -3.7e+04 -3.7e+04 -3.698e+04 -3.699e+04 -3.699e+04 -3.697e+04 -3.695e+04 -3.698e+04
 -2.228e+04 -2.227e+04 -2.227e+04 -2.227e+04 -2.227e+04 -2.226e+04 -2.227e+04 -2.226e+04 -2.226e+04 -2.227e+04 -2.226e+04 -2.226e+04 -2.227e+04 -2.228e+04 -2.228e+04 -2.227e+04 -2.223e+04 -2.226e+04 -2.226e+04 -2.224e+04
 -2.29e+04 -2.29e+04 -2.29e+04 -2.29e+04 -2.29e+04 -2.29e+04 -2.29e+04 -2.291e+04 -2.29e+04 -2.291e+04 -2.29e+04 -2.29e+04 -2.29e+04 -2.291e+04 -2.29e+04 -2.289e+04 -2.291e+04 -2.286e+04 -2.289e+04 -2.291e+04
 -9.492e+04 -9.493e+04 -9.493e+04 -9.493e+04 -9.493e+04 -9.494e+04 -9.493e+04 -9.493e+04 -9.493e+04 -9.493e+04 -9.493e+04 -9.493e+04 -9.493e+04 -9.492e+04 -9.493e+04 -9.494e+04 -9.495e+04 -9.493e+04 -9.491e+04 -9.491e+04
 -4.88e+04 -4.891e+04 -4.891e+04 -4.89e+04 -4.891e+04 -4.891e+04 -4.891e+04 -4.891e+04 -4.891e+04 -4.891e+04 -4.891e+04 -4.89e+04 -4.892e+04 -4.891e+04 -4.892e+04 -4.896e+04 -4.889e+04 -4.899e+04 -4.892e+04 -4.893e+04
 -4.918e+04 -4.918e+04 -4.918e+04 -4.918e+04 -4.918e+04 -4.918e+04 -4.917e+04 -4.918e+04 -4.917e+04 -4.918e+04 -4.918e+04 -4.917e+04 -4.918e+04 -4.917e+04 -4.918e+04 -4.918e+04 -4.916e+04 -4.918e+04 -4.917e+04 -4.916e+04
 -3.686e+04 -3.687e+04 -3.686e+04 -3.688e+04 -3.676e+04 -3.687e+04 -3.685e+04 -3.686e+04 -3.685e+04 -3.687e+04 -3.685e+04 -3.685e+04 -3.687e+04 -3.687e+04 -3.686e+04 -3.686e+04 -3.687e+04 -3.686e+04 -3.687e+04 -3.682e+04
 -4.05e+04 -4.052e+04 -4.052e+04 -4.053e+04 -4.053e+04 -4.053e+04 -4.052e+04 -4.053e+04 -4.053e+04 -4.053e+04 -4.052e+04 -4.053e+04 -4.052e+04 -4.054e+04 -4.05e+04 -4.054e+04 -4.053e+04 -4.052e+04 -4.055e+04 -4.05e+04
 -8.828e+04 -8.826e+04 -8.83e+04 -8.828e+04 -8.827e+04 -8.826e+04 -8.827e+04 -8.829e+04 -8.828e+04 -8.828e+04 -8.829e+04 -8.828e+04 -8.826e+04 -8.828e+04 -8.827e+04 -8.829e+04 -8.828e+04 -8.828e+04 -8.829e+04 -8.828e+04
 -7956 -7934 -7953 -7916 -7957 -7952 -7944 -7944 -7939 -7890 -7907 -7943 -7939 -7957 -7923 -7946 -7936 -7945 -7942 -7951
 -3697 -3684 -3695 -3685 -3688 -3690 -3670 -3675 -3675 -3560 -3568 -3668 -3714 -3688 -3679 -3679 -3695 -3688 -3710 -3692
 -9.786e+04 -9.785e+04 -9.786e+04 -9.786e+04 -9.787e+04 -9.786e+04 -9.787e+04 -9.786e+04 -9.786e+04 -9.787e+04 -9.786e+04 -9.787e+04 -9.785e+04 -9.784e+04 -9.786e+04 -9.786e+04 -9.788e+04 -9.787e+04 -9.786e+04 -9.786e+04
 -3.245e+04 -3.246e+04 -3.246e+04 -3.246e+04 -3.246e+04 -3.246e+04 -3.246e+04 -3.246e+04 -3.246e+04 -3.246e+04 -3.246e+04 -3.246e+04 -3.246e+04 -3.246e+04 -3.246e+04 -3.243e+04 -3.246e+04 -3.247e+04 -3.248e+04 -3.241e+04
 -6.325e+04 -6.326e+04 -6.323e+04 -6.317e+04 -6.328e+04 -6.322e+04 -6.326e+04 -6.325e+04 -6.324e+04 -6.325e+04 -6.325e+04 -6.324e+04 -6.322e+04 -6.325e+04 -6.325e+04 -6.325e+04 -6.325e+04 -6.325e+04 -6.325e+04 -6.325e+04
 -9.264e+04 -9.264e+04 -9.264e+04 -9.264e+04 -9.264e+04 -9.262e+04 -9.263e+04 -9.262e+04 -9.263e+04 -9.26e+04 -9.262e+04 -9.264e+04 -9.264e+04 -9.26e+04 -9.262e+04 -9.262e+04 -9.261e+04 -9.263e+04 -9.263e+04 -9.264e+04
 -1.647e+04 -1.647e+04 -1.646e+04 -1.646e+04 -1.646e+04 -1.647e+04 -1.646e+04 -1.645e+04 -1.645e+04 -1.646e+04 -1.646e+04 -1.646e+04 -1.647e+04 -1.647e+04 -1.646e+04 -1.648e+04 -1.636e+04 -1.643e+04 -1.646e+04 -1.645e+04
 -1.136e+04 -1.136e+04 -1.136e+04 -1.137e+04 -1.136e+04 -1.136e+04 -1.134e+04 -1.134e+04 -1.134e+04 -1.127e+04 -1.126e+04 -1.135e+04 -1.136e+04 -1.136e+04 -1.134e+04 -1.136e+04 -1.135e+04 -1.136e+04 -1.135e+04 -1.133e+04
 -1.218e+04 -1.213e+04 -1.213e+04 -1.213e+04 -1.213e+04 -1.213e+04 -1.212e+04 -1.213e+04 -1.213e+04 -1.212e+04 -1.212e+04 -1.212e+04 -1.213e+04 -1.213e+04 -1.212e+04 -1.204e+04 -1.212e+04 -1.213e+04 -1.213e+04 -1.204e+04
 -4.363e+04 -4.362e+04 -4.362e+04 -4.362e+04 -4.362e+04 -4.363e+04 -4.363e+04 -4.363e+04 -4.362e+04 -4.362e+04 -4.362e+04 -4.362e+04 -4.36e+04 -4.363e+04 -4.362e+04 -4.363e+04 -4.36e+04 -4.362e+04 -4.361e+04 -4.362e+04
 -3423 -3428 -3425 -3421 -3403 -3438 -3376 -3409 -3403 -3285 -3392 -3411 -3430 -3421 -3413 -3414 -3424 -3406 -3415 -3403
 -6590 -6631 -6588 -6592 -6537 -6680 -6386 -6568 -6580 -6593 -6591 -6654 -6616 -6546 -6576 -6583 -6563 -6584 -6589 -6591
 -1.454e+04 -1.455e+04 -1.455e+04 -1.454e+04 -1.454e+04 -1.449e+04 -1.454e+04 -1.451e+04 -1.454e+04 -1.454e+04 -1.453e+04 -1.449e+04 -1.456e+04 -1.454e+04 -1.454e+04 -1.454e+04 -1.454e+04 -1.454e+04 -1.455e+04 -1.455e+04
 -49 -38 -40 -46 -40 -45 -37 -69 -31 -41 -28 -32 -48 -48 -43 -59 -88 91 2 -67
 -33 -22 -24 -36 -40 -60 -10 -41 -16 -179 110 -20 -34 -93 -61 -61 -64 -21 -12 -20
 -3.69e+04 -3.689e+04 -3.691e+04 -3.69e+04 -3.689e+04 -3.687e+04 -3.69e+04 -3.691e+04 -3.69e+04 -3.691e+04 -3.69e+04 -3.691e+04 -3.689e+04 -3.688e+04 -3.683e+04 -3.69e+04 -3.691e+04 -3.69e+04 -3.691e+04 -3.692e+04
 -5274 -5287 -5270 -5274 -5272 -5259 -5253 -5268 -5250 -5162 -5181 -5259 -5264 -5254 -5221 -5270 -5260 -5258 -5296 -5268
