# Created by Octave 5.2.0, Thu Sep 24 20:29:14 2020 CEST <jiwidi@land>
# name: w
# type: matrix
# rows: 101
# columns: 20
 -4.316e+07 -4.316e+07 -4.316e+07 -4.316e+07 -4.316e+07 -4.316e+07 -4.316e+07 -4.316e+07 -4.316e+07 -4.316e+07 -4.316e+07 -4.316e+07 -4.316e+07 -4.316e+07 -4.316e+07 -4.316e+07 -4.316e+07 -4.316e+07 -4.316e+07 -4.316e+07
 -5.268e+06 -5.267e+06 -5.268e+06 -5.268e+06 -5.268e+06 -5.267e+06 -5.267e+06 -5.268e+06 -5.267e+06 -5.267e+06 -5.268e+06 -5.267e+06 -5.268e+06 -5.268e+06 -5.267e+06 -5.267e+06 -5.268e+06 -5.267e+06 -5.265e+06 -5.268e+06
 -9.772e+05 -9.776e+05 -9.766e+05 -9.769e+05 -9.763e+05 -9.77e+05 -9.76e+05 -9.766e+05 -9.766e+05 -9.765e+05 -9.766e+05 -9.748e+05 -9.766e+05 -9.77e+05 -9.77e+05 -9.767e+05 -9.764e+05 -9.758e+05 -9.768e+05 -9.767e+05
 -1.058e+06 -1.067e+06 -1.062e+06 -1.058e+06 -1.068e+06 -1.062e+06 -1.058e+06 -1.058e+06 -1.058e+06 -1.058e+06 -1.058e+06 -1.058e+06 -1.058e+06 -1.058e+06 -1.058e+06 -1.058e+06 -1.048e+06 -1.059e+06 -1.057e+06 -1.058e+06
 -6.36e+04 -6.25e+04 -6.25e+04 -6.27e+04 -6.26e+04 -6.2e+04 -6.22e+04 -6.26e+04 -6.23e+04 -6.2e+04 -6.31e+04 -6.24e+04 -6.24e+04 -6.22e+04 -6.25e+04 -6.21e+04 -6.37e+04 -5.94e+04 -6.01e+04 -6.32e+04
 -4.446e+06 -4.447e+06 -4.446e+06 -4.446e+06 -4.447e+06 -4.446e+06 -4.446e+06 -4.446e+06 -4.446e+06 -4.446e+06 -4.446e+06 -4.446e+06 -4.445e+06 -4.446e+06 -4.446e+06 -4.446e+06 -4.445e+06 -4.446e+06 -4.447e+06 -4.446e+06
 -2.044e+06 -2.044e+06 -2.045e+06 -2.044e+06 -2.044e+06 -2.045e+06 -2.044e+06 -2.044e+06 -2.044e+06 -2.043e+06 -2.044e+06 -2.044e+06 -2.044e+06 -2.044e+06 -2.044e+06 -2.045e+06 -2.045e+06 -2.044e+06 -2.045e+06 -2.044e+06
 -4.4e+04 -4.16e+04 -4.18e+04 -4.23e+04 -4.25e+04 -5.21e+04 -4.35e+04 -4.31e+04 -4.21e+04 -4.35e+04 -4.33e+04 -4.33e+04 -4.22e+04 -4.39e+04 -4.23e+04 -4.14e+04 -4.51e+04 -3.95e+04 -4.01e+04 -4.08e+04
 -5.98e+04 -6.4e+04 -5.94e+04 -6.14e+04 -6.85e+04 -6.52e+04 -6.03e+04 -6.16e+04 -6.11e+04 -6.19e+04 -6.13e+04 -5.65e+04 -6.34e+04 -6.18e+04 -5.81e+04 -6.67e+04 -6.18e+04 -6.28e+04 -6.87e+04 -6.5e+04
 -1.256e+06 -1.256e+06 -1.257e+06 -1.256e+06 -1.256e+06 -1.258e+06 -1.256e+06 -1.256e+06 -1.257e+06 -1.256e+06 -1.256e+06 -1.256e+06 -1.256e+06 -1.257e+06 -1.257e+06 -1.257e+06 -1.257e+06 -1.257e+06 -1.257e+06 -1.256e+06
 -2.48e+04 -2.27e+04 -2.34e+04 -3.18e+04 -2.47e+04 -2.26e+04 -2.31e+04 -2.57e+04 -2.47e+04 -2.46e+04 -2.44e+04 -2.13e+04 -3.51e+04 -2.48e+04 -2.5e+04 -2.43e+04 -2.25e+04 -2.49e+04 -2.27e+04 -2.48e+04
 -2.04e+06 -2.04e+06 -2.04e+06 -2.04e+06 -2.04e+06 -2.04e+06 -2.04e+06 -2.04e+06 -2.04e+06 -2.04e+06 -2.04e+06 -2.04e+06 -2.04e+06 -2.04e+06 -2.04e+06 -2.04e+06 -2.038e+06 -2.04e+06 -2.039e+06 -2.039e+06
 -4.591e+05 -4.584e+05 -4.592e+05 -4.59e+05 -4.595e+05 -4.597e+05 -4.589e+05 -4.59e+05 -4.592e+05 -4.581e+05 -4.586e+05 -4.588e+05 -4.579e+05 -4.594e+05 -4.595e+05 -4.592e+05 -4.586e+05 -4.593e+05 -4.591e+05 -4.588e+05
 -4.531e+05 -4.407e+05 -4.561e+05 -4.644e+05 -4.539e+05 -4.314e+05 -4.551e+05 -4.531e+05 -4.532e+05 -4.531e+05 -4.531e+05 -4.535e+05 -4.535e+05 -4.537e+05 -4.54e+05 -4.534e+05 -4.522e+05 -4.534e+05 -4.541e+05 -4.463e+05
 -8.989e+05 -8.973e+05 -8.98e+05 -8.922e+05 -8.977e+05 -9.418e+05 -8.961e+05 -8.994e+05 -8.994e+05 -8.991e+05 -8.994e+05 -8.988e+05 -8.991e+05 -8.993e+05 -8.993e+05 -8.99e+05 -9.016e+05 -8.994e+05 -8.989e+05 -8.995e+05
 -2.217e+06 -2.216e+06 -2.216e+06 -2.216e+06 -2.216e+06 -2.216e+06 -2.216e+06 -2.216e+06 -2.216e+06 -2.216e+06 -2.216e+06 -2.216e+06 -2.216e+06 -2.216e+06 -2.216e+06 -2.217e+06 -2.216e+06 -2.217e+06 -2.216e+06 -2.215e+06
 -2.364e+06 -2.363e+06 -2.363e+06 -2.364e+06 -2.363e+06 -2.364e+06 -2.363e+06 -2.363e+06 -2.363e+06 -2.363e+06 -2.363e+06 -2.364e+06 -2.363e+06 -2.363e+06 -2.363e+06 -2.363e+06 -2.364e+06 -2.362e+06 -2.362e+06 -2.363e+06
 -1.378e+06 -1.379e+06 -1.377e+06 -1.378e+06 -1.379e+06 -1.377e+06 -1.378e+06 -1.378e+06 -1.378e+06 -1.378e+06 -1.378e+06 -1.378e+06 -1.378e+06 -1.378e+06 -1.378e+06 -1.378e+06 -1.376e+06 -1.378e+06 -1.378e+06 -1.377e+06
 -1.283e+06 -1.283e+06 -1.284e+06 -1.284e+06 -1.283e+06 -1.284e+06 -1.284e+06 -1.284e+06 -1.284e+06 -1.284e+06 -1.284e+06 -1.284e+06 -1.284e+06 -1.283e+06 -1.284e+06 -1.283e+06 -1.285e+06 -1.284e+06 -1.283e+06 -1.284e+06
 -4.866e+06 -4.866e+06 -4.866e+06 -4.866e+06 -4.866e+06 -4.866e+06 -4.866e+06 -4.866e+06 -4.866e+06 -4.866e+06 -4.866e+06 -4.866e+06 -4.866e+06 -4.866e+06 -4.866e+06 -4.866e+06 -4.866e+06 -4.866e+06 -4.866e+06 -4.866e+06
 -3.58e+06 -3.58e+06 -3.58e+06 -3.58e+06 -3.58e+06 -3.58e+06 -3.58e+06 -3.58e+06 -3.58e+06 -3.58e+06 -3.58e+06 -3.58e+06 -3.58e+06 -3.58e+06 -3.58e+06 -3.579e+06 -3.579e+06 -3.58e+06 -3.58e+06 -3.579e+06
 -2.717e+06 -2.717e+06 -2.717e+06 -2.717e+06 -2.717e+06 -2.717e+06 -2.716e+06 -2.717e+06 -2.717e+06 -2.717e+06 -2.716e+06 -2.716e+06 -2.717e+06 -2.717e+06 -2.717e+06 -2.717e+06 -2.717e+06 -2.717e+06 -2.716e+06 -2.716e+06
 -2.093e+06 -2.093e+06 -2.095e+06 -2.094e+06 -2.09e+06 -2.093e+06 -2.092e+06 -2.093e+06 -2.093e+06 -2.093e+06 -2.093e+06 -2.092e+06 -2.093e+06 -2.092e+06 -2.093e+06 -2.093e+06 -2.093e+06 -2.093e+06 -2.093e+06 -2.092e+06
 -2.264e+06 -2.266e+06 -2.266e+06 -2.265e+06 -2.266e+06 -2.266e+06 -2.266e+06 -2.265e+06 -2.266e+06 -2.265e+06 -2.266e+06 -2.266e+06 -2.265e+06 -2.265e+06 -2.264e+06 -2.265e+06 -2.265e+06 -2.265e+06 -2.266e+06 -2.265e+06
 -5.701e+06 -5.7e+06 -5.703e+06 -5.701e+06 -5.7e+06 -5.7e+06 -5.701e+06 -5.701e+06 -5.701e+06 -5.701e+06 -5.702e+06 -5.701e+06 -5.7e+06 -5.701e+06 -5.701e+06 -5.701e+06 -5.702e+06 -5.702e+06 -5.701e+06 -5.701e+06
 -4.971e+05 -4.969e+05 -4.97e+05 -4.965e+05 -4.974e+05 -4.97e+05 -4.972e+05 -4.968e+05 -4.968e+05 -4.968e+05 -4.963e+05 -4.968e+05 -4.967e+05 -4.969e+05 -4.964e+05 -4.968e+05 -4.963e+05 -4.967e+05 -4.966e+05 -4.97e+05
 -1.803e+05 -1.808e+05 -1.807e+05 -1.81e+05 -1.805e+05 -1.821e+05 -1.804e+05 -1.797e+05 -1.803e+05 -1.79e+05 -1.785e+05 -1.799e+05 -1.807e+05 -1.805e+05 -1.801e+05 -1.8e+05 -1.803e+05 -1.804e+05 -1.807e+05 -1.806e+05
 -6.772e+06 -6.77e+06 -6.771e+06 -6.772e+06 -6.773e+06 -6.768e+06 -6.772e+06 -6.772e+06 -6.772e+06 -6.772e+06 -6.772e+06 -6.772e+06 -6.771e+06 -6.772e+06 -6.771e+06 -6.772e+06 -6.78e+06 -6.772e+06 -6.772e+06 -6.772e+06
 -1.987e+06 -1.986e+06 -1.986e+06 -1.986e+06 -1.987e+06 -1.986e+06 -1.986e+06 -1.986e+06 -1.986e+06 -1.986e+06 -1.986e+06 -1.986e+06 -1.986e+06 -1.987e+06 -1.986e+06 -1.986e+06 -1.986e+06 -1.987e+06 -1.987e+06 -1.985e+06
 -4.205e+06 -4.205e+06 -4.204e+06 -4.202e+06 -4.205e+06 -4.204e+06 -4.205e+06 -4.205e+06 -4.205e+06 -4.205e+06 -4.205e+06 -4.205e+06 -4.205e+06 -4.205e+06 -4.204e+06 -4.205e+06 -4.205e+06 -4.205e+06 -4.204e+06 -4.205e+06
 -5.341e+06 -5.341e+06 -5.341e+06 -5.341e+06 -5.341e+06 -5.34e+06 -5.34e+06 -5.341e+06 -5.34e+06 -5.34e+06 -5.341e+06 -5.341e+06 -5.34e+06 -5.34e+06 -5.34e+06 -5.341e+06 -5.343e+06 -5.341e+06 -5.341e+06 -5.341e+06
 -9.947e+05 -9.951e+05 -9.943e+05 -9.941e+05 -9.953e+05 -9.945e+05 -9.939e+05 -9.94e+05 -9.939e+05 -9.941e+05 -9.941e+05 -9.943e+05 -9.944e+05 -9.947e+05 -9.944e+05 -9.947e+05 -9.907e+05 -9.931e+05 -9.939e+05 -9.943e+05
 -5.77e+05 -5.767e+05 -5.774e+05 -5.764e+05 -5.774e+05 -5.778e+05 -5.766e+05 -5.763e+05 -5.761e+05 -5.743e+05 -5.752e+05 -5.767e+05 -5.765e+05 -5.762e+05 -5.757e+05 -5.766e+05 -5.765e+05 -5.767e+05 -5.763e+05 -5.764e+05
 -1.044e+06 -1.043e+06 -1.042e+06 -1.042e+06 -1.042e+06 -1.042e+06 -1.042e+06 -1.042e+06 -1.042e+06 -1.042e+06 -1.042e+06 -1.042e+06 -1.042e+06 -1.042e+06 -1.042e+06 -1.039e+06 -1.042e+06 -1.044e+06 -1.042e+06 -1.038e+06
 -2.821e+06 -2.821e+06 -2.821e+06 -2.821e+06 -2.821e+06 -2.821e+06 -2.821e+06 -2.821e+06 -2.821e+06 -2.821e+06 -2.821e+06 -2.821e+06 -2.82e+06 -2.821e+06 -2.821e+06 -2.822e+06 -2.82e+06 -2.821e+06 -2.82e+06 -2.821e+06
 -1.768e+05 -1.789e+05 -1.769e+05 -1.775e+05 -1.765e+05 -1.798e+05 -1.759e+05 -1.782e+05 -1.767e+05 -1.737e+05 -1.77e+05 -1.77e+05 -1.774e+05 -1.764e+05 -1.765e+05 -1.767e+05 -1.773e+05 -1.765e+05 -1.763e+05 -1.765e+05
