# Created by Octave 5.2.0, Thu Sep 24 21:51:25 2020 CEST <jiwidi@land>
# name: w
# type: matrix
# rows: 101
# columns: 20
 -6.441e+08 -6.441e+08 -6.441e+08 -6.441e+08 -6.441e+08 -6.441e+08 -6.441e+08 -6.441e+08 -6.441e+08 -6.441e+08 -6.441e+08 -6.441e+08 -6.441e+08 -6.441e+08 -6.441e+08 -6.441e+08 -6.441e+08 -6.441e+08 -6.441e+08 -6.441e+08
 -6.224e+07 -6.223e+07 -6.223e+07 -6.223e+07 -6.223e+07 -6.223e+07 -6.223e+07 -6.223e+07 -6.223e+07 -6.223e+07 -6.223e+07 -6.223e+07 -6.223e+07 -6.223e+07 -6.223e+07 -6.223e+07 -6.224e+07 -6.223e+07 -6.221e+07 -6.223e+07
 -1.13e+07 -1.13e+07 -1.13e+07 -1.13e+07 -1.13e+07 -1.13e+07 -1.13e+07 -1.13e+07 -1.13e+07 -1.13e+07 -1.13e+07 -1.128e+07 -1.13e+07 -1.131e+07 -1.13e+07 -1.13e+07 -1.13e+07 -1.129e+07 -1.13e+07 -1.13e+07
 -1.164e+07 -1.172e+07 -1.172e+07 -1.163e+07 -1.167e+07 -1.174e+07 -1.164e+07 -1.164e+07 -1.164e+07 -1.163e+07 -1.163e+07 -1.163e+07 -1.163e+07 -1.163e+07 -1.164e+07 -1.164e+07 -1.154e+07 -1.164e+07 -1.162e+07 -1.163e+07
 -6.17e+05 -6.13e+05 -6.1e+05 -6.14e+05 -6.1e+05 -6.06e+05 -6.07e+05 -6.17e+05 -6.13e+05 -6.07e+05 -6.1e+05 -6.1e+05 -6.14e+05 -6.1e+05 -6.1e+05 -6.06e+05 -6.27e+05 -5.72e+05 -5.81e+05 -6.17e+05
 -5.462e+07 -5.463e+07 -5.463e+07 -5.462e+07 -5.462e+07 -5.463e+07 -5.462e+07 -5.462e+07 -5.462e+07 -5.462e+07 -5.462e+07 -5.462e+07 -5.462e+07 -5.463e+07 -5.462e+07 -5.462e+07 -5.462e+07 -5.462e+07 -5.462e+07 -5.463e+07
 -2.742e+07 -2.743e+07 -2.743e+07 -2.743e+07 -2.743e+07 -2.744e+07 -2.742e+07 -2.743e+07 -2.742e+07 -2.741e+07 -2.742e+07 -2.742e+07 -2.743e+07 -2.743e+07 -2.743e+07 -2.743e+07 -2.743e+07 -2.742e+07 -2.743e+07 -2.742e+07
 -5.33e+05 -5.04e+05 -5.05e+05 -5.1e+05 -5.09e+05 -5.96e+05 -5.16e+05 -5.16e+05 -5.12e+05 -5.27e+05 -5.25e+05 -5.16e+05 -5.1e+05 -5.24e+05 -5.14e+05 -4.98e+05 -5.35e+05 -4.66e+05 -4.93e+05 -4.93e+05
 -6.65e+05 -6.98e+05 -6.56e+05 -6.76e+05 -7.29e+05 -7.12e+05 -6.65e+05 -6.76e+05 -6.74e+05 -6.7e+05 -6.72e+05 -6.07e+05 -7.15e+05 -6.78e+05 -6.37e+05 -7.38e+05 -6.75e+05 -6.95e+05 -7.41e+05 -6.9e+05
 -1.682e+07 -1.683e+07 -1.683e+07 -1.682e+07 -1.683e+07 -1.683e+07 -1.682e+07 -1.682e+07 -1.682e+07 -1.682e+07 -1.682e+07 -1.682e+07 -1.682e+07 -1.683e+07 -1.682e+07 -1.682e+07 -1.683e+07 -1.683e+07 -1.683e+07 -1.683e+07
 -2.94e+05 -2.79e+05 -2.83e+05 -3.31e+05 -2.92e+05 -2.76e+05 -2.83e+05 -3.02e+05 -2.91e+05 -2.82e+05 -2.86e+05 -2.53e+05 -3.73e+05 -2.95e+05 -2.96e+05 -2.85e+05 -2.76e+05 -2.92e+05 -2.75e+05 -2.96e+05
 -2.415e+07 -2.413e+07 -2.414e+07 -2.414e+07 -2.414e+07 -2.414e+07 -2.414e+07 -2.414e+07 -2.414e+07 -2.414e+07 -2.414e+07 -2.414e+07 -2.414e+07 -2.414e+07 -2.414e+07 -2.415e+07 -2.412e+07 -2.415e+07 -2.412e+07 -2.413e+07
 -6.446e+06 -6.433e+06 -6.444e+06 -6.445e+06 -6.442e+06 -6.448e+06 -6.44e+06 -6.445e+06 -6.443e+06 -6.429e+06 -6.435e+06 -6.439e+06 -6.426e+06 -6.445e+06 -6.446e+06 -6.442e+06 -6.44e+06 -6.442e+06 -6.445e+06 -6.444e+06
 -4.72e+06 -4.615e+06 -4.758e+06 -4.834e+06 -4.717e+06 -4.499e+06 -4.742e+06 -4.748e+06 -4.732e+06 -4.731e+06 -4.725e+06 -4.733e+06 -4.707e+06 -4.725e+06 -4.724e+06 -4.735e+06 -4.72e+06 -4.732e+06 -4.722e+06 -4.659e+06
 -9.099e+06 -9.047e+06 -9.054e+06 -8.979e+06 -9.028e+06 -9.495e+06 -9.033e+06 -9.103e+06 -9.099e+06 -9.099e+06 -9.099e+06 -9.099e+06 -9.079e+06 -9.095e+06 -9.095e+06 -9.097e+06 -9.111e+06 -9.097e+06 -9.1e+06 -9.105e+06
 -2.621e+07 -2.62e+07 -2.62e+07 -2.62e+07 -2.62e+07 -2.62e+07 -2.621e+07 -2.62e+07 -2.62e+07 -2.621e+07 -2.62e+07 -2.62e+07 -2.621e+07 -2.621e+07 -2.62e+07 -2.622e+07 -2.621e+07 -2.621e+07 -2.621e+07 -2.618e+07
 -2.881e+07 -2.88e+07 -2.881e+07 -2.881e+07 -2.88e+07 -2.881e+07 -2.881e+07 -2.881e+07 -2.88e+07 -2.881e+07 -2.881e+07 -2.881e+07 -2.881e+07 -2.881e+07 -2.88e+07 -2.88e+07 -2.881e+07 -2.88e+07 -2.879e+07 -2.881e+07
 -1.636e+07 -1.637e+07 -1.638e+07 -1.636e+07 -1.636e+07 -1.637e+07 -1.636e+07 -1.636e+07 -1.636e+07 -1.636e+07 -1.635e+07 -1.636e+07 -1.636e+07 -1.636e+07 -1.636e+07 -1.636e+07 -1.634e+07 -1.636e+07 -1.637e+07 -1.635e+07
 -1.526e+07 -1.526e+07 -1.527e+07 -1.527e+07 -1.526e+07 -1.526e+07 -1.527e+07 -1.527e+07 -1.527e+07 -1.527e+07 -1.526e+07 -1.527e+07 -1.526e+07 -1.527e+07 -1.527e+07 -1.526e+07 -1.528e+07 -1.526e+07 -1.526e+07 -1.527e+07
 -6.442e+07 -6.442e+07 -6.442e+07 -6.442e+07 -6.442e+07 -6.442e+07 -6.442e+07 -6.441e+07 -6.442e+07 -6.441e+07 -6.442e+07 -6.442e+07 -6.441e+07 -6.441e+07 -6.442e+07 -6.442e+07 -6.442e+07 -6.441e+07 -6.442e+07 -6.441e+07
 -3.915e+07 -3.915e+07 -3.915e+07 -3.915e+07 -3.915e+07 -3.915e+07 -3.915e+07 -3.915e+07 -3.915e+07 -3.915e+07 -3.915e+07 -3.915e+07 -3.915e+07 -3.915e+07 -3.915e+07 -3.914e+07 -3.915e+07 -3.915e+07 -3.915e+07 -3.912e+07
 -3.274e+07 -3.274e+07 -3.274e+07 -3.274e+07 -3.274e+07 -3.275e+07 -3.274e+07 -3.275e+07 -3.274e+07 -3.274e+07 -3.274e+07 -3.274e+07 -3.275e+07 -3.275e+07 -3.274e+07 -3.274e+07 -3.274e+07 -3.274e+07 -3.274e+07 -3.273e+07
 -2.548e+07 -2.549e+07 -2.548e+07 -2.549e+07 -2.546e+07 -2.548e+07 -2.548e+07 -2.548e+07 -2.548e+07 -2.548e+07 -2.548e+07 -2.548e+07 -2.548e+07 -2.548e+07 -2.548e+07 -2.548e+07 -2.548e+07 -2.548e+07 -2.548e+07 -2.547e+07
 -2.853e+07 -2.854e+07 -2.854e+07 -2.854e+07 -2.854e+07 -2.854e+07 -2.854e+07 -2.854e+07 -2.854e+07 -2.854e+07 -2.854e+07 -2.854e+07 -2.854e+07 -2.854e+07 -2.853e+07 -2.854e+07 -2.854e+07 -2.854e+07 -2.854e+07 -2.853e+07
 -6.68e+07 -6.678e+07 -6.681e+07 -6.681e+07 -6.681e+07 -6.679e+07 -6.68e+07 -6.68e+07 -6.68e+07 -6.68e+07 -6.68e+07 -6.68e+07 -6.68e+07 -6.679e+07 -6.68e+07 -6.68e+07 -6.682e+07 -6.68e+07 -6.68e+07 -6.68e+07
 -6.052e+06 -6.049e+06 -6.055e+06 -6.044e+06 -6.054e+06 -6.047e+06 -6.051e+06 -6.048e+06 -6.049e+06 -6.049e+06 -6.037e+06 -6.051e+06 -6.051e+06 -6.048e+06 -6.044e+06 -6.048e+06 -6.043e+06 -6.05e+06 -6.047e+06 -6.052e+06
 -2.381e+06 -2.389e+06 -2.387e+06 -2.384e+06 -2.382e+06 -2.398e+06 -2.377e+06 -2.375e+06 -2.379e+06 -2.352e+06 -2.352e+06 -2.376e+06 -2.385e+06 -2.38e+06 -2.376e+06 -2.373e+06 -2.378e+06 -2.381e+06 -2.383e+06 -2.382e+06
 -7.658e+07 -7.653e+07 -7.653e+07 -7.658e+07 -7.658e+07 -7.648e+07 -7.658e+07 -7.658e+07 -7.658e+07 -7.658e+07 -7.658e+07 -7.658e+07 -7.657e+07 -7.657e+07 -7.657e+07 -7.658e+07 -7.66e+07 -7.658e+07 -7.658e+07 -7.658e+07
 -2.329e+07 -2.329e+07 -2.329e+07 -2.329e+07 -2.329e+07 -2.329e+07 -2.329e+07 -2.329e+07 -2.329e+07 -2.329e+07 -2.329e+07 -2.33e+07 -2.329e+07 -2.33e+07 -2.329e+07 -2.328e+07 -2.329e+07 -2.329e+07 -2.33e+07 -2.328e+07
 -4.772e+07 -4.771e+07 -4.771e+07 -4.768e+07 -4.772e+07 -4.771e+07 -4.771e+07 -4.771e+07 -4.77e+07 -4.771e+07 -4.771e+07 -4.771e+07 -4.77e+07 -4.771e+07 -4.77e+07 -4.771e+07 -4.771e+07 -4.771e+07 -4.771e+07 -4.771e+07
 -6.879e+07 -6.879e+07 -6.879e+07 -6.88e+07 -6.88e+07 -6.876e+07 -6.879e+07 -6.879e+07 -6.88e+07 -6.879e+07 -6.879e+07 -6.879e+07 -6.88e+07 -6.879e+07 -6.879e+07 -6.88e+07 -6.88e+07 -6.88e+07 -6.879e+07 -6.88e+07
 -1.168e+07 -1.17e+07 -1.17e+07 -1.169e+07 -1.168e+07 -1.17e+07 -1.168e+07 -1.168e+07 -1.168e+07 -1.168e+07 -1.169e+07 -1.168e+07 -1.169e+07 -1.169e+07 -1.168e+07 -1.17e+07 -1.166e+07 -1.168e+07 -1.167e+07 -1.169e+07
 -7.806e+06 -7.81e+06 -7.812e+06 -7.805e+06 -7.805e+06 -7.819e+06 -7.808e+06 -7.808e+06 -7.805e+06 -7.776e+06 -7.786e+06 -7.806e+06 -7.811e+06 -7.808e+06 -7.803e+06 -7.811e+06 -7.804e+06 -7.809e+06 -7.807e+06 -7.805e+06
 -1.099e+07 -1.095e+07 -1.095e+07 -1.096e+07 -1.095e+07 -1.095e+07 -1.095e+07 -1.095e+07 -1.095e+07 -1.095e+07 -1.095e+07 -1.095e+07 -1.095e+07 -1.095e+07 -1.095e+07 -1.09e+07 -1.094e+07 -1.096e+07 -1.095e+07 -1.091e+07
 -3.332e+07 -3.332e+07 -3.332e+07 -3.332e+07 -3.333e+07 -3.332e+07 -3.332e+07 -3.333e+07 -3.332e+07 -3.332e+07 -3.332e+07 -3.332e+07 -3.332e+07 -3.333e+07 -3.333e+07 -3.333e+07 -3.331e+07 -3.332e+07 -3.331e+07 -3.332e+07
 -2.207e+06 -2.214e+06 -2.208e+06 -2.205e+06 -2.199e+06 -2.218e+06 -2.189e+06 -2.217e+06 -2.203e+06 -2.161e+06 -2.198e+06 -2.206e+06 -2.213e+06 -2.202e+06 -2.202e+06 -2.205e+06 -2.214e+06 -2.205e+06 -2.195e+06 -2.202e+06
