# Created by Octave 5.2.0, Thu Sep 24 20:44:59 2020 CEST <jiwidi@land>
# name: w
# type: matrix
# rows: 101
# columns: 20
 -6.441e+07 -6.441e+07 -6.441e+07 -6.441e+07 -6.441e+07 -6.441e+07 -6.441e+07 -6.441e+07 -6.441e+07 -6.441e+07 -6.441e+07 -6.441e+07 -6.441e+07 -6.441e+07 -6.441e+07 -6.441e+07 -6.441e+07 -6.441e+07 -6.441e+07 -6.441e+07
 -6.224e+06 -6.223e+06 -6.223e+06 -6.223e+06 -6.223e+06 -6.223e+06 -6.223e+06 -6.223e+06 -6.223e+06 -6.223e+06 -6.223e+06 -6.223e+06 -6.223e+06 -6.223e+06 -6.223e+06 -6.223e+06 -6.224e+06 -6.223e+06 -6.221e+06 -6.223e+06
 -1.13e+06 -1.13e+06 -1.13e+06 -1.13e+06 -1.13e+06 -1.13e+06 -1.13e+06 -1.13e+06 -1.13e+06 -1.13e+06 -1.13e+06 -1.128e+06 -1.13e+06 -1.131e+06 -1.13e+06 -1.13e+06 -1.13e+06 -1.129e+06 -1.13e+06 -1.13e+06
 -1.164e+06 -1.172e+06 -1.172e+06 -1.163e+06 -1.167e+06 -1.174e+06 -1.164e+06 -1.164e+06 -1.164e+06 -1.163e+06 -1.163e+06 -1.163e+06 -1.163e+06 -1.163e+06 -1.164e+06 -1.164e+06 -1.154e+06 -1.164e+06 -1.162e+06 -1.163e+06
 -6.17e+04 -6.13e+04 -6.1e+04 -6.14e+04 -6.1e+04 -6.06e+04 -6.07e+04 -6.17e+04 -6.13e+04 -6.07e+04 -6.1e+04 -6.1e+04 -6.14e+04 -6.1e+04 -6.1e+04 -6.06e+04 -6.27e+04 -5.72e+04 -5.81e+04 -6.17e+04
 -5.462e+06 -5.463e+06 -5.463e+06 -5.462e+06 -5.462e+06 -5.463e+06 -5.462e+06 -5.462e+06 -5.462e+06 -5.462e+06 -5.462e+06 -5.462e+06 -5.462e+06 -5.463e+06 -5.462e+06 -5.462e+06 -5.462e+06 -5.462e+06 -5.462e+06 -5.463e+06
 -2.742e+06 -2.743e+06 -2.743e+06 -2.743e+06 -2.743e+06 -2.744e+06 -2.742e+06 -2.743e+06 -2.742e+06 -2.741e+06 -2.742e+06 -2.742e+06 -2.743e+06 -2.743e+06 -2.743e+06 -2.743e+06 -2.743e+06 -2.742e+06 -2.743e+06 -2.742e+06
 -5.33e+04 -5.04e+04 -5.05e+04 -5.1e+04 -5.09e+04 -5.96e+04 -5.16e+04 -5.16e+04 -5.12e+04 -5.27e+04 -5.25e+04 -5.16e+04 -5.1e+04 -5.24e+04 -5.14e+04 -4.98e+04 -5.35e+04 -4.66e+04 -4.93e+04 -4.93e+04
 -6.65e+04 -6.98e+04 -6.56e+04 -6.76e+04 -7.29e+04 -7.12e+04 -6.65e+04 -6.76e+04 -6.74e+04 -6.7e+04 -6.72e+04 -6.07e+04 -7.15e+04 -6.78e+04 -6.37e+04 -7.38e+04 -6.75e+04 -6.95e+04 -7.41e+04 -6.9e+04
 -1.682e+06 -1.683e+06 -1.683e+06 -1.682e+06 -1.683e+06 -1.683e+06 -1.682e+06 -1.682e+06 -1.682e+06 -1.682e+06 -1.682e+06 -1.682e+06 -1.682e+06 -1.683e+06 -1.682e+06 -1.682e+06 -1.683e+06 -1.683e+06 -1.683e+06 -1.683e+06
 -2.94e+04 -2.79e+04 -2.83e+04 -3.31e+04 -2.92e+04 -2.76e+04 -2.83e+04 -3.02e+04 -2.91e+04 -2.82e+04 -2.86e+04 -2.53e+04 -3.73e+04 -2.95e+04 -2.96e+04 -2.85e+04 -2.76e+04 -2.92e+04 -2.75e+04 -2.96e+04
 -2.415e+06 -2.413e+06 -2.414e+06 -2.414e+06 -2.414e+06 -2.414e+06 -2.414e+06 -2.414e+06 -2.414e+06 -2.414e+06 -2.414e+06 -2.414e+06 -2.414e+06 -2.414e+06 -2.414e+06 -2.415e+06 -2.412e+06 -2.415e+06 -2.412e+06 -2.413e+06
 -6.446e+05 -6.433e+05 -6.444e+05 -6.445e+05 -6.442e+05 -6.448e+05 -6.44e+05 -6.445e+05 -6.443e+05 -6.429e+05 -6.435e+05 -6.439e+05 -6.426e+05 -6.445e+05 -6.446e+05 -6.442e+05 -6.44e+05 -6.442e+05 -6.445e+05 -6.444e+05
 -4.72e+05 -4.615e+05 -4.758e+05 -4.834e+05 -4.717e+05 -4.499e+05 -4.742e+05 -4.748e+05 -4.732e+05 -4.731e+05 -4.725e+05 -4.733e+05 -4.707e+05 -4.725e+05 -4.724e+05 -4.735e+05 -4.72e+05 -4.732e+05 -4.722e+05 -4.659e+05
 -9.099e+05 -9.047e+05 -9.054e+05 -8.979e+05 -9.028e+05 -9.495e+05 -9.033e+05 -9.103e+05 -9.099e+05 -9.099e+05 -9.099e+05 -9.099e+05 -9.079e+05 -9.095e+05 -9.095e+05 -9.097e+05 -9.111e+05 -9.097e+05 -9.1e+05 -9.105e+05
 -2.621e+06 -2.62e+06 -2.62e+06 -2.62e+06 -2.62e+06 -2.62e+06 -2.621e+06 -2.62e+06 -2.62e+06 -2.621e+06 -2.62e+06 -2.62e+06 -2.621e+06 -2.621e+06 -2.62e+06 -2.622e+06 -2.621e+06 -2.621e+06 -2.621e+06 -2.618e+06
 -2.881e+06 -2.88e+06 -2.881e+06 -2.881e+06 -2.88e+06 -2.881e+06 -2.881e+06 -2.881e+06 -2.88e+06 -2.881e+06 -2.881e+06 -2.881e+06 -2.881e+06 -2.881e+06 -2.88e+06 -2.88e+06 -2.881e+06 -2.88e+06 -2.879e+06 -2.881e+06
 -1.636e+06 -1.637e+06 -1.638e+06 -1.636e+06 -1.636e+06 -1.637e+06 -1.636e+06 -1.636e+06 -1.636e+06 -1.636e+06 -1.635e+06 -1.636e+06 -1.636e+06 -1.636e+06 -1.636e+06 -1.636e+06 -1.634e+06 -1.636e+06 -1.637e+06 -1.635e+06
 -1.526e+06 -1.526e+06 -1.527e+06 -1.527e+06 -1.526e+06 -1.526e+06 -1.527e+06 -1.527e+06 -1.527e+06 -1.527e+06 -1.526e+06 -1.527e+06 -1.526e+06 -1.527e+06 -1.527e+06 -1.526e+06 -1.528e+06 -1.526e+06 -1.526e+06 -1.527e+06
 -6.442e+06 -6.442e+06 -6.442e+06 -6.442e+06 -6.442e+06 -6.442e+06 -6.442e+06 -6.441e+06 -6.442e+06 -6.441e+06 -6.442e+06 -6.442e+06 -6.441e+06 -6.441e+06 -6.442e+06 -6.442e+06 -6.442e+06 -6.441e+06 -6.442e+06 -6.441e+06
 -3.915e+06 -3.915e+06 -3.915e+06 -3.915e+06 -3.915e+06 -3.915e+06 -3.915e+06 -3.915e+06 -3.915e+06 -3.915e+06 -3.915e+06 -3.915e+06 -3.915e+06 -3.915e+06 -3.915e+06 -3.914e+06 -3.915e+06 -3.915e+06 -3.915e+06 -3.912e+06
 -3.274e+06 -3.274e+06 -3.274e+06 -3.274e+06 -3.274e+06 -3.275e+06 -3.274e+06 -3.275e+06 -3.274e+06 -3.274e+06 -3.274e+06 -3.274e+06 -3.275e+06 -3.275e+06 -3.274e+06 -3.274e+06 -3.274e+06 -3.274e+06 -3.274e+06 -3.273e+06
 -2.548e+06 -2.549e+06 -2.548e+06 -2.549e+06 -2.546e+06 -2.548e+06 -2.548e+06 -2.548e+06 -2.548e+06 -2.548e+06 -2.548e+06 -2.548e+06 -2.548e+06 -2.548e+06 -2.548e+06 -2.548e+06 -2.548e+06 -2.548e+06 -2.548e+06 -2.547e+06
 -2.853e+06 -2.854e+06 -2.854e+06 -2.854e+06 -2.854e+06 -2.854e+06 -2.854e+06 -2.854e+06 -2.854e+06 -2.854e+06 -2.854e+06 -2.854e+06 -2.854e+06 -2.854e+06 -2.853e+06 -2.854e+06 -2.854e+06 -2.854e+06 -2.854e+06 -2.853e+06
 -6.68e+06 -6.678e+06 -6.681e+06 -6.681e+06 -6.681e+06 -6.679e+06 -6.68e+06 -6.68e+06 -6.68e+06 -6.68e+06 -6.68e+06 -6.68e+06 -6.68e+06 -6.679e+06 -6.68e+06 -6.68e+06 -6.682e+06 -6.68e+06 -6.68e+06 -6.68e+06
 -6.052e+05 -6.049e+05 -6.055e+05 -6.044e+05 -6.054e+05 -6.047e+05 -6.051e+05 -6.048e+05 -6.049e+05 -6.049e+05 -6.037e+05 -6.051e+05 -6.051e+05 -6.048e+05 -6.044e+05 -6.048e+05 -6.043e+05 -6.05e+05 -6.047e+05 -6.052e+05
 -2.381e+05 -2.389e+05 -2.387e+05 -2.384e+05 -2.382e+05 -2.398e+05 -2.377e+05 -2.375e+05 -2.379e+05 -2.352e+05 -2.352e+05 -2.376e+05 -2.385e+05 -2.38e+05 -2.376e+05 -2.373e+05 -2.378e+05 -2.381e+05 -2.383e+05 -2.382e+05
 -7.658e+06 -7.653e+06 -7.653e+06 -7.658e+06 -7.658e+06 -7.648e+06 -7.658e+06 -7.658e+06 -7.658e+06 -7.658e+06 -7.658e+06 -7.658e+06 -7.657e+06 -7.657e+06 -7.657e+06 -7.658e+06 -7.66e+06 -7.658e+06 -7.658e+06 -7.658e+06
 -2.329e+06 -2.329e+06 -2.329e+06 -2.329e+06 -2.329e+06 -2.329e+06 -2.329e+06 -2.329e+06 -2.329e+06 -2.329e+06 -2.329e+06 -2.33e+06 -2.329e+06 -2.33e+06 -2.329e+06 -2.328e+06 -2.329e+06 -2.329e+06 -2.33e+06 -2.328e+06
 -4.772e+06 -4.771e+06 -4.771e+06 -4.768e+06 -4.772e+06 -4.771e+06 -4.771e+06 -4.771e+06 -4.77e+06 -4.771e+06 -4.771e+06 -4.771e+06 -4.77e+06 -4.771e+06 -4.77e+06 -4.771e+06 -4.771e+06 -4.771e+06 -4.771e+06 -4.771e+06
 -6.879e+06 -6.879e+06 -6.879e+06 -6.88e+06 -6.88e+06 -6.876e+06 -6.879e+06 -6.879e+06 -6.88e+06 -6.879e+06 -6.879e+06 -6.879e+06 -6.88e+06 -6.879e+06 -6.879e+06 -6.88e+06 -6.88e+06 -6.88e+06 -6.879e+06 -6.88e+06
 -1.168e+06 -1.17e+06 -1.17e+06 -1.169e+06 -1.168e+06 -1.17e+06 -1.168e+06 -1.168e+06 -1.168e+06 -1.168e+06 -1.169e+06 -1.168e+06 -1.169e+06 -1.169e+06 -1.168e+06 -1.17e+06 -1.166e+06 -1.168e+06 -1.167e+06 -1.169e+06
 -7.806e+05 -7.81e+05 -7.812e+05 -7.805e+05 -7.805e+05 -7.819e+05 -7.808e+05 -7.808e+05 -7.805e+05 -7.776e+05 -7.786e+05 -7.806e+05 -7.811e+05 -7.808e+05 -7.803e+05 -7.811e+05 -7.804e+05 -7.809e+05 -7.807e+05 -7.805e+05
 -1.099e+06 -1.095e+06 -1.095e+06 -1.096e+06 -1.095e+06 -1.095e+06 -1.095e+06 -1.095e+06 -1.095e+06 -1.095e+06 -1.095e+06 -1.095e+06 -1.095e+06 -1.095e+06 -1.095e+06 -1.09e+06 -1.094e+06 -1.096e+06 -1.095e+06 -1.091e+06
 -3.332e+06 -3.332e+06 -3.332e+06 -3.332e+06 -3.333e+06 -3.332e+06 -3.332e+06 -3.333e+06 -3.332e+06 -3.332e+06 -3.332e+06 -3.332e+06 -3.332e+06 -3.333e+06 -3.333e+06 -3.333e+06 -3.331e+06 -3.332e+06 -3.331e+06 -3.332e+06
 -2.207e+05 -2.214e+05 -2.208e+05 -2.205e+05 -2.199e+05 -2.218e+05 -2.189e+05 -2.217e+05 -2.203e+05 -2.161e+05 -2.198e+05 -2.206e+05 -2.213e+05 -2.202e+05 -2.202e+05 -2.205e+05 -2.214e+05 -2.205e+05 -2.195e+05 -2.202e+05
