# Created by Octave 5.2.0, Thu Sep 24 19:21:55 2020 CEST <jiwidi@land>
# name: w
# type: matrix
# rows: 101
# columns: 20
 -4.316e+06 -4.316e+06 -4.316e+06 -4.316e+06 -4.316e+06 -4.316e+06 -4.316e+06 -4.316e+06 -4.316e+06 -4.316e+06 -4.316e+06 -4.316e+06 -4.316e+06 -4.316e+06 -4.316e+06 -4.316e+06 -4.316e+06 -4.316e+06 -4.316e+06 -4.316e+06
 -5.268e+05 -5.267e+05 -5.268e+05 -5.268e+05 -5.268e+05 -5.267e+05 -5.267e+05 -5.268e+05 -5.267e+05 -5.267e+05 -5.268e+05 -5.267e+05 -5.268e+05 -5.268e+05 -5.267e+05 -5.267e+05 -5.268e+05 -5.267e+05 -5.265e+05 -5.268e+05
 -9.772e+04 -9.776e+04 -9.766e+04 -9.769e+04 -9.763e+04 -9.77e+04 -9.76e+04 -9.766e+04 -9.766e+04 -9.765e+04 -9.766e+04 -9.748e+04 -9.766e+04 -9.77e+04 -9.77e+04 -9.767e+04 -9.764e+04 -9.758e+04 -9.768e+04 -9.767e+04
 -1.058e+05 -1.067e+05 -1.062e+05 -1.058e+05 -1.068e+05 -1.062e+05 -1.058e+05 -1.058e+05 -1.058e+05 -1.058e+05 -1.058e+05 -1.058e+05 -1.058e+05 -1.058e+05 -1.058e+05 -1.058e+05 -1.048e+05 -1.059e+05 -1.057e+05 -1.058e+05
 -6360 -6250 -6250 -6270 -6260 -6200 -6220 -6260 -6230 -6200 -6310 -6240 -6240 -6220 -6250 -6210 -6370 -5940 -6010 -6320
 -4.446e+05 -4.447e+05 -4.446e+05 -4.446e+05 -4.447e+05 -4.446e+05 -4.446e+05 -4.446e+05 -4.446e+05 -4.446e+05 -4.446e+05 -4.446e+05 -4.445e+05 -4.446e+05 -4.446e+05 -4.446e+05 -4.445e+05 -4.446e+05 -4.447e+05 -4.446e+05
 -2.044e+05 -2.044e+05 -2.045e+05 -2.044e+05 -2.044e+05 -2.045e+05 -2.044e+05 -2.044e+05 -2.044e+05 -2.043e+05 -2.044e+05 -2.044e+05 -2.044e+05 -2.044e+05 -2.044e+05 -2.045e+05 -2.045e+05 -2.044e+05 -2.045e+05 -2.044e+05
 -4400 -4160 -4180 -4230 -4250 -5210 -4350 -4310 -4210 -4350 -4330 -4330 -4220 -4390 -4230 -4140 -4510 -3950 -4010 -4080
 -5980 -6400 -5940 -6140 -6850 -6520 -6030 -6160 -6110 -6190 -6130 -5650 -6340 -6180 -5810 -6670 -6180 -6280 -6870 -6500
 -1.256e+05 -1.256e+05 -1.257e+05 -1.256e+05 -1.256e+05 -1.258e+05 -1.256e+05 -1.256e+05 -1.257e+05 -1.256e+05 -1.256e+05 -1.256e+05 -1.256e+05 -1.257e+05 -1.257e+05 -1.257e+05 -1.257e+05 -1.257e+05 -1.257e+05 -1.256e+05
 -2480 -2270 -2340 -3180 -2470 -2260 -2310 -2570 -2470 -2460 -2440 -2130 -3510 -2480 -2500 -2430 -2250 -2490 -2270 -2480
 -2.04e+05 -2.04e+05 -2.04e+05 -2.04e+05 -2.04e+05 -2.04e+05 -2.04e+05 -2.04e+05 -2.04e+05 -2.04e+05 -2.04e+05 -2.04e+05 -2.04e+05 -2.04e+05 -2.04e+05 -2.04e+05 -2.038e+05 -2.04e+05 -2.039e+05 -2.039e+05
 -4.591e+04 -4.584e+04 -4.592e+04 -4.59e+04 -4.595e+04 -4.597e+04 -4.589e+04 -4.59e+04 -4.592e+04 -4.581e+04 -4.586e+04 -4.588e+04 -4.579e+04 -4.594e+04 -4.595e+04 -4.592e+04 -4.586e+04 -4.593e+04 -4.591e+04 -4.588e+04
 -4.531e+04 -4.407e+04 -4.561e+04 -4.644e+04 -4.539e+04 -4.314e+04 -4.551e+04 -4.531e+04 -4.532e+04 -4.531e+04 -4.531e+04 -4.535e+04 -4.535e+04 -4.537e+04 -4.54e+04 -4.534e+04 -4.522e+04 -4.534e+04 -4.541e+04 -4.463e+04
 -8.989e+04 -8.973e+04 -8.98e+04 -8.922e+04 -8.977e+04 -9.418e+04 -8.961e+04 -8.994e+04 -8.994e+04 -8.991e+04 -8.994e+04 -8.988e+04 -8.991e+04 -8.993e+04 -8.993e+04 -8.99e+04 -9.016e+04 -8.994e+04 -8.989e+04 -8.995e+04
 -2.217e+05 -2.216e+05 -2.216e+05 -2.216e+05 -2.216e+05 -2.216e+05 -2.216e+05 -2.216e+05 -2.216e+05 -2.216e+05 -2.216e+05 -2.216e+05 -2.216e+05 -2.216e+05 -2.216e+05 -2.217e+05 -2.216e+05 -2.217e+05 -2.216e+05 -2.215e+05
 -2.364e+05 -2.363e+05 -2.363e+05 -2.364e+05 -2.363e+05 -2.364e+05 -2.363e+05 -2.363e+05 -2.363e+05 -2.363e+05 -2.363e+05 -2.364e+05 -2.363e+05 -2.363e+05 -2.363e+05 -2.363e+05 -2.364e+05 -2.362e+05 -2.362e+05 -2.363e+05
 -1.378e+05 -1.379e+05 -1.377e+05 -1.378e+05 -1.379e+05 -1.377e+05 -1.378e+05 -1.378e+05 -1.378e+05 -1.378e+05 -1.378e+05 -1.378e+05 -1.378e+05 -1.378e+05 -1.378e+05 -1.378e+05 -1.376e+05 -1.378e+05 -1.378e+05 -1.377e+05
 -1.283e+05 -1.283e+05 -1.284e+05 -1.284e+05 -1.283e+05 -1.284e+05 -1.284e+05 -1.284e+05 -1.284e+05 -1.284e+05 -1.284e+05 -1.284e+05 -1.284e+05 -1.283e+05 -1.284e+05 -1.283e+05 -1.285e+05 -1.284e+05 -1.283e+05 -1.284e+05
 -4.866e+05 -4.866e+05 -4.866e+05 -4.866e+05 -4.866e+05 -4.866e+05 -4.866e+05 -4.866e+05 -4.866e+05 -4.866e+05 -4.866e+05 -4.866e+05 -4.866e+05 -4.866e+05 -4.866e+05 -4.866e+05 -4.866e+05 -4.866e+05 -4.866e+05 -4.866e+05
 -3.58e+05 -3.58e+05 -3.58e+05 -3.58e+05 -3.58e+05 -3.58e+05 -3.58e+05 -3.58e+05 -3.58e+05 -3.58e+05 -3.58e+05 -3.58e+05 -3.58e+05 -3.58e+05 -3.58e+05 -3.579e+05 -3.579e+05 -3.58e+05 -3.58e+05 -3.579e+05
 -2.717e+05 -2.717e+05 -2.717e+05 -2.717e+05 -2.717e+05 -2.717e+05 -2.716e+05 -2.717e+05 -2.717e+05 -2.717e+05 -2.716e+05 -2.716e+05 -2.717e+05 -2.717e+05 -2.717e+05 -2.717e+05 -2.717e+05 -2.717e+05 -2.716e+05 -2.716e+05
 -2.093e+05 -2.093e+05 -2.095e+05 -2.094e+05 -2.09e+05 -2.093e+05 -2.092e+05 -2.093e+05 -2.093e+05 -2.093e+05 -2.093e+05 -2.092e+05 -2.093e+05 -2.092e+05 -2.093e+05 -2.093e+05 -2.093e+05 -2.093e+05 -2.093e+05 -2.092e+05
 -2.264e+05 -2.266e+05 -2.266e+05 -2.265e+05 -2.266e+05 -2.266e+05 -2.266e+05 -2.265e+05 -2.266e+05 -2.265e+05 -2.266e+05 -2.266e+05 -2.265e+05 -2.265e+05 -2.264e+05 -2.265e+05 -2.265e+05 -2.265e+05 -2.266e+05 -2.265e+05
 -5.701e+05 -5.7e+05 -5.703e+05 -5.701e+05 -5.7e+05 -5.7e+05 -5.701e+05 -5.701e+05 -5.701e+05 -5.701e+05 -5.702e+05 -5.701e+05 -5.7e+05 -5.701e+05 -5.701e+05 -5.701e+05 -5.702e+05 -5.702e+05 -5.701e+05 -5.701e+05
 -4.971e+04 -4.969e+04 -4.97e+04 -4.965e+04 -4.974e+04 -4.97e+04 -4.972e+04 -4.968e+04 -4.968e+04 -4.968e+04 -4.963e+04 -4.968e+04 -4.967e+04 -4.969e+04 -4.964e+04 -4.968e+04 -4.963e+04 -4.967e+04 -4.966e+04 -4.97e+04
 -1.803e+04 -1.808e+04 -1.807e+04 -1.81e+04 -1.805e+04 -1.821e+04 -1.804e+04 -1.797e+04 -1.803e+04 -1.79e+04 -1.785e+04 -1.799e+04 -1.807e+04 -1.805e+04 -1.801e+04 -1.8e+04 -1.803e+04 -1.804e+04 -1.807e+04 -1.806e+04
 -6.772e+05 -6.77e+05 -6.771e+05 -6.772e+05 -6.773e+05 -6.768e+05 -6.772e+05 -6.772e+05 -6.772e+05 -6.772e+05 -6.772e+05 -6.772e+05 -6.771e+05 -6.772e+05 -6.771e+05 -6.772e+05 -6.78e+05 -6.772e+05 -6.772e+05 -6.772e+05
 -1.987e+05 -1.986e+05 -1.986e+05 -1.986e+05 -1.987e+05 -1.986e+05 -1.986e+05 -1.986e+05 -1.986e+05 -1.986e+05 -1.986e+05 -1.986e+05 -1.986e+05 -1.987e+05 -1.986e+05 -1.986e+05 -1.986e+05 -1.987e+05 -1.987e+05 -1.985e+05
 -4.205e+05 -4.205e+05 -4.204e+05 -4.202e+05 -4.205e+05 -4.204e+05 -4.205e+05 -4.205e+05 -4.205e+05 -4.205e+05 -4.205e+05 -4.205e+05 -4.205e+05 -4.205e+05 -4.204e+05 -4.205e+05 -4.205e+05 -4.205e+05 -4.204e+05 -4.205e+05
 -5.341e+05 -5.341e+05 -5.341e+05 -5.341e+05 -5.341e+05 -5.34e+05 -5.34e+05 -5.341e+05 -5.34e+05 -5.34e+05 -5.341e+05 -5.341e+05 -5.34e+05 -5.34e+05 -5.34e+05 -5.341e+05 -5.343e+05 -5.341e+05 -5.341e+05 -5.341e+05
 -9.947e+04 -9.951e+04 -9.943e+04 -9.941e+04 -9.953e+04 -9.945e+04 -9.939e+04 -9.94e+04 -9.939e+04 -9.941e+04 -9.941e+04 -9.943e+04 -9.944e+04 -9.947e+04 -9.944e+04 -9.947e+04 -9.907e+04 -9.931e+04 -9.939e+04 -9.943e+04
 -5.77e+04 -5.767e+04 -5.774e+04 -5.764e+04 -5.774e+04 -5.778e+04 -5.766e+04 -5.763e+04 -5.761e+04 -5.743e+04 -5.752e+04 -5.767e+04 -5.765e+04 -5.762e+04 -5.757e+04 -5.766e+04 -5.765e+04 -5.767e+04 -5.763e+04 -5.764e+04
 -1.044e+05 -1.043e+05 -1.042e+05 -1.042e+05 -1.042e+05 -1.042e+05 -1.042e+05 -1.042e+05 -1.042e+05 -1.042e+05 -1.042e+05 -1.042e+05 -1.042e+05 -1.042e+05 -1.042e+05 -1.039e+05 -1.042e+05 -1.044e+05 -1.042e+05 -1.038e+05
 -2.821e+05 -2.821e+05 -2.821e+05 -2.821e+05 -2.821e+05 -2.821e+05 -2.821e+05 -2.821e+05 -2.821e+05 -2.821e+05 -2.821e+05 -2.821e+05 -2.82e+05 -2.821e+05 -2.821e+05 -2.822e+05 -2.82e+05 -2.821e+05 -2.82e+05 -2.821e+05
 -1.768e+04 -1.789e+04 -1.769e+04 -1.775e+04 -1.765e+04 -1.798e+04 -1.759e+04 -1.782e+04 -1.767e+04 -1.737e+04 -1.77e+04 -1.77e+04 -1.774e+04 -1.764e+04 -1.765e+04 -1.767e+04 -1.773e+04 -1.765e+04 -1.763e+04 -1.765e+04
 -4.816e+04 -4.818e+04 -4.822e+04 -4.814e+04 -4.81e+04 -5.008e+04 -4.76e+04 -4.816e+04 -4.814e+04 -4.818e+04 -4.818e+04 -4.819e+04 -4.814e+04 -4.812e+04 -4.817e+04 -4.817e+04 -4.818e+04 -4.816e+04 -4.819e+04 -4.817e+04
