# Created by Octave 5.2.0, Thu Sep 24 17:20:20 2020 CEST <jiwidi@land>
# name: w
# type: matrix
# rows: 101
# columns: 20
 -1.169e+05 -1.169e+05 -1.169e+05 -1.169e+05 -1.169e+05 -1.169e+05 -1.169e+05 -1.169e+05 -1.169e+05 -1.169e+05 -1.169e+05 -1.169e+05 -1.169e+05 -1.169e+05 -1.169e+05 -1.169e+05 -1.169e+05 -1.169e+05 -1.169e+05 -1.169e+05
 -9166 -9153 -9153 -9155 -9153 -9152 -9150 -9156 -9154 -9154 -9151 -9139 -9159 -9162 -9149 -9155 -9136 -9155 -9130 -9152
 -1795 -1799 -1787 -1792 -1800 -1790 -1787 -1787 -1787 -1784 -1788 -1735 -1785 -1807 -1797 -1786 -1775 -1774 -1807 -1795
 -2081 -2067 -2062 -2061 -2070 -2076 -2070 -2082 -2064 -2073 -2066 -2070 -2063 -2076 -2060 -2066 -1998 -2077 -2045 -2066
 -179 -174.2 -176 -186.4 -179.4 -169.7 -165.8 -176.4 -160 -172.3 -170.1 -170.7 -193.2 -194.7 -169.1 -171 -181.5 -52.5 -57.5 -161.2
 -8068 -8072 -8073 -8072 -8073 -8072 -8075 -8072 -8071 -8071 -8074 -8064 -8066 -8076 -8074 -8073 -8062 -8072 -8059 -8068
 -4358 -4367 -4373 -4369 -4369 -4369 -4349 -4368 -4362 -4325 -4320 -4367 -4368 -4371 -4368 -4374 -4370 -4366 -4368 -4358
 -221.2 -173.5 -169.6 -176.3 -180.3 -169.3 -174.7 -220.2 -177 -198.7 -251.8 -173 -173.3 -189.6 -167.5 -173.6 -223.5 -45.2 -165.8 -154.2
 -144.5 -162 -159.9 -171.4 -204.4 -173.7 -162.3 -167.4 -152.2 -168 -156.8 19.9 -207.5 -173.7 -70.8 -185.4 -137 -163.8 -186.6 -163.1
 -2865 -2860 -2856 -2855 -2853 -2858 -2834 -2856 -2853 -2831 -2838 -2854 -2850 -2861 -2855 -2861 -2858 -2855 -2865 -2863
 -121.6 -103.9 -106.5 -118.6 -113.9 -97.4 -91.8 -101.7 -88.4 -100.8 -84.6 5.9 -121.8 -110 -105.3 -109.6 -63 -98.6 -87.1 -109.1
 -3869 -3856 -3856 -3859 -3859 -3853 -3852 -3856 -3853 -3856 -3854 -3853 -3867 -3866 -3857 -3859 -3808 -3855 -3854 -3833
 -1031 -1004 -1027 -1036 -1043 -1035 -1005 -1036 -1026 -989.5 -977.6 -1021 -1021 -1038 -1045 -1028 -1028 -1026 -1040 -1026
 -399.6 -309 -396.2 -425.5 -372.6 -203 -393.7 -396.3 -391.3 -390.7 -389.6 -385.5 -393.5 -345.1 -397 -397.1 -351.2 -394.7 -402.1 -311.9
 -1349 -1365 -1352 -1297 -1320 -1367 -1332 -1350 -1348 -1344 -1350 -1346 -1359 -1355 -1346 -1351 -1349 -1348 -1352 -1354
 -4227 -4231 -4230 -4233 -4235 -4231 -4232 -4234 -4232 -4234 -4231 -4233 -4236 -4241 -4235 -4249 -4237 -4236 -4228 -4212
 -4286 -4281 -4283 -4285 -4285 -4280 -4277 -4278 -4278 -4280 -4276 -4273 -4288 -4290 -4281 -4283 -4276 -4268 -4255 -4275
 -2504 -2498 -2500 -2505 -2499 -2496 -2497 -2498 -2493 -2501 -2493 -2497 -2500 -2504 -2500 -2504 -2465 -2501 -2492 -2474
 -2673 -2673 -2674 -2676 -2675 -2670 -2671 -2675 -2672 -2680 -2669 -2676 -2675 -2676 -2675 -2669 -2680 -2624 -2665 -2667
 -1.106e+04 -1.107e+04 -1.107e+04 -1.107e+04 -1.107e+04 -1.107e+04 -1.107e+04 -1.107e+04 -1.107e+04 -1.107e+04 -1.107e+04 -1.107e+04 -1.107e+04 -1.106e+04 -1.107e+04 -1.107e+04 -1.108e+04 -1.107e+04 -1.106e+04 -1.105e+04
 -6223 -6236 -6236 -6237 -6238 -6238 -6236 -6236 -6236 -6238 -6236 -6236 -6238 -6241 -6237 -6245 -6232 -6256 -6238 -6231
 -5632 -5623 -5620 -5619 -5623 -5622 -5618 -5616 -5619 -5625 -5621 -5618 -5622 -5612 -5623 -5618 -5605 -5620 -5608 -5615
 -4397 -4407 -4400 -4429 -4319 -4406 -4393 -4400 -4395 -4404 -4392 -4388 -4397 -4396 -4399 -4410 -4413 -4402 -4409 -4364
 -4630 -4647 -4650 -4651 -4657 -4652 -4647 -4655 -4652 -4653 -4653 -4655 -4643 -4659 -4616 -4657 -4657 -4644 -4663 -4630
 -9682 -9661 -9686 -9661 -9667 -9666 -9672 -9677 -9676 -9680 -9681 -9680 -9666 -9672 -9665 -9674 -9677 -9676 -9682 -9680
 -886.5 -869.5 -876.6 -846.3 -886.6 -878 -871.6 -872.2 -865.7 -829.1 -836.7 -873.8 -868.8 -890 -854.1 -881.8 -869.3 -876.5 -883.6 -881.9
 -572.6 -556.7 -554.4 -554.3 -564 -552.3 -539.4 -541.7 -553 -448.5 -455.6 -538.3 -567.2 -557.5 -551.3 -553.3 -555.8 -556.6 -586.2 -561.8
 -1.027e+04 -1.026e+04 -1.026e+04 -1.027e+04 -1.027e+04 -1.026e+04 -1.027e+04 -1.027e+04 -1.027e+04 -1.027e+04 -1.027e+04 -1.027e+04 -1.025e+04 -1.026e+04 -1.027e+04 -1.027e+04 -1.028e+04 -1.027e+04 -1.027e+04 -1.027e+04
 -3943 -3964 -3965 -3962 -3966 -3963 -3961 -3963 -3961 -3965 -3958 -3963 -3965 -3968 -3965 -3937 -3964 -3960 -3983 -3924
 -7315 -7308 -7304 -7259 -7325 -7292 -7314 -7311 -7306 -7310 -7309 -7310 -7293 -7303 -7307 -7311 -7310 -7309 -7313 -7307
 -1.024e+04 -1.023e+04 -1.024e+04 -1.023e+04 -1.023e+04 -1.023e+04 -1.023e+04 -1.022e+04 -1.023e+04 -1.02e+04 -1.023e+04 -1.023e+04 -1.024e+04 -1.021e+04 -1.023e+04 -1.023e+04 -1.023e+04 -1.023e+04 -1.023e+04 -1.024e+04
 -1874 -1862 -1861 -1861 -1859 -1863 -1857 -1862 -1853 -1860 -1854 -1856 -1867 -1869 -1859 -1876 -1777 -1842 -1859 -1849
 -1358 -1357 -1350 -1362 -1355 -1356 -1345 -1344 -1344 -1280 -1278 -1353 -1365 -1356 -1339 -1355 -1355 -1350 -1356 -1336
 -1364 -1351 -1351 -1352 -1349 -1348 -1351 -1354 -1350 -1349 -1347 -1353 -1350 -1349 -1355 -1292 -1347 -1354 -1367 -1302
 -4829 -4823 -4825 -4823 -4823 -4825 -4825 -4825 -4826 -4825 -4824 -4827 -4815 -4823 -4826 -4822 -4803 -4826 -4822 -4824
 -483 -476.1 -465.5 -485.4 -475.2 -469.4 -445 -459.9 -452.9 -362.8 -447.5 -463 -480.8 -483.7 -467.2 -473.8 -479.2 -463.7 -482.9 -461.3
 -834.2 -848.6 -858.4 -864.3 -819.3 -866.9 -695.7 -826.7 -827.6 -829.2 -833.6 -863.1 -831 -801.9 -850.6 -826.3 -829.2 -824.3 -829.7 -826.6
 -1692 -1704 -1700 -1690 -1695 -1644 -1699 -1665 -1690 -1688 -1687 -1653 -1706 -1686 -1697 -1692 -1691 -1691 -1693 -1694
 -45.7 -35.8 -33.9 -45.4 -39.3 -32.4 -26.9 -66.3 -26.6 -35.8 -25.8 -29.1 -46.1 -41.7 -35.5 -39.8 -66.3 80.2 -5.6 -38.2
 -33.7 -27.4 -24.7 -35.1 -29.4 -27.2 -7 -28.3 -18.8 -107 115 -22 -32.3 -45.2 -29.8 -37.4 -30 -22.3 -24.5 -21.1
 -4256 -4253 -4269 -4259 -4249 -4245 -4266 -4264 -4269 -4268 -4265 -4266 -4253 -4250 -4195 -4271 -4266 -4266 -4267 -4279
 -661.7 -663.9 -652.9 -645.1 -658.5 -645.7 -630.1 -651.3 -637.3 -556.7 -572.4 -642.2 -638.3 -639.3 -602.8 -652.8 -645.7 -642.9 -677.8 -651
 -5326 -5323 -5323 -5327 -5322 -5321 -5300 -5221 -5302 -5325 -5312 -5318 -5282 -5327 -5324 -5325 -5327 -5318 -5321 -5315
 -1.752e+04 -1.753e+04 -1.753e+04 -1.753e+04 -1.753e+04 -1.753e+04 -1.753e+04 -1.753e+04 -1.753e+04 -1.753e+04 -1.753e+04 -1.753e+04 -1.753e+04 -1.753e+04 -1.753e+04 -1.751e+04 -1.753e+04 -1.753e+04 -1.753e+04 -1.753e+04
 -2994 -3000 -3000 -3002 -3001 -3000 -2998 -3001 -2999 -3006 -2998 -2999 -3003 -3011 -3003 -2965 -3008 -3002 -2992 -3002
 -3797 -3783 -3785 -3798 -3792 -3792 -3794 -3785 -3788 -3774 -3754 -3787 -3776 -3783 -3793 -3789 -3807 -3791 -3781 -3784
 -202.8 -227.5 -232.4 -206.5 -218.8 -235.3 -233.1 -220 -209.1 -201.8 -215.1 -39.4 -174.5 -203.9 -222.4 -184.7 -156.2 -206.6 -199.9 -201.4
 -8.93e+04 -8.932e+04 -8.932e+04 -8.932e+04 -8.932e+04 -8.932e+04 -8.932e+04 -8.931e+04 -8.931e+04 -8.931e+04 -8.932e+04 -8.931e+04 -8.931e+04 -8.932e+04 -8.931e+04 -8.932e+04 -8.931e+04 -8.931e+04 -8.93e+04 -8.93e+04
 57 -93.8 -95.2 -100.8 -134.4 -87.4 -83.8 -149.9 -87.4 -104.7 -98.5 -99.1 -144 -175 -187.8 -127.3 -110.8 -101.7 -183.8 37.7
 -184.7 -238 -222.8 -225 -206.5 -218.4 -211.8 -212.1 -209.1 -222.8 -206.3 -228.4 -234.8 -227.9 -71 -241.3 -226.9 -214.4 -236.5 -246.5
 -2175 -2168 -2167 -2166 -2170 -2166 -2165 -2163 -2161 -2170 -2165 -2164 -2166 -2169 -2169 -2136 -2168 -2168 -2174 -2138
 -126.8 -121.2 -120 -128.6 -117.2 -122.6 -131.2 -122.6 -124 -119.6 -129.2 -127.7 -129.8 -115.4 -133.2 -118.5 -125.3 -47.3 -131.6 -126.4
 -131.5 -32.7 -30 -31.5 -44.8 -26.3 -26.1 -25 -23.2 -33.9 -23.9 -26.1 -29.8 -33.2 -50.1 259.2 -30.2 -41.3 -38.2 -122
 -4777 -4811 -4814 -4814 -4811 -4813 -4810 -4812 -4811 -4817 -4810 -4817 -4816 -4821 -4819 -4820 -4811 -4810 -4826 -4795
 -847.3 -804.4 -809.2 -806.4 -808.8 -796.3 -802 -805.8 -808.9 -813.5 -798.9 -810.7 -813.6 -824.9 -804 -755.9 -818.5 -808 -829.6 -776.4
 -4022 -4037 -4037 -4042 -4040 -4041 -4034 -4036 -4039 -4042 -4042 -4033 -4040 -4041 -4038 -4036 -4046 -4024 -4015 -4045
 -3939 -3970 -3973 -3971 -3971 -3971 -3970 -3971 -3973 -3972 -3972 -3976 -3977 -3971 -3973 -3967 -3979 -3952 -3963 -3959
 -4741 -4695 -4709 -4734 -4749 -4727 -4742 -4741 -4738 -4741 -4737 -4736 -4744 -4747 -4742 -4746 -4746 -4738 -4745 -4737
