# Created by Octave 5.2.0, Thu Sep 24 18:53:17 2020 CEST <jiwidi@land>
# name: w
# type: matrix
# rows: 101
# columns: 20
 -1.323e+06 -1.322e+06 -1.323e+06 -1.322e+06 -1.322e+06 -1.323e+06 -1.323e+06 -1.324e+06 -1.325e+06 -1.323e+06 -1.324e+06 -1.324e+06 -1.322e+06 -1.323e+06 -1.323e+06 -1.322e+06 -1.323e+06 -1.324e+06 -1.323e+06 -1.324e+06
 -1.087e+05 -1.076e+05 -1.076e+05 -1.076e+05 -1.076e+05 -1.074e+05 -1.073e+05 -1.078e+05 -1.077e+05 -1.076e+05 -1.074e+05 -1.064e+05 -1.08e+05 -1.085e+05 -1.072e+05 -1.077e+05 -1.057e+05 -1.077e+05 -1.053e+05 -1.077e+05
 -2.185e+04 -2.212e+04 -2.154e+04 -2.133e+04 -2.222e+04 -2.131e+04 -2.112e+04 -2.116e+04 -2.1e+04 -2.092e+04 -2.123e+04 -1.614e+04 -2.097e+04 -2.247e+04 -2.159e+04 -2.114e+04 -1.966e+04 -1.997e+04 -2.255e+04 -2.141e+04
 -2.851e+04 -2.676e+04 -2.64e+04 -2.604e+04 -2.672e+04 -2.683e+04 -2.741e+04 -2.856e+04 -2.688e+04 -2.729e+04 -2.702e+04 -2.721e+04 -2.641e+04 -2.73e+04 -2.594e+04 -2.633e+04 -2.054e+04 -2.787e+04 -2.497e+04 -2.704e+04
 -6458 -5554 -5596 -5762 -5723 -5358 -5249 -5679 -5149 -5706 -5193 -5770 -6107 -6098 -5655 -5823 -6470 91 -698 -5798
 -9.041e+04 -9.09e+04 -9.074e+04 -9.077e+04 -9.07e+04 -9.084e+04 -9.1e+04 -9.064e+04 -9.066e+04 -9.082e+04 -9.086e+04 -8.985e+04 -9.009e+04 -9.108e+04 -9.097e+04 -9.085e+04 -8.992e+04 -9.089e+04 -8.967e+04 -9.057e+04
 -4.925e+04 -5.032e+04 -5.052e+04 -4.998e+04 -5.023e+04 -5.014e+04 -4.856e+04 -5.01e+04 -4.949e+04 -4.614e+04 -4.568e+04 -5.014e+04 -5.02e+04 -5.054e+04 -5.025e+04 -5.091e+04 -5.008e+04 -4.993e+04 -5.041e+04 -4.941e+04
 -7266 -6425 -6372 -6481 -6511 -6385 -6335 -6587 -5822 -7113 -6887 -6316 -6589 -6620 -6450 -6260 -7803 4489 -5637 -5467
 -6398 -5316 -5296 -6217 -6550 -5201 -5045 -4953 -5076 -5081 -4824 6749 -7994 -5852 -2959 -5767 -6025 -5433 -8210 -5528
 -3.518e+04 -3.435e+04 -3.416e+04 -3.429e+04 -3.411e+04 -3.437e+04 -3.231e+04 -3.434e+04 -3.421e+04 -3.172e+04 -3.223e+04 -3.414e+04 -3.356e+04 -3.436e+04 -3.415e+04 -3.449e+04 -3.454e+04 -3.394e+04 -3.5e+04 -3.457e+04
 -3136 -2833 -2783 -3098 -3267 -3007 -2764 -2848 -2699 -2878 -2691 3088 -3776 -2895 -2932 -2938 -2779 -2844 -2953 -3230
 -4.74e+04 -4.621e+04 -4.621e+04 -4.634e+04 -4.647e+04 -4.583e+04 -4.569e+04 -4.633e+04 -4.568e+04 -4.629e+04 -4.594e+04 -4.598e+04 -4.688e+04 -4.705e+04 -4.613e+04 -4.671e+04 -4.169e+04 -4.585e+04 -4.599e+04 -4.378e+04
 -1.56e+04 -1.329e+04 -1.523e+04 -1.567e+04 -1.627e+04 -1.535e+04 -1.295e+04 -1.542e+04 -1.483e+04 -1.156e+04 -1.046e+04 -1.481e+04 -1.46e+04 -1.583e+04 -1.65e+04 -1.517e+04 -1.518e+04 -1.505e+04 -1.572e+04 -1.497e+04
 -9777 -6700 -1.013e+04 -1.004e+04 -8611 4072 -8212 -8046 -7760 -8262 -7664 -8521 -9025 -8230 -8699 -9867 -8257 -8011 -9953 -7120
 -1.863e+04 -1.97e+04 -1.884e+04 -1.378e+04 -1.569e+04 -1.872e+04 -1.686e+04 -1.866e+04 -1.836e+04 -1.807e+04 -1.843e+04 -1.817e+04 -1.926e+04 -1.858e+04 -1.818e+04 -1.859e+04 -1.866e+04 -1.826e+04 -1.887e+04 -1.851e+04
 -4.546e+04 -4.636e+04 -4.624e+04 -4.663e+04 -4.648e+04 -4.636e+04 -4.645e+04 -4.634e+04 -4.647e+04 -4.65e+04 -4.626e+04 -4.652e+04 -4.668e+04 -4.698e+04 -4.667e+04 -4.78e+04 -4.679e+04 -4.68e+04 -4.554e+04 -4.45e+04
 -4.949e+04 -4.909e+04 -4.952e+04 -4.952e+04 -4.969e+04 -4.923e+04 -4.915e+04 -4.906e+04 -4.909e+04 -4.932e+04 -4.9e+04 -4.875e+04 -5.019e+04 -4.957e+04 -4.922e+04 -4.944e+04 -4.891e+04 -4.803e+04 -4.67e+04 -4.876e+04
 -2.933e+04 -2.901e+04 -2.903e+04 -2.948e+04 -2.921e+04 -2.86e+04 -2.892e+04 -2.88e+04 -2.847e+04 -2.894e+04 -2.831e+04 -2.876e+04 -2.881e+04 -2.922e+04 -2.931e+04 -2.926e+04 -2.534e+04 -2.914e+04 -2.801e+04 -2.62e+04
 -3.14e+04 -3.114e+04 -3.126e+04 -3.12e+04 -3.142e+04 -3.106e+04 -3.086e+04 -3.127e+04 -3.104e+04 -3.181e+04 -3.084e+04 -3.147e+04 -3.123e+04 -3.14e+04 -3.128e+04 -3.062e+04 -3.173e+04 -2.617e+04 -3.044e+04 -3.065e+04
 -1.247e+05 -1.259e+05 -1.26e+05 -1.261e+05 -1.261e+05 -1.259e+05 -1.258e+05 -1.26e+05 -1.259e+05 -1.261e+05 -1.26e+05 -1.26e+05 -1.26e+05 -1.251e+05 -1.261e+05 -1.263e+05 -1.273e+05 -1.26e+05 -1.25e+05 -1.24e+05
 -6.627e+04 -6.703e+04 -6.701e+04 -6.717e+04 -6.724e+04 -6.696e+04 -6.692e+04 -6.707e+04 -6.707e+04 -6.737e+04 -6.682e+04 -6.703e+04 -6.709e+04 -6.744e+04 -6.713e+04 -6.687e+04 -6.669e+04 -6.801e+04 -6.731e+04 -6.597e+04
 -6.508e+04 -6.389e+04 -6.36e+04 -6.374e+04 -6.393e+04 -6.383e+04 -6.348e+04 -6.336e+04 -6.342e+04 -6.401e+04 -6.353e+04 -6.355e+04 -6.403e+04 -6.295e+04 -6.377e+04 -6.348e+04 -6.237e+04 -6.349e+04 -6.236e+04 -6.329e+04
 -5.4e+04 -5.461e+04 -5.415e+04 -5.629e+04 -4.663e+04 -5.476e+04 -5.349e+04 -5.417e+04 -5.375e+04 -5.449e+04 -5.344e+04 -5.285e+04 -5.358e+04 -5.363e+04 -5.396e+04 -5.492e+04 -5.535e+04 -5.429e+04 -5.498e+04 -5.063e+04
 -5.254e+04 -5.442e+04 -5.486e+04 -5.491e+04 -5.522e+04 -5.499e+04 -5.455e+04 -5.479e+04 -5.456e+04 -5.504e+04 -5.498e+04 -5.522e+04 -5.403e+04 -5.543e+04 -5.151e+04 -5.528e+04 -5.541e+04 -5.418e+04 -5.583e+04 -5.321e+04
 -1.099e+05 -1.081e+05 -1.102e+05 -1.079e+05 -1.082e+05 -1.083e+05 -1.087e+05 -1.095e+05 -1.095e+05 -1.097e+05 -1.097e+05 -1.096e+05 -1.083e+05 -1.089e+05 -1.083e+05 -1.092e+05 -1.096e+05 -1.094e+05 -1.099e+05 -1.097e+05
 -1.384e+04 -1.263e+04 -1.286e+04 -1.05e+04 -1.394e+04 -1.291e+04 -1.262e+04 -1.265e+04 -1.237e+04 -8849 -8930 -1.272e+04 -1.255e+04 -1.348e+04 -1.145e+04 -1.288e+04 -1.21e+04 -1.273e+04 -1.383e+04 -1.354e+04
 -1.21e+04 -1.171e+04 -1.157e+04 -1.134e+04 -1.216e+04 -1.128e+04 -1.073e+04 -1.109e+04 -1.12e+04 -3259 -3680 -1.091e+04 -1.261e+04 -1.164e+04 -1.17e+04 -1.126e+04 -1.184e+04 -1.14e+04 -1.259e+04 -1.212e+04
 -1.193e+05 -1.192e+05 -1.191e+05 -1.193e+05 -1.195e+05 -1.192e+05 -1.196e+05 -1.197e+05 -1.194e+05 -1.197e+05 -1.197e+05 -1.192e+05 -1.178e+05 -1.187e+05 -1.194e+05 -1.194e+05 -1.196e+05 -1.193e+05 -1.195e+05 -1.193e+05
 -4.519e+04 -4.722e+04 -4.72e+04 -4.683e+04 -4.718e+04 -4.713e+04 -4.699e+04 -4.716e+04 -4.697e+04 -4.746e+04 -4.694e+04 -4.729e+04 -4.72e+04 -4.746e+04 -4.733e+04 -4.458e+04 -4.736e+04 -4.7e+04 -4.904e+04 -4.337e+04
 -8.482e+04 -8.41e+04 -8.369e+04 -7.945e+04 -8.572e+04 -8.314e+04 -8.45e+04 -8.43e+04 -8.394e+04 -8.437e+04 -8.425e+04 -8.466e+04 -8.235e+04 -8.372e+04 -8.398e+04 -8.434e+04 -8.438e+04 -8.42e+04 -8.445e+04 -8.415e+04
 -1.231e+05 -1.224e+05 -1.226e+05 -1.225e+05 -1.224e+05 -1.217e+05 -1.221e+05 -1.214e+05 -1.22e+05 -1.196e+05 -1.219e+05 -1.222e+05 -1.224e+05 -1.202e+05 -1.213e+05 -1.218e+05 -1.217e+05 -1.218e+05 -1.223e+05 -1.23e+05
 -2.471e+04 -2.405e+04 -2.414e+04 -2.424e+04 -2.384e+04 -2.405e+04 -2.366e+04 -2.443e+04 -2.336e+04 -2.42e+04 -2.359e+04 -2.413e+04 -2.487e+04 -2.509e+04 -2.422e+04 -2.557e+04 -1.61e+04 -2.218e+04 -2.427e+04 -2.318e+04
 -2.112e+04 -2.089e+04 -2.056e+04 -2.139e+04 -2.109e+04 -2.094e+04 -2.018e+04 -2.025e+04 -2.017e+04 -1.472e+04 -1.421e+04 -2.048e+04 -2.165e+04 -2.08e+04 -1.957e+04 -2.104e+04 -2.092e+04 -2.017e+04 -2.156e+04 -1.948e+04
 -1.991e+04 -1.818e+04 -1.809e+04 -1.806e+04 -1.809e+04 -1.793e+04 -1.791e+04 -1.792e+04 -1.765e+04 -1.77e+04 -1.786e+04 -1.808e+04 -1.813e+04 -1.811e+04 -1.851e+04 -1.296e+04 -1.818e+04 -1.91e+04 -1.983e+04 -1.398e+04
 -5.5e+04 -5.438e+04 -5.447e+04 -5.44e+04 -5.447e+04 -5.463e+04 -5.45e+04 -5.433e+04 -5.465e+04 -5.432e+04 -5.444e+04 -5.477e+04 -5.376e+04 -5.438e+04 -5.461e+04 -5.41e+04 -5.281e+04 -5.466e+04 -5.422e+04 -5.485e+04
 -1.102e+04 -1.034e+04 -9974 -1.056e+04 -9855 -9928 -8075 -9875 -9176 -224 -8542 -1.005e+04 -1.117e+04 -1.046e+04 -1.015e+04 -1.025e+04 -1.08e+04 -9706 -1.103e+04 -9632
 -1.516e+04 -1.545e+04 -1.626e+04 -1.802e+04 -1.445e+04 -1.622e+04 -2085 -1.375e+04 -1.333e+04 -1.443e+04 -1.43e+04 -1.618e+04 -1.47e+04 -1.186e+04 -1.491e+04 -1.46e+04 -1.429e+04 -1.388e+04 -1.45e+04 -1.424e+04
 -2.213e+04 -2.282e+04 -2.244e+04 -2.213e+04 -2.249e+04 -1.803e+04 -2.24e+04 -1.993e+04 -2.152e+04 -2.173e+04 -2.128e+04 -1.792e+04 -2.224e+04 -2.177e+04 -2.194e+04 -2.18e+04 -2.18e+04 -2.16e+04 -2.221e+04 -2.19e+04
 -3150 -2242 -2267 -2299 -2298 -2237 -2105 -4218 -2244 -2322 -2155 -2251 -2393 -2573 -2305 -2609 -2727 4433 -1911 -2533
