# Created by Octave 5.2.0, Thu Sep 24 17:30:48 2020 CEST <jiwidi@land>
# name: w
# type: matrix
# rows: 101
# columns: 20
 -1.323e+05 -1.322e+05 -1.323e+05 -1.322e+05 -1.322e+05 -1.323e+05 -1.323e+05 -1.324e+05 -1.325e+05 -1.323e+05 -1.325e+05 -1.324e+05 -1.322e+05 -1.323e+05 -1.323e+05 -1.322e+05 -1.323e+05 -1.324e+05 -1.323e+05 -1.324e+05
 -1.087e+04 -1.076e+04 -1.075e+04 -1.076e+04 -1.076e+04 -1.074e+04 -1.072e+04 -1.078e+04 -1.077e+04 -1.076e+04 -1.074e+04 -1.064e+04 -1.08e+04 -1.085e+04 -1.072e+04 -1.077e+04 -1.057e+04 -1.077e+04 -1.053e+04 -1.076e+04
 -2185 -2212 -2153 -2132 -2221 -2130 -2112 -2116 -2099 -2091 -2122 -1614 -2097 -2247 -2159 -2114 -1966 -1997 -2255 -2141
 -2850 -2675 -2640 -2604 -2672 -2682 -2739 -2855 -2687 -2728 -2700 -2720 -2641 -2728 -2593 -2632 -2054 -2787 -2497 -2703
 -646.1 -555.7 -559.9 -576.2 -572.5 -535.2 -524.8 -567.9 -514.7 -570.7 -519.2 -577.3 -610.6 -609.7 -565.5 -583.1 -647.7 8.5 -69.5 -580.3
 -9040 -9088 -9073 -9075 -9069 -9082 -9099 -9062 -9065 -9080 -9084 -8983 -9008 -9107 -9097 -9084 -8992 -9087 -8965 -9054
 -4924 -5033 -5052 -4998 -5022 -5015 -4857 -5010 -4949 -4614 -4568 -5014 -5021 -5054 -5025 -5091 -5009 -4993 -5041 -4942
 -727.2 -642.7 -638 -647.6 -650.7 -638.3 -634.1 -658.9 -582.5 -711.3 -689.8 -632 -659.4 -662.1 -645.7 -626.1 -780.3 448.5 -563.9 -547.1
 -640.1 -532.2 -530.1 -622.3 -655.4 -520.4 -505.3 -495.2 -507.9 -507.9 -482.4 675.2 -799.6 -585.5 -296.6 -577.6 -602.7 -543.1 -821.3 -553.4
 -3517 -3435 -3416 -3429 -3411 -3437 -3231 -3434 -3422 -3171 -3223 -3413 -3355 -3435 -3414 -3449 -3454 -3393 -3500 -3457
 -313.5 -283.6 -278.3 -310.1 -327 -300.8 -276.3 -284.9 -269.7 -288.2 -269 309.1 -377.4 -289.7 -292.9 -293.8 -277.8 -284.3 -295.5 -322.9
 -4744 -4624 -4623 -4636 -4650 -4585 -4573 -4636 -4571 -4633 -4598 -4601 -4691 -4708 -4615 -4674 -4171 -4588 -4603 -4382
 -1560 -1329 -1523 -1566 -1627 -1535 -1294 -1542 -1481 -1155 -1046 -1481 -1460 -1583 -1650 -1517 -1517 -1505 -1572 -1497
 -978.6 -669.9 -1014 -1004 -860.9 407.3 -821.5 -804.5 -776.9 -826.6 -766.4 -852.7 -902.8 -823.2 -869.5 -986.2 -825.7 -800.9 -995.3 -712
 -1863 -1971 -1884 -1378 -1569 -1872 -1687 -1866 -1838 -1807 -1842 -1818 -1927 -1858 -1818 -1860 -1866 -1826 -1887 -1851
 -4547 -4636 -4625 -4665 -4649 -4637 -4645 -4635 -4648 -4650 -4627 -4653 -4668 -4699 -4668 -4780 -4680 -4681 -4555 -4451
 -4949 -4910 -4952 -4952 -4968 -4923 -4914 -4907 -4909 -4931 -4901 -4876 -5018 -4957 -4922 -4943 -4891 -4802 -4670 -4876
 -2933 -2901 -2903 -2948 -2922 -2861 -2892 -2881 -2847 -2895 -2833 -2877 -2881 -2922 -2931 -2926 -2534 -2915 -2802 -2621
 -3140 -3114 -3125 -3119 -3141 -3105 -3085 -3126 -3103 -3180 -3083 -3146 -3122 -3140 -3126 -3062 -3172 -2616 -3043 -3064
 -1.247e+04 -1.259e+04 -1.26e+04 -1.261e+04 -1.261e+04 -1.259e+04 -1.258e+04 -1.26e+04 -1.259e+04 -1.261e+04 -1.26e+04 -1.26e+04 -1.26e+04 -1.251e+04 -1.261e+04 -1.263e+04 -1.273e+04 -1.26e+04 -1.25e+04 -1.24e+04
 -6626 -6703 -6701 -6714 -6723 -6695 -6691 -6707 -6706 -6735 -6681 -6701 -6710 -6743 -6712 -6686 -6667 -6798 -6730 -6594
 -6508 -6388 -6360 -6373 -6393 -6382 -6348 -6335 -6342 -6401 -6353 -6355 -6403 -6294 -6377 -6348 -6237 -6348 -6235 -6329
 -5401 -5461 -5415 -5629 -4663 -5475 -5350 -5416 -5375 -5449 -5344 -5285 -5359 -5364 -5396 -5493 -5536 -5430 -5499 -5065
 -5254 -5442 -5486 -5490 -5522 -5500 -5455 -5479 -5456 -5504 -5499 -5522 -5403 -5543 -5151 -5528 -5541 -5418 -5583 -5321
 -1.099e+04 -1.081e+04 -1.102e+04 -1.079e+04 -1.082e+04 -1.083e+04 -1.087e+04 -1.095e+04 -1.095e+04 -1.097e+04 -1.097e+04 -1.096e+04 -1.083e+04 -1.089e+04 -1.083e+04 -1.092e+04 -1.096e+04 -1.094e+04 -1.099e+04 -1.097e+04
 -1385 -1264 -1288 -1051 -1395 -1291 -1263 -1266 -1237 -886 -893.3 -1273 -1255 -1349 -1146 -1289 -1211 -1274 -1384 -1354
 -1210 -1171 -1157 -1134 -1216 -1128 -1073 -1108 -1120 -325.8 -367.8 -1092 -1261 -1165 -1170 -1126 -1184 -1140 -1259 -1212
 -1.193e+04 -1.192e+04 -1.191e+04 -1.194e+04 -1.195e+04 -1.192e+04 -1.196e+04 -1.197e+04 -1.194e+04 -1.197e+04 -1.197e+04 -1.192e+04 -1.178e+04 -1.187e+04 -1.194e+04 -1.194e+04 -1.196e+04 -1.193e+04 -1.195e+04 -1.193e+04
 -4518 -4720 -4719 -4683 -4718 -4712 -4699 -4715 -4697 -4745 -4693 -4727 -4719 -4745 -4732 -4458 -4736 -4699 -4903 -4336
 -8481 -8407 -8367 -7946 -8570 -8311 -8449 -8429 -8392 -8436 -8424 -8464 -8234 -8370 -8397 -8432 -8436 -8418 -8445 -8412
 -1.231e+04 -1.224e+04 -1.226e+04 -1.225e+04 -1.224e+04 -1.217e+04 -1.221e+04 -1.214e+04 -1.22e+04 -1.196e+04 -1.219e+04 -1.222e+04 -1.224e+04 -1.202e+04 -1.213e+04 -1.218e+04 -1.217e+04 -1.218e+04 -1.223e+04 -1.23e+04
 -2470 -2406 -2413 -2423 -2383 -2405 -2365 -2443 -2336 -2419 -2359 -2413 -2486 -2509 -2422 -2556 -1611 -2218 -2427 -2317
 -2112 -2090 -2056 -2140 -2109 -2094 -2018 -2025 -2017 -1472 -1421 -2049 -2166 -2081 -1958 -2104 -2093 -2017 -2157 -1948
 -1990 -1818 -1808 -1807 -1809 -1793 -1791 -1792 -1765 -1770 -1786 -1809 -1815 -1812 -1850 -1296 -1818 -1909 -1983 -1400
 -5504 -5443 -5449 -5444 -5450 -5465 -5453 -5436 -5468 -5436 -5447 -5480 -5380 -5441 -5464 -5414 -5283 -5470 -5426 -5489
 -1102 -1034 -997.5 -1056 -985.5 -993.1 -807.4 -987.6 -917.7 -22.1 -854.4 -1004 -1117 -1047 -1014 -1024 -1080 -970.4 -1103 -963.2
 -1516 -1543 -1625 -1802 -1444 -1621 -208.9 -1375 -1333 -1443 -1429 -1618 -1470 -1187 -1491 -1460 -1429 -1389 -1449 -1424
 -2214 -2281 -2243 -2213 -2249 -1803 -2240 -1994 -2152 -2174 -2129 -1791 -2225 -2178 -2194 -2181 -2180 -2160 -2222 -2190
 -314.8 -223.9 -227.3 -230 -229.6 -223.8 -210.6 -421.5 -224.3 -231.9 -215.5 -225 -238.8 -257.3 -229.9 -260.8 -272.4 443.7 -191.5 -253.5
 -203.7 -204.4 -189.7 -221.1 -203.7 -195.1 -203.4 -197.9 -182.9 -754.4 783.3 -192.2 -223.1 -213.2 -207.8 -210 -210.7 -190.6 -201.2 -174.5
 -4780 -4740 -4882 -4766 -4716 -4659 -4875 -4849 -4889 -4871 -4849 -4879 -4727 -4710 -4173 -4863 -4882 -4876 -4875 -4999
 -1235 -1218 -1137 -1134 -1159 -1112 -1102 -1162 -1110 -528.3 -625.1 -1147 -1145 -1125 -921.3 -1151 -1187 -1134 -1339 -1189
 -6633 -6624 -6612 -6632 -6595 -6622 -6401 -5661 -6452 -6626 -6550 -6584 -6243 -6642 -6650 -6624 -6670 -6564 -6591 -6547
 -1.892e+04 -1.905e+04 -1.906e+04 -1.905e+04 -1.906e+04 -1.905e+04 -1.904e+04 -1.905e+04 -1.904e+04 -1.906e+04 -1.903e+04 -1.906e+04 -1.906e+04 -1.906e+04 -1.908e+04 -1.891e+04 -1.907e+04 -1.903e+04 -1.91e+04 -1.899e+04
 -3346 -3387 -3385 -3398 -3401 -3388 -3380 -3413 -3377 -3463 -3376 -3398 -3404 -3509 -3420 -3042 -3461 -3399 -3302 -3414
 -4490 -4304 -4329 -4407 -4355 -4419 -4418 -4352 -4413 -4224 -4037 -4374 -4248 -4324 -4412 -4361 -4568 -4388 -4330 -4302
 -743.8 -747 -726.3 -701.8 -741.4 -699.7 -691 -629.7 -593.9 -660.1 -599.5 505.1 -675.3 -687.2 -677.5 -677 -551.2 -642.9 -767.1 -663.1
 -1.018e+05 -1.021e+05 -1.02e+05 -1.021e+05 -1.02e+05 -1.02e+05 -1.021e+05 -1.02e+05 -1.019e+05 -1.019e+05 -1.02e+05 -1.02e+05 -1.02e+05 -1.021e+05 -1.019e+05 -1.02e+05 -1.02e+05 -1.02e+05 -1.018e+05 -1.019e+05
 177.3 -813.1 -807.9 -853.2 -871 -758.4 -749.6 -870.4 -796.2 -860 -760.8 -857.4 -985.4 -1099 -1003 -904.2 -933.1 -838.4 -1356 -26.7
 -699.2 -877.2 -855.4 -906.7 -857.6 -835 -833.1 -827.5 -821.5 -864.6 -769.7 -824.6 -924.9 -888.3 333.5 -914.2 -867 -843.6 -953.4 -899.7
 -2567 -2545 -2517 -2520 -2583 -2512 -2489 -2476 -2488 -2547 -2500 -2515 -2536 -2536 -2547 -2179 -2538 -2463 -2575 -2200
 -508.1 -395.2 -374.4 -392.1 -382.4 -388.8 -381.2 -360.9 -381.5 -420.8 -379.7 -390.1 -398.5 -440.8 -432.2 -419.7 -464.6 182.3 -354.5 -425.1
 -603.7 -310.5 -278.4 -289.2 -327.7 -250 -253.9 -232 -215.8 -266.5 -227.9 -250.4 -276.7 -296.2 -306 1020 -287.2 -264.5 -353.6 -696.5
 -5145 -5493 -5492 -5499 -5477 -5489 -5461 -5468 -5471 -5509 -5468 -5530 -5487 -5567 -5551 -5550 -5450 -5428 -5607 -5322
 -1359 -1097 -1112 -1091 -1125 -1011 -1053 -1054 -1047 -1100 -1029 -1104 -1158 -1167 -1041 -631.7 -1190 -1098 -1239 -843.5
 -4640 -4820 -4828 -4849 -4847 -4839 -4777 -4817 -4830 -4846 -4834 -4805 -4834 -4839 -4813 -4796 -4875 -4677 -4637 -4873
 -4176 -4494 -4510 -4481 -4506 -4488 -4504 -4517 -4523 -4491 -4507 -4518 -4552 -4500 -4494 -4455 -4567 -4329 -4419 -4395
