# Created by Octave 5.2.0, Thu Sep 24 21:27:30 2020 CEST <jiwidi@land>
# name: w
# type: matrix
# rows: 101
# columns: 20
 -4.316e+08 -4.316e+08 -4.316e+08 -4.316e+08 -4.316e+08 -4.316e+08 -4.316e+08 -4.316e+08 -4.316e+08 -4.316e+08 -4.316e+08 -4.316e+08 -4.316e+08 -4.316e+08 -4.316e+08 -4.316e+08 -4.316e+08 -4.316e+08 -4.316e+08 -4.316e+08
 -5.268e+07 -5.267e+07 -5.268e+07 -5.268e+07 -5.268e+07 -5.267e+07 -5.267e+07 -5.268e+07 -5.267e+07 -5.267e+07 -5.268e+07 -5.267e+07 -5.268e+07 -5.268e+07 -5.267e+07 -5.267e+07 -5.268e+07 -5.267e+07 -5.265e+07 -5.268e+07
 -9.772e+06 -9.776e+06 -9.766e+06 -9.769e+06 -9.763e+06 -9.77e+06 -9.76e+06 -9.766e+06 -9.766e+06 -9.765e+06 -9.766e+06 -9.748e+06 -9.766e+06 -9.77e+06 -9.77e+06 -9.767e+06 -9.764e+06 -9.758e+06 -9.768e+06 -9.767e+06
 -1.058e+07 -1.067e+07 -1.062e+07 -1.058e+07 -1.068e+07 -1.062e+07 -1.058e+07 -1.058e+07 -1.058e+07 -1.058e+07 -1.058e+07 -1.058e+07 -1.058e+07 -1.058e+07 -1.058e+07 -1.058e+07 -1.048e+07 -1.059e+07 -1.057e+07 -1.058e+07
 -6.36e+05 -6.25e+05 -6.25e+05 -6.27e+05 -6.26e+05 -6.2e+05 -6.22e+05 -6.26e+05 -6.23e+05 -6.2e+05 -6.31e+05 -6.24e+05 -6.24e+05 -6.22e+05 -6.25e+05 -6.21e+05 -6.37e+05 -5.94e+05 -6.01e+05 -6.32e+05
 -4.446e+07 -4.447e+07 -4.446e+07 -4.446e+07 -4.447e+07 -4.446e+07 -4.446e+07 -4.446e+07 -4.446e+07 -4.446e+07 -4.446e+07 -4.446e+07 -4.445e+07 -4.446e+07 -4.446e+07 -4.446e+07 -4.445e+07 -4.446e+07 -4.447e+07 -4.446e+07
 -2.044e+07 -2.044e+07 -2.045e+07 -2.044e+07 -2.044e+07 -2.045e+07 -2.044e+07 -2.044e+07 -2.044e+07 -2.043e+07 -2.044e+07 -2.044e+07 -2.044e+07 -2.044e+07 -2.044e+07 -2.045e+07 -2.045e+07 -2.044e+07 -2.045e+07 -2.044e+07
 -4.4e+05 -4.16e+05 -4.18e+05 -4.23e+05 -4.25e+05 -5.21e+05 -4.35e+05 -4.31e+05 -4.21e+05 -4.35e+05 -4.33e+05 -4.33e+05 -4.22e+05 -4.39e+05 -4.23e+05 -4.14e+05 -4.51e+05 -3.95e+05 -4.01e+05 -4.08e+05
 -5.98e+05 -6.4e+05 -5.94e+05 -6.14e+05 -6.85e+05 -6.52e+05 -6.03e+05 -6.16e+05 -6.11e+05 -6.19e+05 -6.13e+05 -5.65e+05 -6.34e+05 -6.18e+05 -5.81e+05 -6.67e+05 -6.18e+05 -6.28e+05 -6.87e+05 -6.5e+05
 -1.256e+07 -1.256e+07 -1.257e+07 -1.256e+07 -1.256e+07 -1.258e+07 -1.256e+07 -1.256e+07 -1.257e+07 -1.256e+07 -1.256e+07 -1.256e+07 -1.256e+07 -1.257e+07 -1.257e+07 -1.257e+07 -1.257e+07 -1.257e+07 -1.257e+07 -1.256e+07
 -2.48e+05 -2.27e+05 -2.34e+05 -3.18e+05 -2.47e+05 -2.26e+05 -2.31e+05 -2.57e+05 -2.47e+05 -2.46e+05 -2.44e+05 -2.13e+05 -3.51e+05 -2.48e+05 -2.5e+05 -2.43e+05 -2.25e+05 -2.49e+05 -2.27e+05 -2.48e+05
 -2.04e+07 -2.04e+07 -2.04e+07 -2.04e+07 -2.04e+07 -2.04e+07 -2.04e+07 -2.04e+07 -2.04e+07 -2.04e+07 -2.04e+07 -2.04e+07 -2.04e+07 -2.04e+07 -2.04e+07 -2.04e+07 -2.038e+07 -2.04e+07 -2.039e+07 -2.039e+07
 -4.591e+06 -4.584e+06 -4.592e+06 -4.59e+06 -4.595e+06 -4.597e+06 -4.589e+06 -4.59e+06 -4.592e+06 -4.581e+06 -4.586e+06 -4.588e+06 -4.579e+06 -4.594e+06 -4.595e+06 -4.592e+06 -4.586e+06 -4.593e+06 -4.591e+06 -4.588e+06
 -4.531e+06 -4.407e+06 -4.561e+06 -4.644e+06 -4.539e+06 -4.314e+06 -4.551e+06 -4.531e+06 -4.532e+06 -4.531e+06 -4.531e+06 -4.535e+06 -4.535e+06 -4.537e+06 -4.54e+06 -4.534e+06 -4.522e+06 -4.534e+06 -4.541e+06 -4.463e+06
 -8.989e+06 -8.973e+06 -8.98e+06 -8.922e+06 -8.977e+06 -9.418e+06 -8.961e+06 -8.994e+06 -8.994e+06 -8.991e+06 -8.994e+06 -8.988e+06 -8.991e+06 -8.993e+06 -8.993e+06 -8.99e+06 -9.016e+06 -8.994e+06 -8.989e+06 -8.995e+06
 -2.217e+07 -2.216e+07 -2.216e+07 -2.216e+07 -2.216e+07 -2.216e+07 -2.216e+07 -2.216e+07 -2.216e+07 -2.216e+07 -2.216e+07 -2.216e+07 -2.216e+07 -2.216e+07 -2.216e+07 -2.217e+07 -2.216e+07 -2.217e+07 -2.216e+07 -2.215e+07
 -2.364e+07 -2.363e+07 -2.363e+07 -2.364e+07 -2.363e+07 -2.364e+07 -2.363e+07 -2.363e+07 -2.363e+07 -2.363e+07 -2.363e+07 -2.364e+07 -2.363e+07 -2.363e+07 -2.363e+07 -2.363e+07 -2.364e+07 -2.362e+07 -2.362e+07 -2.363e+07
 -1.378e+07 -1.379e+07 -1.377e+07 -1.378e+07 -1.379e+07 -1.377e+07 -1.378e+07 -1.378e+07 -1.378e+07 -1.378e+07 -1.378e+07 -1.378e+07 -1.378e+07 -1.378e+07 -1.378e+07 -1.378e+07 -1.376e+07 -1.378e+07 -1.378e+07 -1.377e+07
 -1.283e+07 -1.283e+07 -1.284e+07 -1.284e+07 -1.283e+07 -1.284e+07 -1.284e+07 -1.284e+07 -1.284e+07 -1.284e+07 -1.284e+07 -1.284e+07 -1.284e+07 -1.283e+07 -1.284e+07 -1.283e+07 -1.285e+07 -1.284e+07 -1.283e+07 -1.284e+07
 -4.866e+07 -4.866e+07 -4.866e+07 -4.866e+07 -4.866e+07 -4.866e+07 -4.866e+07 -4.866e+07 -4.866e+07 -4.866e+07 -4.866e+07 -4.866e+07 -4.866e+07 -4.866e+07 -4.866e+07 -4.866e+07 -4.866e+07 -4.866e+07 -4.866e+07 -4.866e+07
 -3.58e+07 -3.58e+07 -3.58e+07 -3.58e+07 -3.58e+07 -3.58e+07 -3.58e+07 -3.58e+07 -3.58e+07 -3.58e+07 -3.58e+07 -3.58e+07 -3.58e+07 -3.58e+07 -3.58e+07 -3.579e+07 -3.579e+07 -3.58e+07 -3.58e+07 -3.579e+07
 -2.717e+07 -2.717e+07 -2.717e+07 -2.717e+07 -2.717e+07 -2.717e+07 -2.716e+07 -2.717e+07 -2.717e+07 -2.717e+07 -2.716e+07 -2.716e+07 -2.717e+07 -2.717e+07 -2.717e+07 -2.717e+07 -2.717e+07 -2.717e+07 -2.716e+07 -2.716e+07
 -2.093e+07 -2.093e+07 -2.095e+07 -2.094e+07 -2.09e+07 -2.093e+07 -2.092e+07 -2.093e+07 -2.093e+07 -2.093e+07 -2.093e+07 -2.092e+07 -2.093e+07 -2.092e+07 -2.093e+07 -2.093e+07 -2.093e+07 -2.093e+07 -2.093e+07 -2.092e+07
 -2.264e+07 -2.266e+07 -2.266e+07 -2.265e+07 -2.266e+07 -2.266e+07 -2.266e+07 -2.265e+07 -2.266e+07 -2.265e+07 -2.266e+07 -2.266e+07 -2.265e+07 -2.265e+07 -2.264e+07 -2.265e+07 -2.265e+07 -2.265e+07 -2.266e+07 -2.265e+07
 -5.701e+07 -5.7e+07 -5.703e+07 -5.701e+07 -5.7e+07 -5.7e+07 -5.701e+07 -5.701e+07 -5.701e+07 -5.701e+07 -5.702e+07 -5.701e+07 -5.7e+07 -5.701e+07 -5.701e+07 -5.701e+07 -5.702e+07 -5.702e+07 -5.701e+07 -5.701e+07
 -4.971e+06 -4.969e+06 -4.97e+06 -4.965e+06 -4.974e+06 -4.97e+06 -4.972e+06 -4.968e+06 -4.968e+06 -4.968e+06 -4.963e+06 -4.968e+06 -4.967e+06 -4.969e+06 -4.964e+06 -4.968e+06 -4.963e+06 -4.967e+06 -4.966e+06 -4.97e+06
 -1.803e+06 -1.808e+06 -1.807e+06 -1.81e+06 -1.805e+06 -1.821e+06 -1.804e+06 -1.797e+06 -1.803e+06 -1.79e+06 -1.785e+06 -1.799e+06 -1.807e+06 -1.805e+06 -1.801e+06 -1.8e+06 -1.803e+06 -1.804e+06 -1.807e+06 -1.806e+06
 -6.772e+07 -6.77e+07 -6.771e+07 -6.772e+07 -6.773e+07 -6.768e+07 -6.772e+07 -6.772e+07 -6.772e+07 -6.772e+07 -6.772e+07 -6.772e+07 -6.771e+07 -6.772e+07 -6.771e+07 -6.772e+07 -6.78e+07 -6.772e+07 -6.772e+07 -6.772e+07
 -1.987e+07 -1.986e+07 -1.986e+07 -1.986e+07 -1.987e+07 -1.986e+07 -1.986e+07 -1.986e+07 -1.986e+07 -1.986e+07 -1.986e+07 -1.986e+07 -1.986e+07 -1.987e+07 -1.986e+07 -1.986e+07 -1.986e+07 -1.987e+07 -1.987e+07 -1.985e+07
 -4.205e+07 -4.205e+07 -4.204e+07 -4.202e+07 -4.205e+07 -4.204e+07 -4.205e+07 -4.205e+07 -4.205e+07 -4.205e+07 -4.205e+07 -4.205e+07 -4.205e+07 -4.205e+07 -4.204e+07 -4.205e+07 -4.205e+07 -4.205e+07 -4.204e+07 -4.205e+07
 -5.341e+07 -5.341e+07 -5.341e+07 -5.341e+07 -5.341e+07 -5.34e+07 -5.34e+07 -5.341e+07 -5.34e+07 -5.34e+07 -5.341e+07 -5.341e+07 -5.34e+07 -5.34e+07 -5.34e+07 -5.341e+07 -5.343e+07 -5.341e+07 -5.341e+07 -5.341e+07
 -9.947e+06 -9.951e+06 -9.943e+06 -9.941e+06 -9.953e+06 -9.945e+06 -9.939e+06 -9.94e+06 -9.939e+06 -9.941e+06 -9.941e+06 -9.943e+06 -9.944e+06 -9.947e+06 -9.944e+06 -9.947e+06 -9.907e+06 -9.931e+06 -9.939e+06 -9.943e+06
 -5.77e+06 -5.767e+06 -5.774e+06 -5.764e+06 -5.774e+06 -5.778e+06 -5.766e+06 -5.763e+06 -5.761e+06 -5.743e+06 -5.752e+06 -5.767e+06 -5.765e+06 -5.762e+06 -5.757e+06 -5.766e+06 -5.765e+06 -5.767e+06 -5.763e+06 -5.764e+06
 -1.044e+07 -1.043e+07 -1.042e+07 -1.042e+07 -1.042e+07 -1.042e+07 -1.042e+07 -1.042e+07 -1.042e+07 -1.042e+07 -1.042e+07 -1.042e+07 -1.042e+07 -1.042e+07 -1.042e+07 -1.039e+07 -1.042e+07 -1.044e+07 -1.042e+07 -1.038e+07
 -2.821e+07 -2.821e+07 -2.821e+07 -2.821e+07 -2.821e+07 -2.821e+07 -2.821e+07 -2.821e+07 -2.821e+07 -2.821e+07 -2.821e+07 -2.821e+07 -2.82e+07 -2.821e+07 -2.821e+07 -2.822e+07 -2.82e+07 -2.821e+07 -2.82e+07 -2.821e+07
 -1.768e+06 -1.789e+06 -1.769e+06 -1.775e+06 -1.765e+06 -1.798e+06 -1.759e+06 -1.782e+06 -1.767e+06 -1.737e+06 -1.77e+06 -1.77e+06 -1.774e+06 -1.764e+06 -1.765e+06 -1.767e+06 -1.773e+06 -1.765e+06 -1.763e+06 -1.765e+06
