# Created by Octave 5.2.0, Thu Sep 24 21:03:30 2020 CEST <jiwidi@land>
# name: w
# type: matrix
# rows: 101
# columns: 20
 -1.169e+08 -1.169e+08 -1.169e+08 -1.169e+08 -1.169e+08 -1.169e+08 -1.169e+08 -1.169e+08 -1.169e+08 -1.169e+08 -1.169e+08 -1.169e+08 -1.169e+08 -1.169e+08 -1.169e+08 -1.169e+08 -1.169e+08 -1.169e+08 -1.169e+08 -1.169e+08
 -9.168e+06 -9.156e+06 -9.156e+06 -9.158e+06 -9.156e+06 -9.155e+06 -9.153e+06 -9.158e+06 -9.157e+06 -9.158e+06 -9.154e+06 -9.143e+06 -9.162e+06 -9.166e+06 -9.152e+06 -9.158e+06 -9.139e+06 -9.158e+06 -9.133e+06 -9.156e+06
 -1.795e+06 -1.799e+06 -1.788e+06 -1.792e+06 -1.8e+06 -1.79e+06 -1.786e+06 -1.786e+06 -1.787e+06 -1.782e+06 -1.787e+06 -1.734e+06 -1.785e+06 -1.808e+06 -1.798e+06 -1.787e+06 -1.776e+06 -1.774e+06 -1.806e+06 -1.795e+06
 -2.079e+06 -2.065e+06 -2.059e+06 -2.058e+06 -2.067e+06 -2.077e+06 -2.066e+06 -2.079e+06 -2.061e+06 -2.071e+06 -2.063e+06 -2.066e+06 -2.06e+06 -2.073e+06 -2.057e+06 -2.063e+06 -1.992e+06 -2.074e+06 -2.041e+06 -2.064e+06
 -1.788e+05 -1.745e+05 -1.764e+05 -1.868e+05 -1.792e+05 -1.699e+05 -1.66e+05 -1.762e+05 -1.605e+05 -1.72e+05 -1.701e+05 -1.707e+05 -1.932e+05 -1.949e+05 -1.698e+05 -1.71e+05 -1.819e+05 -5.24e+04 -5.75e+04 -1.61e+05
 -8.064e+06 -8.069e+06 -8.069e+06 -8.069e+06 -8.069e+06 -8.069e+06 -8.072e+06 -8.067e+06 -8.067e+06 -8.067e+06 -8.071e+06 -8.06e+06 -8.063e+06 -8.072e+06 -8.07e+06 -8.07e+06 -8.057e+06 -8.069e+06 -8.055e+06 -8.065e+06
 -4.36e+06 -4.368e+06 -4.374e+06 -4.371e+06 -4.371e+06 -4.371e+06 -4.35e+06 -4.369e+06 -4.364e+06 -4.328e+06 -4.322e+06 -4.369e+06 -4.37e+06 -4.373e+06 -4.37e+06 -4.376e+06 -4.372e+06 -4.368e+06 -4.37e+06 -4.359e+06
 -2.206e+05 -1.739e+05 -1.699e+05 -1.774e+05 -1.805e+05 -1.695e+05 -1.747e+05 -2.198e+05 -1.775e+05 -1.995e+05 -2.523e+05 -1.729e+05 -1.738e+05 -1.899e+05 -1.68e+05 -1.741e+05 -2.242e+05 -4.57e+04 -1.664e+05 -1.543e+05
 -1.445e+05 -1.622e+05 -1.607e+05 -1.714e+05 -2.043e+05 -1.737e+05 -1.627e+05 -1.672e+05 -1.524e+05 -1.68e+05 -1.565e+05 1.95e+04 -2.074e+05 -1.741e+05 -7.06e+04 -1.848e+05 -1.374e+05 -1.634e+05 -1.863e+05 -1.629e+05
 -2.866e+06 -2.859e+06 -2.856e+06 -2.855e+06 -2.853e+06 -2.858e+06 -2.834e+06 -2.857e+06 -2.852e+06 -2.831e+06 -2.839e+06 -2.854e+06 -2.851e+06 -2.861e+06 -2.856e+06 -2.86e+06 -2.858e+06 -2.855e+06 -2.866e+06 -2.862e+06
 -1.216e+05 -1.037e+05 -1.07e+05 -1.187e+05 -1.144e+05 -9.73e+04 -9.19e+04 -1.018e+05 -8.82e+04 -1.011e+05 -8.49e+04 5800 -1.216e+05 -1.097e+05 -1.056e+05 -1.093e+05 -6.32e+04 -9.86e+04 -8.72e+04 -1.092e+05
 -3.867e+06 -3.854e+06 -3.854e+06 -3.857e+06 -3.858e+06 -3.851e+06 -3.85e+06 -3.855e+06 -3.851e+06 -3.854e+06 -3.851e+06 -3.851e+06 -3.865e+06 -3.865e+06 -3.855e+06 -3.857e+06 -3.806e+06 -3.853e+06 -3.852e+06 -3.831e+06
 -1.03e+06 -1.002e+06 -1.026e+06 -1.034e+06 -1.042e+06 -1.033e+06 -1.003e+06 -1.034e+06 -1.024e+06 -9.877e+05 -9.76e+05 -1.019e+06 -1.018e+06 -1.036e+06 -1.044e+06 -1.026e+06 -1.026e+06 -1.024e+06 -1.038e+06 -1.024e+06
 -3.992e+05 -3.092e+05 -3.956e+05 -4.247e+05 -3.72e+05 -2.018e+05 -3.93e+05 -3.956e+05 -3.912e+05 -3.906e+05 -3.892e+05 -3.856e+05 -3.927e+05 -3.441e+05 -3.965e+05 -3.966e+05 -3.505e+05 -3.94e+05 -4.019e+05 -3.119e+05
 -1.35e+06 -1.366e+06 -1.353e+06 -1.296e+06 -1.322e+06 -1.368e+06 -1.332e+06 -1.351e+06 -1.349e+06 -1.346e+06 -1.352e+06 -1.347e+06 -1.36e+06 -1.355e+06 -1.348e+06 -1.352e+06 -1.35e+06 -1.349e+06 -1.354e+06 -1.356e+06
 -4.224e+06 -4.228e+06 -4.227e+06 -4.23e+06 -4.231e+06 -4.228e+06 -4.228e+06 -4.23e+06 -4.228e+06 -4.231e+06 -4.227e+06 -4.23e+06 -4.231e+06 -4.238e+06 -4.232e+06 -4.244e+06 -4.233e+06 -4.232e+06 -4.225e+06 -4.208e+06
 -4.287e+06 -4.281e+06 -4.284e+06 -4.286e+06 -4.286e+06 -4.28e+06 -4.278e+06 -4.279e+06 -4.279e+06 -4.28e+06 -4.278e+06 -4.274e+06 -4.289e+06 -4.291e+06 -4.282e+06 -4.284e+06 -4.276e+06 -4.269e+06 -4.255e+06 -4.276e+06
 -2.503e+06 -2.497e+06 -2.499e+06 -2.504e+06 -2.498e+06 -2.494e+06 -2.496e+06 -2.496e+06 -2.492e+06 -2.5e+06 -2.491e+06 -2.496e+06 -2.499e+06 -2.503e+06 -2.498e+06 -2.502e+06 -2.463e+06 -2.499e+06 -2.49e+06 -2.472e+06
 -2.672e+06 -2.672e+06 -2.673e+06 -2.674e+06 -2.674e+06 -2.669e+06 -2.668e+06 -2.674e+06 -2.67e+06 -2.678e+06 -2.668e+06 -2.676e+06 -2.674e+06 -2.674e+06 -2.673e+06 -2.667e+06 -2.678e+06 -2.622e+06 -2.664e+06 -2.666e+06
 -1.105e+07 -1.106e+07 -1.106e+07 -1.106e+07 -1.106e+07 -1.106e+07 -1.106e+07 -1.106e+07 -1.106e+07 -1.106e+07 -1.106e+07 -1.106e+07 -1.106e+07 -1.106e+07 -1.106e+07 -1.107e+07 -1.108e+07 -1.106e+07 -1.105e+07 -1.104e+07
 -6.216e+06 -6.232e+06 -6.23e+06 -6.231e+06 -6.232e+06 -6.232e+06 -6.232e+06 -6.232e+06 -6.232e+06 -6.232e+06 -6.231e+06 -6.231e+06 -6.233e+06 -6.235e+06 -6.231e+06 -6.239e+06 -6.226e+06 -6.25e+06 -6.232e+06 -6.226e+06
 -5.626e+06 -5.618e+06 -5.614e+06 -5.615e+06 -5.617e+06 -5.618e+06 -5.613e+06 -5.61e+06 -5.613e+06 -5.62e+06 -5.615e+06 -5.612e+06 -5.617e+06 -5.606e+06 -5.617e+06 -5.613e+06 -5.599e+06 -5.614e+06 -5.603e+06 -5.61e+06
 -4.396e+06 -4.406e+06 -4.4e+06 -4.428e+06 -4.318e+06 -4.405e+06 -4.392e+06 -4.399e+06 -4.394e+06 -4.403e+06 -4.392e+06 -4.387e+06 -4.396e+06 -4.395e+06 -4.398e+06 -4.408e+06 -4.412e+06 -4.4e+06 -4.408e+06 -4.363e+06
 -4.629e+06 -4.646e+06 -4.649e+06 -4.651e+06 -4.657e+06 -4.652e+06 -4.648e+06 -4.655e+06 -4.652e+06 -4.653e+06 -4.653e+06 -4.654e+06 -4.643e+06 -4.658e+06 -4.616e+06 -4.657e+06 -4.657e+06 -4.644e+06 -4.663e+06 -4.631e+06
 -9.685e+06 -9.663e+06 -9.688e+06 -9.665e+06 -9.67e+06 -9.668e+06 -9.674e+06 -9.681e+06 -9.679e+06 -9.683e+06 -9.684e+06 -9.682e+06 -9.669e+06 -9.675e+06 -9.668e+06 -9.676e+06 -9.68e+06 -9.678e+06 -9.685e+06 -9.683e+06
 -8.862e+05 -8.695e+05 -8.767e+05 -8.466e+05 -8.862e+05 -8.778e+05 -8.716e+05 -8.727e+05 -8.658e+05 -8.289e+05 -8.367e+05 -8.739e+05 -8.687e+05 -8.899e+05 -8.539e+05 -8.811e+05 -8.692e+05 -8.767e+05 -8.837e+05 -8.816e+05
 -5.727e+05 -5.569e+05 -5.545e+05 -5.543e+05 -5.638e+05 -5.523e+05 -5.395e+05 -5.417e+05 -5.526e+05 -4.488e+05 -4.56e+05 -5.383e+05 -5.672e+05 -5.577e+05 -5.514e+05 -5.53e+05 -5.563e+05 -5.568e+05 -5.861e+05 -5.615e+05
 -1.028e+07 -1.027e+07 -1.027e+07 -1.027e+07 -1.028e+07 -1.027e+07 -1.028e+07 -1.028e+07 -1.028e+07 -1.028e+07 -1.028e+07 -1.028e+07 -1.026e+07 -1.027e+07 -1.028e+07 -1.028e+07 -1.029e+07 -1.028e+07 -1.028e+07 -1.028e+07
 -3.939e+06 -3.959e+06 -3.96e+06 -3.958e+06 -3.961e+06 -3.958e+06 -3.956e+06 -3.959e+06 -3.956e+06 -3.961e+06 -3.953e+06 -3.959e+06 -3.96e+06 -3.963e+06 -3.96e+06 -3.933e+06 -3.96e+06 -3.956e+06 -3.979e+06 -3.92e+06
 -7.316e+06 -7.308e+06 -7.305e+06 -7.262e+06 -7.326e+06 -7.295e+06 -7.316e+06 -7.311e+06 -7.308e+06 -7.312e+06 -7.31e+06 -7.31e+06 -7.294e+06 -7.305e+06 -7.308e+06 -7.312e+06 -7.313e+06 -7.31e+06 -7.315e+06 -7.308e+06
 -1.024e+07 -1.024e+07 -1.024e+07 -1.023e+07 -1.023e+07 -1.023e+07 -1.023e+07 -1.022e+07 -1.023e+07 -1.02e+07 -1.023e+07 -1.023e+07 -1.024e+07 -1.021e+07 -1.023e+07 -1.023e+07 -1.023e+07 -1.023e+07 -1.023e+07 -1.024e+07
 -1.87e+06 -1.859e+06 -1.859e+06 -1.858e+06 -1.856e+06 -1.86e+06 -1.854e+06 -1.859e+06 -1.85e+06 -1.858e+06 -1.852e+06 -1.853e+06 -1.865e+06 -1.866e+06 -1.856e+06 -1.874e+06 -1.774e+06 -1.84e+06 -1.856e+06 -1.846e+06
 -1.356e+06 -1.356e+06 -1.349e+06 -1.361e+06 -1.353e+06 -1.356e+06 -1.344e+06 -1.343e+06 -1.343e+06 -1.279e+06 -1.278e+06 -1.352e+06 -1.364e+06 -1.354e+06 -1.338e+06 -1.354e+06 -1.354e+06 -1.349e+06 -1.355e+06 -1.334e+06
 -1.363e+06 -1.35e+06 -1.351e+06 -1.352e+06 -1.348e+06 -1.348e+06 -1.35e+06 -1.354e+06 -1.35e+06 -1.348e+06 -1.346e+06 -1.352e+06 -1.35e+06 -1.349e+06 -1.355e+06 -1.291e+06 -1.346e+06 -1.354e+06 -1.366e+06 -1.302e+06
 -4.826e+06 -4.82e+06 -4.822e+06 -4.82e+06 -4.82e+06 -4.822e+06 -4.822e+06 -4.821e+06 -4.822e+06 -4.821e+06 -4.821e+06 -4.825e+06 -4.811e+06 -4.82e+06 -4.822e+06 -4.818e+06 -4.8e+06 -4.823e+06 -4.819e+06 -4.821e+06
 -4.829e+05 -4.757e+05 -4.651e+05 -4.851e+05 -4.745e+05 -4.69e+05 -4.45e+05 -4.596e+05 -4.528e+05 -3.622e+05 -4.468e+05 -4.632e+05 -4.796e+05 -4.833e+05 -4.667e+05 -4.733e+05 -4.79e+05 -4.632e+05 -4.823e+05 -4.606e+05
