# Created by Octave 5.2.0, Thu Sep 24 23:42:58 2020 CEST <jiwidi@land>
# name: w
# type: matrix
# rows: 101
# columns: 20
 -4.316e+10 -4.316e+10 -4.316e+10 -4.316e+10 -4.316e+10 -4.316e+10 -4.316e+10 -4.316e+10 -4.316e+10 -4.316e+10 -4.316e+10 -4.316e+10 -4.316e+10 -4.316e+10 -4.316e+10 -4.316e+10 -4.316e+10 -4.316e+10 -4.316e+10 -4.316e+10
 -5.268e+09 -5.267e+09 -5.268e+09 -5.268e+09 -5.268e+09 -5.267e+09 -5.267e+09 -5.268e+09 -5.267e+09 -5.267e+09 -5.268e+09 -5.267e+09 -5.268e+09 -5.268e+09 -5.267e+09 -5.267e+09 -5.268e+09 -5.267e+09 -5.265e+09 -5.268e+09
 -9.772e+08 -9.776e+08 -9.766e+08 -9.769e+08 -9.763e+08 -9.77e+08 -9.76e+08 -9.766e+08 -9.766e+08 -9.765e+08 -9.766e+08 -9.748e+08 -9.766e+08 -9.77e+08 -9.77e+08 -9.767e+08 -9.764e+08 -9.758e+08 -9.768e+08 -9.767e+08
 -1.058e+09 -1.067e+09 -1.062e+09 -1.058e+09 -1.068e+09 -1.062e+09 -1.058e+09 -1.058e+09 -1.058e+09 -1.058e+09 -1.058e+09 -1.058e+09 -1.058e+09 -1.058e+09 -1.058e+09 -1.058e+09 -1.048e+09 -1.059e+09 -1.057e+09 -1.058e+09
 -6.36e+07 -6.25e+07 -6.25e+07 -6.27e+07 -6.26e+07 -6.2e+07 -6.22e+07 -6.26e+07 -6.23e+07 -6.2e+07 -6.31e+07 -6.24e+07 -6.24e+07 -6.22e+07 -6.25e+07 -6.21e+07 -6.37e+07 -5.94e+07 -6.01e+07 -6.32e+07
 -4.446e+09 -4.447e+09 -4.446e+09 -4.446e+09 -4.447e+09 -4.446e+09 -4.446e+09 -4.446e+09 -4.446e+09 -4.446e+09 -4.446e+09 -4.446e+09 -4.445e+09 -4.446e+09 -4.446e+09 -4.446e+09 -4.445e+09 -4.446e+09 -4.447e+09 -4.446e+09
 -2.044e+09 -2.044e+09 -2.045e+09 -2.044e+09 -2.044e+09 -2.045e+09 -2.044e+09 -2.044e+09 -2.044e+09 -2.043e+09 -2.044e+09 -2.044e+09 -2.044e+09 -2.044e+09 -2.044e+09 -2.045e+09 -2.045e+09 -2.044e+09 -2.045e+09 -2.044e+09
 -4.4e+07 -4.16e+07 -4.18e+07 -4.23e+07 -4.25e+07 -5.21e+07 -4.35e+07 -4.31e+07 -4.21e+07 -4.35e+07 -4.33e+07 -4.33e+07 -4.22e+07 -4.39e+07 -4.23e+07 -4.14e+07 -4.51e+07 -3.95e+07 -4.01e+07 -4.08e+07
 -5.98e+07 -6.4e+07 -5.94e+07 -6.14e+07 -6.85e+07 -6.52e+07 -6.03e+07 -6.16e+07 -6.11e+07 -6.19e+07 -6.13e+07 -5.65e+07 -6.34e+07 -6.18e+07 -5.81e+07 -6.67e+07 -6.18e+07 -6.28e+07 -6.87e+07 -6.5e+07
 -1.256e+09 -1.256e+09 -1.257e+09 -1.256e+09 -1.256e+09 -1.258e+09 -1.256e+09 -1.256e+09 -1.257e+09 -1.256e+09 -1.256e+09 -1.256e+09 -1.256e+09 -1.257e+09 -1.257e+09 -1.257e+09 -1.257e+09 -1.257e+09 -1.257e+09 -1.256e+09
 -2.48e+07 -2.27e+07 -2.34e+07 -3.18e+07 -2.47e+07 -2.26e+07 -2.31e+07 -2.57e+07 -2.47e+07 -2.46e+07 -2.44e+07 -2.13e+07 -3.51e+07 -2.48e+07 -2.5e+07 -2.43e+07 -2.25e+07 -2.49e+07 -2.27e+07 -2.48e+07
 -2.04e+09 -2.04e+09 -2.04e+09 -2.04e+09 -2.04e+09 -2.04e+09 -2.04e+09 -2.04e+09 -2.04e+09 -2.04e+09 -2.04e+09 -2.04e+09 -2.04e+09 -2.04e+09 -2.04e+09 -2.04e+09 -2.038e+09 -2.04e+09 -2.039e+09 -2.039e+09
 -4.591e+08 -4.584e+08 -4.592e+08 -4.59e+08 -4.595e+08 -4.597e+08 -4.589e+08 -4.59e+08 -4.592e+08 -4.581e+08 -4.586e+08 -4.588e+08 -4.579e+08 -4.594e+08 -4.595e+08 -4.592e+08 -4.586e+08 -4.593e+08 -4.591e+08 -4.588e+08
 -4.531e+08 -4.407e+08 -4.561e+08 -4.644e+08 -4.539e+08 -4.314e+08 -4.551e+08 -4.531e+08 -4.532e+08 -4.531e+08 -4.531e+08 -4.535e+08 -4.535e+08 -4.537e+08 -4.54e+08 -4.534e+08 -4.522e+08 -4.534e+08 -4.541e+08 -4.463e+08
 -8.989e+08 -8.973e+08 -8.98e+08 -8.922e+08 -8.977e+08 -9.418e+08 -8.961e+08 -8.994e+08 -8.994e+08 -8.991e+08 -8.994e+08 -8.988e+08 -8.991e+08 -8.993e+08 -8.993e+08 -8.99e+08 -9.016e+08 -8.994e+08 -8.989e+08 -8.995e+08
 -2.217e+09 -2.216e+09 -2.216e+09 -2.216e+09 -2.216e+09 -2.216e+09 -2.216e+09 -2.216e+09 -2.216e+09 -2.216e+09 -2.216e+09 -2.216e+09 -2.216e+09 -2.216e+09 -2.216e+09 -2.217e+09 -2.216e+09 -2.217e+09 -2.216e+09 -2.215e+09
 -2.364e+09 -2.363e+09 -2.363e+09 -2.364e+09 -2.363e+09 -2.364e+09 -2.363e+09 -2.363e+09 -2.363e+09 -2.363e+09 -2.363e+09 -2.364e+09 -2.363e+09 -2.363e+09 -2.363e+09 -2.363e+09 -2.364e+09 -2.362e+09 -2.362e+09 -2.363e+09
 -1.378e+09 -1.379e+09 -1.377e+09 -1.378e+09 -1.379e+09 -1.377e+09 -1.378e+09 -1.378e+09 -1.378e+09 -1.378e+09 -1.378e+09 -1.378e+09 -1.378e+09 -1.378e+09 -1.378e+09 -1.378e+09 -1.376e+09 -1.378e+09 -1.378e+09 -1.377e+09
 -1.283e+09 -1.283e+09 -1.284e+09 -1.284e+09 -1.283e+09 -1.284e+09 -1.284e+09 -1.284e+09 -1.284e+09 -1.284e+09 -1.284e+09 -1.284e+09 -1.284e+09 -1.283e+09 -1.284e+09 -1.283e+09 -1.285e+09 -1.284e+09 -1.283e+09 -1.284e+09
 -4.866e+09 -4.866e+09 -4.866e+09 -4.866e+09 -4.866e+09 -4.866e+09 -4.866e+09 -4.866e+09 -4.866e+09 -4.866e+09 -4.866e+09 -4.866e+09 -4.866e+09 -4.866e+09 -4.866e+09 -4.866e+09 -4.866e+09 -4.866e+09 -4.866e+09 -4.866e+09
 -3.58e+09 -3.58e+09 -3.58e+09 -3.58e+09 -3.58e+09 -3.58e+09 -3.58e+09 -3.58e+09 -3.58e+09 -3.58e+09 -3.58e+09 -3.58e+09 -3.58e+09 -3.58e+09 -3.58e+09 -3.579e+09 -3.579e+09 -3.58e+09 -3.58e+09 -3.579e+09
 -2.717e+09 -2.717e+09 -2.717e+09 -2.717e+09 -2.717e+09 -2.717e+09 -2.716e+09 -2.717e+09 -2.717e+09 -2.717e+09 -2.716e+09 -2.716e+09 -2.717e+09 -2.717e+09 -2.717e+09 -2.717e+09 -2.717e+09 -2.717e+09 -2.716e+09 -2.716e+09
 -2.093e+09 -2.093e+09 -2.095e+09 -2.094e+09 -2.09e+09 -2.093e+09 -2.092e+09 -2.093e+09 -2.093e+09 -2.093e+09 -2.093e+09 -2.092e+09 -2.093e+09 -2.092e+09 -2.093e+09 -2.093e+09 -2.093e+09 -2.093e+09 -2.093e+09 -2.092e+09
 -2.264e+09 -2.266e+09 -2.266e+09 -2.265e+09 -2.266e+09 -2.266e+09 -2.266e+09 -2.265e+09 -2.266e+09 -2.265e+09 -2.266e+09 -2.266e+09 -2.265e+09 -2.265e+09 -2.264e+09 -2.265e+09 -2.265e+09 -2.265e+09 -2.266e+09 -2.265e+09
 -5.701e+09 -5.7e+09 -5.703e+09 -5.701e+09 -5.7e+09 -5.7e+09 -5.701e+09 -5.701e+09 -5.701e+09 -5.701e+09 -5.702e+09 -5.701e+09 -5.7e+09 -5.701e+09 -5.701e+09 -5.701e+09 -5.702e+09 -5.702e+09 -5.701e+09 -5.701e+09
 -4.971e+08 -4.969e+08 -4.97e+08 -4.965e+08 -4.974e+08 -4.97e+08 -4.972e+08 -4.968e+08 -4.968e+08 -4.968e+08 -4.963e+08 -4.968e+08 -4.967e+08 -4.969e+08 -4.964e+08 -4.968e+08 -4.963e+08 -4.967e+08 -4.966e+08 -4.97e+08
 -1.803e+08 -1.808e+08 -1.807e+08 -1.81e+08 -1.805e+08 -1.821e+08 -1.804e+08 -1.797e+08 -1.803e+08 -1.79e+08 -1.785e+08 -1.799e+08 -1.807e+08 -1.805e+08 -1.801e+08 -1.8e+08 -1.803e+08 -1.804e+08 -1.807e+08 -1.806e+08
 -6.772e+09 -6.77e+09 -6.771e+09 -6.772e+09 -6.773e+09 -6.768e+09 -6.772e+09 -6.772e+09 -6.772e+09 -6.772e+09 -6.772e+09 -6.772e+09 -6.771e+09 -6.772e+09 -6.771e+09 -6.772e+09 -6.78e+09 -6.772e+09 -6.772e+09 -6.772e+09
 -1.987e+09 -1.986e+09 -1.986e+09 -1.986e+09 -1.987e+09 -1.986e+09 -1.986e+09 -1.986e+09 -1.986e+09 -1.986e+09 -1.986e+09 -1.986e+09 -1.986e+09 -1.987e+09 -1.986e+09 -1.986e+09 -1.986e+09 -1.987e+09 -1.987e+09 -1.985e+09
 -4.205e+09 -4.205e+09 -4.204e+09 -4.202e+09 -4.205e+09 -4.204e+09 -4.205e+09 -4.205e+09 -4.205e+09 -4.205e+09 -4.205e+09 -4.205e+09 -4.205e+09 -4.205e+09 -4.204e+09 -4.205e+09 -4.205e+09 -4.205e+09 -4.204e+09 -4.205e+09
 -5.341e+09 -5.341e+09 -5.341e+09 -5.341e+09 -5.341e+09 -5.34e+09 -5.34e+09 -5.341e+09 -5.34e+09 -5.34e+09 -5.341e+09 -5.341e+09 -5.34e+09 -5.34e+09 -5.34e+09 -5.341e+09 -5.343e+09 -5.341e+09 -5.341e+09 -5.341e+09
 -9.947e+08 -9.951e+08 -9.943e+08 -9.941e+08 -9.953e+08 -9.945e+08 -9.939e+08 -9.94e+08 -9.939e+08 -9.941e+08 -9.941e+08 -9.943e+08 -9.944e+08 -9.947e+08 -9.944e+08 -9.947e+08 -9.907e+08 -9.931e+08 -9.939e+08 -9.943e+08
 -5.77e+08 -5.767e+08 -5.774e+08 -5.764e+08 -5.774e+08 -5.778e+08 -5.766e+08 -5.763e+08 -5.761e+08 -5.743e+08 -5.752e+08 -5.767e+08 -5.765e+08 -5.762e+08 -5.757e+08 -5.766e+08 -5.765e+08 -5.767e+08 -5.763e+08 -5.764e+08
 -1.044e+09 -1.043e+09 -1.042e+09 -1.042e+09 -1.042e+09 -1.042e+09 -1.042e+09 -1.042e+09 -1.042e+09 -1.042e+09 -1.042e+09 -1.042e+09 -1.042e+09 -1.042e+09 -1.042e+09 -1.039e+09 -1.042e+09 -1.044e+09 -1.042e+09 -1.038e+09
 -2.821e+09 -2.821e+09 -2.821e+09 -2.821e+09 -2.821e+09 -2.821e+09 -2.821e+09 -2.821e+09 -2.821e+09 -2.821e+09 -2.821e+09 -2.821e+09 -2.82e+09 -2.821e+09 -2.821e+09 -2.822e+09 -2.82e+09 -2.821e+09 -2.82e+09 -2.821e+09
 -1.768e+08 -1.789e+08 -1.769e+08 -1.775e+08 -1.765e+08 -1.798e+08 -1.759e+08 -1.782e+08 -1.767e+08 -1.737e+08 -1.77e+08 -1.77e+08 -1.774e+08 -1.764e+08 -1.765e+08 -1.767e+08 -1.773e+08 -1.765e+08 -1.763e+08 -1.765e+08
