# Created by Octave 5.2.0, Thu Sep 24 18:42:49 2020 CEST <jiwidi@land>
# name: w
# type: matrix
# rows: 101
# columns: 20
 -1.169e+06 -1.169e+06 -1.169e+06 -1.169e+06 -1.169e+06 -1.169e+06 -1.169e+06 -1.169e+06 -1.169e+06 -1.169e+06 -1.169e+06 -1.169e+06 -1.169e+06 -1.169e+06 -1.169e+06 -1.169e+06 -1.169e+06 -1.169e+06 -1.169e+06 -1.169e+06
 -9.168e+04 -9.156e+04 -9.156e+04 -9.158e+04 -9.156e+04 -9.155e+04 -9.153e+04 -9.158e+04 -9.157e+04 -9.158e+04 -9.154e+04 -9.143e+04 -9.162e+04 -9.166e+04 -9.152e+04 -9.158e+04 -9.139e+04 -9.158e+04 -9.133e+04 -9.156e+04
 -1.795e+04 -1.799e+04 -1.788e+04 -1.792e+04 -1.8e+04 -1.79e+04 -1.786e+04 -1.786e+04 -1.787e+04 -1.782e+04 -1.787e+04 -1.734e+04 -1.785e+04 -1.808e+04 -1.798e+04 -1.787e+04 -1.776e+04 -1.774e+04 -1.806e+04 -1.795e+04
 -2.079e+04 -2.065e+04 -2.059e+04 -2.058e+04 -2.067e+04 -2.077e+04 -2.066e+04 -2.079e+04 -2.061e+04 -2.071e+04 -2.063e+04 -2.066e+04 -2.06e+04 -2.073e+04 -2.057e+04 -2.063e+04 -1.992e+04 -2.074e+04 -2.041e+04 -2.064e+04
 -1788 -1745 -1764 -1868 -1792 -1699 -1660 -1762 -1605 -1720 -1701 -1707 -1932 -1949 -1698 -1710 -1819 -524 -575 -1610
 -8.064e+04 -8.069e+04 -8.069e+04 -8.069e+04 -8.069e+04 -8.069e+04 -8.072e+04 -8.067e+04 -8.067e+04 -8.067e+04 -8.071e+04 -8.06e+04 -8.063e+04 -8.072e+04 -8.07e+04 -8.07e+04 -8.057e+04 -8.069e+04 -8.055e+04 -8.065e+04
 -4.36e+04 -4.368e+04 -4.374e+04 -4.371e+04 -4.371e+04 -4.371e+04 -4.35e+04 -4.369e+04 -4.364e+04 -4.328e+04 -4.322e+04 -4.369e+04 -4.37e+04 -4.373e+04 -4.37e+04 -4.376e+04 -4.372e+04 -4.368e+04 -4.37e+04 -4.359e+04
 -2206 -1739 -1699 -1774 -1805 -1695 -1747 -2198 -1775 -1995 -2523 -1729 -1738 -1899 -1680 -1741 -2242 -457 -1664 -1543
 -1445 -1622 -1607 -1714 -2043 -1737 -1627 -1672 -1524 -1680 -1565 195 -2074 -1741 -706 -1848 -1374 -1634 -1863 -1629
 -2.866e+04 -2.859e+04 -2.856e+04 -2.855e+04 -2.853e+04 -2.858e+04 -2.834e+04 -2.857e+04 -2.852e+04 -2.831e+04 -2.839e+04 -2.854e+04 -2.851e+04 -2.861e+04 -2.856e+04 -2.86e+04 -2.858e+04 -2.855e+04 -2.866e+04 -2.862e+04
 -1216 -1037 -1070 -1187 -1144 -973 -919 -1018 -882 -1011 -849 58 -1216 -1097 -1056 -1093 -632 -986 -872 -1092
 -3.867e+04 -3.854e+04 -3.854e+04 -3.857e+04 -3.858e+04 -3.851e+04 -3.85e+04 -3.855e+04 -3.851e+04 -3.854e+04 -3.851e+04 -3.851e+04 -3.865e+04 -3.865e+04 -3.855e+04 -3.857e+04 -3.806e+04 -3.853e+04 -3.852e+04 -3.831e+04
 -1.03e+04 -1.002e+04 -1.026e+04 -1.034e+04 -1.042e+04 -1.033e+04 -1.003e+04 -1.034e+04 -1.024e+04 -9877 -9760 -1.019e+04 -1.018e+04 -1.036e+04 -1.044e+04 -1.026e+04 -1.026e+04 -1.024e+04 -1.038e+04 -1.024e+04
 -3992 -3092 -3956 -4247 -3720 -2018 -3930 -3956 -3912 -3906 -3892 -3856 -3927 -3441 -3965 -3966 -3505 -3940 -4019 -3119
 -1.35e+04 -1.366e+04 -1.353e+04 -1.296e+04 -1.322e+04 -1.368e+04 -1.332e+04 -1.351e+04 -1.349e+04 -1.346e+04 -1.352e+04 -1.347e+04 -1.36e+04 -1.355e+04 -1.348e+04 -1.352e+04 -1.35e+04 -1.349e+04 -1.354e+04 -1.356e+04
 -4.224e+04 -4.228e+04 -4.227e+04 -4.23e+04 -4.231e+04 -4.228e+04 -4.228e+04 -4.23e+04 -4.228e+04 -4.231e+04 -4.227e+04 -4.23e+04 -4.231e+04 -4.238e+04 -4.232e+04 -4.244e+04 -4.233e+04 -4.232e+04 -4.225e+04 -4.208e+04
 -4.287e+04 -4.281e+04 -4.284e+04 -4.286e+04 -4.286e+04 -4.28e+04 -4.278e+04 -4.279e+04 -4.279e+04 -4.28e+04 -4.278e+04 -4.274e+04 -4.289e+04 -4.291e+04 -4.282e+04 -4.284e+04 -4.276e+04 -4.269e+04 -4.255e+04 -4.276e+04
 -2.503e+04 -2.497e+04 -2.499e+04 -2.504e+04 -2.498e+04 -2.494e+04 -2.496e+04 -2.496e+04 -2.492e+04 -2.5e+04 -2.491e+04 -2.496e+04 -2.499e+04 -2.503e+04 -2.498e+04 -2.502e+04 -2.463e+04 -2.499e+04 -2.49e+04 -2.472e+04
 -2.672e+04 -2.672e+04 -2.673e+04 -2.674e+04 -2.674e+04 -2.669e+04 -2.668e+04 -2.674e+04 -2.67e+04 -2.678e+04 -2.668e+04 -2.676e+04 -2.674e+04 -2.674e+04 -2.673e+04 -2.667e+04 -2.678e+04 -2.622e+04 -2.664e+04 -2.666e+04
 -1.105e+05 -1.106e+05 -1.106e+05 -1.106e+05 -1.106e+05 -1.106e+05 -1.106e+05 -1.106e+05 -1.106e+05 -1.106e+05 -1.106e+05 -1.106e+05 -1.106e+05 -1.106e+05 -1.106e+05 -1.107e+05 -1.108e+05 -1.106e+05 -1.105e+05 -1.104e+05
 -6.216e+04 -6.232e+04 -6.23e+04 -6.231e+04 -6.232e+04 -6.232e+04 -6.232e+04 -6.232e+04 -6.232e+04 -6.232e+04 -6.231e+04 -6.231e+04 -6.233e+04 -6.235e+04 -6.231e+04 -6.239e+04 -6.226e+04 -6.25e+04 -6.232e+04 -6.226e+04
 -5.626e+04 -5.618e+04 -5.614e+04 -5.615e+04 -5.617e+04 -5.618e+04 -5.613e+04 -5.61e+04 -5.613e+04 -5.62e+04 -5.615e+04 -5.612e+04 -5.617e+04 -5.606e+04 -5.617e+04 -5.613e+04 -5.599e+04 -5.614e+04 -5.603e+04 -5.61e+04
 -4.396e+04 -4.406e+04 -4.4e+04 -4.428e+04 -4.318e+04 -4.405e+04 -4.392e+04 -4.399e+04 -4.394e+04 -4.403e+04 -4.392e+04 -4.387e+04 -4.396e+04 -4.395e+04 -4.398e+04 -4.408e+04 -4.412e+04 -4.4e+04 -4.408e+04 -4.363e+04
 -4.629e+04 -4.646e+04 -4.649e+04 -4.651e+04 -4.657e+04 -4.652e+04 -4.648e+04 -4.655e+04 -4.652e+04 -4.653e+04 -4.653e+04 -4.654e+04 -4.643e+04 -4.658e+04 -4.616e+04 -4.657e+04 -4.657e+04 -4.644e+04 -4.663e+04 -4.631e+04
 -9.685e+04 -9.663e+04 -9.688e+04 -9.665e+04 -9.67e+04 -9.668e+04 -9.674e+04 -9.681e+04 -9.679e+04 -9.683e+04 -9.684e+04 -9.682e+04 -9.669e+04 -9.675e+04 -9.668e+04 -9.676e+04 -9.68e+04 -9.678e+04 -9.685e+04 -9.683e+04
 -8862 -8695 -8767 -8466 -8862 -8778 -8716 -8727 -8658 -8289 -8367 -8739 -8687 -8899 -8539 -8811 -8692 -8767 -8837 -8816
 -5727 -5569 -5545 -5543 -5638 -5523 -5395 -5417 -5526 -4488 -4560 -5383 -5672 -5577 -5514 -5530 -5563 -5568 -5861 -5615
 -1.028e+05 -1.027e+05 -1.027e+05 -1.027e+05 -1.028e+05 -1.027e+05 -1.028e+05 -1.028e+05 -1.028e+05 -1.028e+05 -1.028e+05 -1.028e+05 -1.026e+05 -1.027e+05 -1.028e+05 -1.028e+05 -1.029e+05 -1.028e+05 -1.028e+05 -1.028e+05
 -3.939e+04 -3.959e+04 -3.96e+04 -3.958e+04 -3.961e+04 -3.958e+04 -3.956e+04 -3.959e+04 -3.956e+04 -3.961e+04 -3.953e+04 -3.959e+04 -3.96e+04 -3.963e+04 -3.96e+04 -3.933e+04 -3.96e+04 -3.956e+04 -3.979e+04 -3.92e+04
 -7.316e+04 -7.308e+04 -7.305e+04 -7.262e+04 -7.326e+04 -7.295e+04 -7.316e+04 -7.311e+04 -7.308e+04 -7.312e+04 -7.31e+04 -7.31e+04 -7.294e+04 -7.305e+04 -7.308e+04 -7.312e+04 -7.313e+04 -7.31e+04 -7.315e+04 -7.308e+04
 -1.024e+05 -1.024e+05 -1.024e+05 -1.023e+05 -1.023e+05 -1.023e+05 -1.023e+05 -1.022e+05 -1.023e+05 -1.02e+05 -1.023e+05 -1.023e+05 -1.024e+05 -1.021e+05 -1.023e+05 -1.023e+05 -1.023e+05 -1.023e+05 -1.023e+05 -1.024e+05
 -1.87e+04 -1.859e+04 -1.859e+04 -1.858e+04 -1.856e+04 -1.86e+04 -1.854e+04 -1.859e+04 -1.85e+04 -1.858e+04 -1.852e+04 -1.853e+04 -1.865e+04 -1.866e+04 -1.856e+04 -1.874e+04 -1.774e+04 -1.84e+04 -1.856e+04 -1.846e+04
 -1.356e+04 -1.356e+04 -1.349e+04 -1.361e+04 -1.353e+04 -1.356e+04 -1.344e+04 -1.343e+04 -1.343e+04 -1.279e+04 -1.278e+04 -1.352e+04 -1.364e+04 -1.354e+04 -1.338e+04 -1.354e+04 -1.354e+04 -1.349e+04 -1.355e+04 -1.334e+04
 -1.363e+04 -1.35e+04 -1.351e+04 -1.352e+04 -1.348e+04 -1.348e+04 -1.35e+04 -1.354e+04 -1.35e+04 -1.348e+04 -1.346e+04 -1.352e+04 -1.35e+04 -1.349e+04 -1.355e+04 -1.291e+04 -1.346e+04 -1.354e+04 -1.366e+04 -1.302e+04
 -4.826e+04 -4.82e+04 -4.822e+04 -4.82e+04 -4.82e+04 -4.822e+04 -4.822e+04 -4.821e+04 -4.822e+04 -4.821e+04 -4.821e+04 -4.825e+04 -4.811e+04 -4.82e+04 -4.822e+04 -4.818e+04 -4.8e+04 -4.823e+04 -4.819e+04 -4.821e+04
 -4829 -4757 -4651 -4851 -4745 -4690 -4450 -4596 -4528 -3622 -4468 -4632 -4796 -4833 -4667 -4733 -4790 -4632 -4823 -4606
 -8347 -8475 -8594 -8650 -8200 -8688 -6958 -8272 -8276 -8303 -8340 -8632 -8309 -8023 -8514 -8263 -8296 -8243 -8303 -8269
 -1.693e+04 -1.704e+04 -1.7e+04 -1.69e+04 -1.695e+04 -1.644e+04 -1.7e+04 -1.666e+04 -1.69e+04 -1.688e+04 -1.687e+04 -1.653e+04 -1.707e+04 -1.687e+04 -1.698e+04 -1.692e+04 -1.691e+04 -1.692e+04 -1.693e+04 -1.694e+04
 -455 -358 -344 -455 -396 -326 -275 -672 -271 -366 -259 -294 -467 -422 -362 -401 -663 800 -63 -378
 -336 -273 -245 -348 -293 -271 -73 -281 -187 -1074 1153 -219 -324 -452 -297 -378 -300 -222 -245 -209
 -4.255e+04 -4.252e+04 -4.268e+04 -4.258e+04 -4.249e+04 -4.245e+04 -4.265e+04 -4.264e+04 -4.269e+04 -4.267e+04 -4.263e+04 -4.266e+04 -4.251e+04 -4.249e+04 -4.194e+04 -4.271e+04 -4.266e+04 -4.266e+04 -4.267e+04 -4.279e+04
