# Created by Octave 5.2.0, Thu Sep 24 22:16:06 2020 CEST <jiwidi@land>
# name: w
# type: matrix
# rows: 101
# columns: 20
 -4.316e+09 -4.316e+09 -4.316e+09 -4.316e+09 -4.316e+09 -4.316e+09 -4.316e+09 -4.316e+09 -4.316e+09 -4.316e+09 -4.316e+09 -4.316e+09 -4.316e+09 -4.316e+09 -4.316e+09 -4.316e+09 -4.316e+09 -4.316e+09 -4.316e+09 -4.316e+09
 -5.268e+08 -5.267e+08 -5.268e+08 -5.268e+08 -5.268e+08 -5.267e+08 -5.267e+08 -5.268e+08 -5.267e+08 -5.267e+08 -5.268e+08 -5.267e+08 -5.268e+08 -5.268e+08 -5.267e+08 -5.267e+08 -5.268e+08 -5.267e+08 -5.265e+08 -5.268e+08
 -9.772e+07 -9.776e+07 -9.766e+07 -9.769e+07 -9.763e+07 -9.77e+07 -9.76e+07 -9.766e+07 -9.766e+07 -9.765e+07 -9.766e+07 -9.748e+07 -9.766e+07 -9.77e+07 -9.77e+07 -9.767e+07 -9.764e+07 -9.758e+07 -9.768e+07 -9.767e+07
 -1.058e+08 -1.067e+08 -1.062e+08 -1.058e+08 -1.068e+08 -1.062e+08 -1.058e+08 -1.058e+08 -1.058e+08 -1.058e+08 -1.058e+08 -1.058e+08 -1.058e+08 -1.058e+08 -1.058e+08 -1.058e+08 -1.048e+08 -1.059e+08 -1.057e+08 -1.058e+08
 -6.36e+06 -6.25e+06 -6.25e+06 -6.27e+06 -6.26e+06 -6.2e+06 -6.22e+06 -6.26e+06 -6.23e+06 -6.2e+06 -6.31e+06 -6.24e+06 -6.24e+06 -6.22e+06 -6.25e+06 -6.21e+06 -6.37e+06 -5.94e+06 -6.01e+06 -6.32e+06
 -4.446e+08 -4.447e+08 -4.446e+08 -4.446e+08 -4.447e+08 -4.446e+08 -4.446e+08 -4.446e+08 -4.446e+08 -4.446e+08 -4.446e+08 -4.446e+08 -4.445e+08 -4.446e+08 -4.446e+08 -4.446e+08 -4.445e+08 -4.446e+08 -4.447e+08 -4.446e+08
 -2.044e+08 -2.044e+08 -2.045e+08 -2.044e+08 -2.044e+08 -2.045e+08 -2.044e+08 -2.044e+08 -2.044e+08 -2.043e+08 -2.044e+08 -2.044e+08 -2.044e+08 -2.044e+08 -2.044e+08 -2.045e+08 -2.045e+08 -2.044e+08 -2.045e+08 -2.044e+08
 -4.4e+06 -4.16e+06 -4.18e+06 -4.23e+06 -4.25e+06 -5.21e+06 -4.35e+06 -4.31e+06 -4.21e+06 -4.35e+06 -4.33e+06 -4.33e+06 -4.22e+06 -4.39e+06 -4.23e+06 -4.14e+06 -4.51e+06 -3.95e+06 -4.01e+06 -4.08e+06
 -5.98e+06 -6.4e+06 -5.94e+06 -6.14e+06 -6.85e+06 -6.52e+06 -6.03e+06 -6.16e+06 -6.11e+06 -6.19e+06 -6.13e+06 -5.65e+06 -6.34e+06 -6.18e+06 -5.81e+06 -6.67e+06 -6.18e+06 -6.28e+06 -6.87e+06 -6.5e+06
 -1.256e+08 -1.256e+08 -1.257e+08 -1.256e+08 -1.256e+08 -1.258e+08 -1.256e+08 -1.256e+08 -1.257e+08 -1.256e+08 -1.256e+08 -1.256e+08 -1.256e+08 -1.257e+08 -1.257e+08 -1.257e+08 -1.257e+08 -1.257e+08 -1.257e+08 -1.256e+08
 -2.48e+06 -2.27e+06 -2.34e+06 -3.18e+06 -2.47e+06 -2.26e+06 -2.31e+06 -2.57e+06 -2.47e+06 -2.46e+06 -2.44e+06 -2.13e+06 -3.51e+06 -2.48e+06 -2.5e+06 -2.43e+06 -2.25e+06 -2.49e+06 -2.27e+06 -2.48e+06
 -2.04e+08 -2.04e+08 -2.04e+08 -2.04e+08 -2.04e+08 -2.04e+08 -2.04e+08 -2.04e+08 -2.04e+08 -2.04e+08 -2.04e+08 -2.04e+08 -2.04e+08 -2.04e+08 -2.04e+08 -2.04e+08 -2.038e+08 -2.04e+08 -2.039e+08 -2.039e+08
 -4.591e+07 -4.584e+07 -4.592e+07 -4.59e+07 -4.595e+07 -4.597e+07 -4.589e+07 -4.59e+07 -4.592e+07 -4.581e+07 -4.586e+07 -4.588e+07 -4.579e+07 -4.594e+07 -4.595e+07 -4.592e+07 -4.586e+07 -4.593e+07 -4.591e+07 -4.588e+07
 -4.531e+07 -4.407e+07 -4.561e+07 -4.644e+07 -4.539e+07 -4.314e+07 -4.551e+07 -4.531e+07 -4.532e+07 -4.531e+07 -4.531e+07 -4.535e+07 -4.535e+07 -4.537e+07 -4.54e+07 -4.534e+07 -4.522e+07 -4.534e+07 -4.541e+07 -4.463e+07
 -8.989e+07 -8.973e+07 -8.98e+07 -8.922e+07 -8.977e+07 -9.418e+07 -8.961e+07 -8.994e+07 -8.994e+07 -8.991e+07 -8.994e+07 -8.988e+07 -8.991e+07 -8.993e+07 -8.993e+07 -8.99e+07 -9.016e+07 -8.994e+07 -8.989e+07 -8.995e+07
 -2.217e+08 -2.216e+08 -2.216e+08 -2.216e+08 -2.216e+08 -2.216e+08 -2.216e+08 -2.216e+08 -2.216e+08 -2.216e+08 -2.216e+08 -2.216e+08 -2.216e+08 -2.216e+08 -2.216e+08 -2.217e+08 -2.216e+08 -2.217e+08 -2.216e+08 -2.215e+08
 -2.364e+08 -2.363e+08 -2.363e+08 -2.364e+08 -2.363e+08 -2.364e+08 -2.363e+08 -2.363e+08 -2.363e+08 -2.363e+08 -2.363e+08 -2.364e+08 -2.363e+08 -2.363e+08 -2.363e+08 -2.363e+08 -2.364e+08 -2.362e+08 -2.362e+08 -2.363e+08
 -1.378e+08 -1.379e+08 -1.377e+08 -1.378e+08 -1.379e+08 -1.377e+08 -1.378e+08 -1.378e+08 -1.378e+08 -1.378e+08 -1.378e+08 -1.378e+08 -1.378e+08 -1.378e+08 -1.378e+08 -1.378e+08 -1.376e+08 -1.378e+08 -1.378e+08 -1.377e+08
 -1.283e+08 -1.283e+08 -1.284e+08 -1.284e+08 -1.283e+08 -1.284e+08 -1.284e+08 -1.284e+08 -1.284e+08 -1.284e+08 -1.284e+08 -1.284e+08 -1.284e+08 -1.283e+08 -1.284e+08 -1.283e+08 -1.285e+08 -1.284e+08 -1.283e+08 -1.284e+08
 -4.866e+08 -4.866e+08 -4.866e+08 -4.866e+08 -4.866e+08 -4.866e+08 -4.866e+08 -4.866e+08 -4.866e+08 -4.866e+08 -4.866e+08 -4.866e+08 -4.866e+08 -4.866e+08 -4.866e+08 -4.866e+08 -4.866e+08 -4.866e+08 -4.866e+08 -4.866e+08
 -3.58e+08 -3.58e+08 -3.58e+08 -3.58e+08 -3.58e+08 -3.58e+08 -3.58e+08 -3.58e+08 -3.58e+08 -3.58e+08 -3.58e+08 -3.58e+08 -3.58e+08 -3.58e+08 -3.58e+08 -3.579e+08 -3.579e+08 -3.58e+08 -3.58e+08 -3.579e+08
 -2.717e+08 -2.717e+08 -2.717e+08 -2.717e+08 -2.717e+08 -2.717e+08 -2.716e+08 -2.717e+08 -2.717e+08 -2.717e+08 -2.716e+08 -2.716e+08 -2.717e+08 -2.717e+08 -2.717e+08 -2.717e+08 -2.717e+08 -2.717e+08 -2.716e+08 -2.716e+08
 -2.093e+08 -2.093e+08 -2.095e+08 -2.094e+08 -2.09e+08 -2.093e+08 -2.092e+08 -2.093e+08 -2.093e+08 -2.093e+08 -2.093e+08 -2.092e+08 -2.093e+08 -2.092e+08 -2.093e+08 -2.093e+08 -2.093e+08 -2.093e+08 -2.093e+08 -2.092e+08
 -2.264e+08 -2.266e+08 -2.266e+08 -2.265e+08 -2.266e+08 -2.266e+08 -2.266e+08 -2.265e+08 -2.266e+08 -2.265e+08 -2.266e+08 -2.266e+08 -2.265e+08 -2.265e+08 -2.264e+08 -2.265e+08 -2.265e+08 -2.265e+08 -2.266e+08 -2.265e+08
 -5.701e+08 -5.7e+08 -5.703e+08 -5.701e+08 -5.7e+08 -5.7e+08 -5.701e+08 -5.701e+08 -5.701e+08 -5.701e+08 -5.702e+08 -5.701e+08 -5.7e+08 -5.701e+08 -5.701e+08 -5.701e+08 -5.702e+08 -5.702e+08 -5.701e+08 -5.701e+08
 -4.971e+07 -4.969e+07 -4.97e+07 -4.965e+07 -4.974e+07 -4.97e+07 -4.972e+07 -4.968e+07 -4.968e+07 -4.968e+07 -4.963e+07 -4.968e+07 -4.967e+07 -4.969e+07 -4.964e+07 -4.968e+07 -4.963e+07 -4.967e+07 -4.966e+07 -4.97e+07
 -1.803e+07 -1.808e+07 -1.807e+07 -1.81e+07 -1.805e+07 -1.821e+07 -1.804e+07 -1.797e+07 -1.803e+07 -1.79e+07 -1.785e+07 -1.799e+07 -1.807e+07 -1.805e+07 -1.801e+07 -1.8e+07 -1.803e+07 -1.804e+07 -1.807e+07 -1.806e+07
 -6.772e+08 -6.77e+08 -6.771e+08 -6.772e+08 -6.773e+08 -6.768e+08 -6.772e+08 -6.772e+08 -6.772e+08 -6.772e+08 -6.772e+08 -6.772e+08 -6.771e+08 -6.772e+08 -6.771e+08 -6.772e+08 -6.78e+08 -6.772e+08 -6.772e+08 -6.772e+08
 -1.987e+08 -1.986e+08 -1.986e+08 -1.986e+08 -1.987e+08 -1.986e+08 -1.986e+08 -1.986e+08 -1.986e+08 -1.986e+08 -1.986e+08 -1.986e+08 -1.986e+08 -1.987e+08 -1.986e+08 -1.986e+08 -1.986e+08 -1.987e+08 -1.987e+08 -1.985e+08
 -4.205e+08 -4.205e+08 -4.204e+08 -4.202e+08 -4.205e+08 -4.204e+08 -4.205e+08 -4.205e+08 -4.205e+08 -4.205e+08 -4.205e+08 -4.205e+08 -4.205e+08 -4.205e+08 -4.204e+08 -4.205e+08 -4.205e+08 -4.205e+08 -4.204e+08 -4.205e+08
 -5.341e+08 -5.341e+08 -5.341e+08 -5.341e+08 -5.341e+08 -5.34e+08 -5.34e+08 -5.341e+08 -5.34e+08 -5.34e+08 -5.341e+08 -5.341e+08 -5.34e+08 -5.34e+08 -5.34e+08 -5.341e+08 -5.343e+08 -5.341e+08 -5.341e+08 -5.341e+08
 -9.947e+07 -9.951e+07 -9.943e+07 -9.941e+07 -9.953e+07 -9.945e+07 -9.939e+07 -9.94e+07 -9.939e+07 -9.941e+07 -9.941e+07 -9.943e+07 -9.944e+07 -9.947e+07 -9.944e+07 -9.947e+07 -9.907e+07 -9.931e+07 -9.939e+07 -9.943e+07
 -5.77e+07 -5.767e+07 -5.774e+07 -5.764e+07 -5.774e+07 -5.778e+07 -5.766e+07 -5.763e+07 -5.761e+07 -5.743e+07 -5.752e+07 -5.767e+07 -5.765e+07 -5.762e+07 -5.757e+07 -5.766e+07 -5.765e+07 -5.767e+07 -5.763e+07 -5.764e+07
 -1.044e+08 -1.043e+08 -1.042e+08 -1.042e+08 -1.042e+08 -1.042e+08 -1.042e+08 -1.042e+08 -1.042e+08 -1.042e+08 -1.042e+08 -1.042e+08 -1.042e+08 -1.042e+08 -1.042e+08 -1.039e+08 -1.042e+08 -1.044e+08 -1.042e+08 -1.038e+08
 -2.821e+08 -2.821e+08 -2.821e+08 -2.821e+08 -2.821e+08 -2.821e+08 -2.821e+08 -2.821e+08 -2.821e+08 -2.821e+08 -2.821e+08 -2.821e+08 -2.82e+08 -2.821e+08 -2.821e+08 -2.822e+08 -2.82e+08 -2.821e+08 -2.82e+08 -2.821e+08
 -1.768e+07 -1.789e+07 -1.769e+07 -1.775e+07 -1.765e+07 -1.798e+07 -1.759e+07 -1.782e+07 -1.767e+07 -1.737e+07 -1.77e+07 -1.77e+07 -1.774e+07 -1.764e+07 -1.765e+07 -1.767e+07 -1.773e+07 -1.765e+07 -1.763e+07 -1.765e+07
