# Created by Octave 5.2.0, Thu Sep 24 16:50:52 2020 CEST <jiwidi@land>
# name: w
# type: matrix
# rows: 101
# columns: 20
 -4.442e+04 -4.442e+04 -4.442e+04 -4.442e+04 -4.442e+04 -4.442e+04 -4.442e+04 -4.442e+04 -4.442e+04 -4.442e+04 -4.442e+04 -4.442e+04 -4.442e+04 -4.442e+04 -4.442e+04 -4.442e+04 -4.442e+04 -4.442e+04 -4.442e+04 -4.442e+04
 -5334 -5334 -5334 -5334 -5333 -5334 -5333 -5334 -5333 -5333 -5334 -5333 -5333 -5334 -5334 -5333 -5333 -5333 -5331 -5333
 -986.9 -986.9 -985.3 -985.6 -986 -985 -985.1 -985.7 -984.9 -985.5 -985.7 -982.6 -986.1 -985.8 -985.9 -985.6 -985.3 -983.7 -986.1 -986.2
 -1059 -1059 -1068 -1058 -1068 -1068 -1059 -1059 -1068 -1059 -1059 -1068 -1058 -1068 -1059 -1058 -1049 -1069 -1057 -1059
 -63.9 -63.8 -63.2 -63.9 -63.4 -63.3 -63.2 -64.1 -63.3 -63.6 -63.8 -63.2 -63.5 -63.9 -63.6 -62.7 -64.9 -60 -60.7 -64.5
 -4484 -4485 -4486 -4485 -4485 -4486 -4485 -4485 -4485 -4485 -4485 -4485 -4485 -4485 -4485 -4485 -4485 -4485 -4484 -4485
 -2097 -2097 -2098 -2097 -2097 -2098 -2097 -2097 -2097 -2097 -2097 -2097 -2097 -2097 -2097 -2097 -2098 -2097 -2098 -2097
 -44.7 -41.7 -42.5 -42.9 -43.4 -52.4 -44.1 -43.5 -42.9 -43.7 -43.3 -44.5 -43.1 -43.9 -42.8 -41.8 -45.5 -39.4 -40.4 -41
 -61.4 -65.4 -60.9 -62.5 -69.1 -66.8 -61.7 -63.7 -62.9 -62.8 -63 -57.4 -64.6 -63.5 -59.2 -69.1 -63.6 -64.3 -69.9 -65.2
 -1295 -1295 -1296 -1295 -1295 -1296 -1295 -1295 -1295 -1294 -1295 -1295 -1295 -1295 -1295 -1295 -1295 -1295 -1295 -1295
 -25.5 -23.1 -23.7 -31.7 -25.6 -22.8 -23.2 -26.6 -25.2 -24.9 -25.1 -21.5 -34.5 -25.3 -25.6 -24.3 -22.7 -24.9 -23.7 -24.9
 -2060 -2061 -2060 -2059 -2060 -2060 -2060 -2060 -2059 -2059 -2060 -2060 -2060 -2060 -2059 -2060 -2058 -2060 -2058 -2059
 -465.8 -464.4 -465.8 -465.1 -465.5 -466.2 -465.1 -464.7 -465 -464.9 -464.3 -465.4 -463.8 -465.2 -465.2 -464.8 -464.5 -465 -465.4 -465.3
 -450.5 -443.2 -454.3 -466.8 -451.6 -431.1 -452.2 -452.5 -451.1 -451 -451.1 -451.8 -450.2 -449.2 -452.1 -451.9 -451.4 -450.3 -450.3 -445.4
 -906.6 -904.9 -905 -898.1 -903.2 -946.5 -903.4 -908.4 -906.9 -907 -907 -906.4 -906.5 -906.6 -906.9 -906.3 -907.8 -907.7 -908.3 -908.1
 -2233 -2232 -2233 -2233 -2232 -2232 -2233 -2232 -2232 -2233 -2233 -2232 -2232 -2232 -2232 -2233 -2233 -2233 -2233 -2231
 -2409 -2410 -2409 -2409 -2409 -2410 -2409 -2409 -2410 -2409 -2409 -2410 -2409 -2409 -2409 -2410 -2409 -2410 -2408 -2409
 -1394 -1394 -1396 -1394 -1394 -1395 -1394 -1394 -1395 -1394 -1394 -1395 -1394 -1396 -1394 -1394 -1393 -1395 -1394 -1393
 -1302 -1302 -1302 -1301 -1301 -1301 -1302 -1302 -1301 -1302 -1301 -1301 -1302 -1301 -1302 -1301 -1302 -1300 -1302 -1302
 -4984 -4984 -4984 -4984 -4984 -4985 -4984 -4984 -4984 -4984 -4984 -4984 -4984 -4984 -4984 -4984 -4985 -4984 -4984 -4984
 -3559 -3558 -3558 -3559 -3558 -3558 -3558 -3558 -3558 -3558 -3558 -3558 -3558 -3559 -3558 -3557 -3558 -3558 -3558 -3556
 -2767 -2766 -2766 -2766 -2766 -2767 -2766 -2766 -2766 -2766 -2766 -2766 -2766 -2766 -2766 -2767 -2767 -2767 -2766 -2765
 -2131 -2132 -2132 -2133 -2130 -2132 -2131 -2131 -2131 -2132 -2131 -2131 -2131 -2131 -2131 -2131 -2131 -2132 -2132 -2130
 -2289 -2289 -2289 -2289 -2290 -2290 -2289 -2289 -2290 -2289 -2290 -2290 -2289 -2290 -2288 -2290 -2289 -2289 -2289 -2289
 -5796 -5795 -5797 -5796 -5796 -5795 -5795 -5795 -5796 -5796 -5796 -5796 -5795 -5796 -5796 -5796 -5796 -5796 -5796 -5796
 -512.4 -512.1 -512.1 -511.8 -512.8 -512.2 -512.2 -512 -512.1 -511.2 -512.3 -512.6 -511.9 -512.5 -511.7 -512.3 -511.5 -512.2 -512.1 -512.2
 -184.4 -184.7 -184.6 -184.6 -184.6 -185.8 -184.4 -184.1 -184.6 -183.1 -182.4 -184.4 -184.5 -185 -184 -184.3 -184.3 -184.5 -184.6 -184.6
 -6867 -6866 -6862 -6867 -6867 -6857 -6868 -6867 -6862 -6867 -6867 -6862 -6866 -6860 -6865 -6867 -6869 -6861 -6867 -6867
 -2013 -2013 -2012 -2013 -2013 -2012 -2012 -2013 -2012 -2013 -2012 -2012 -2012 -2013 -2013 -2012 -2012 -2013 -2013 -2011
 -4261 -4261 -4261 -4258 -4262 -4260 -4261 -4261 -4261 -4262 -4261 -4261 -4261 -4261 -4260 -4261 -4260 -4261 -4261 -4261
 -5484 -5485 -5484 -5484 -5485 -5482 -5485 -5484 -5484 -5484 -5484 -5484 -5485 -5483 -5484 -5484 -5485 -5484 -5485 -5485
 -1000 -999.5 -1001 -999.6 -999.3 -1001 -999.3 -999.4 -1001 -999.6 -999.7 -1001 -999.6 -1001 -999.4 -1000 -996.6 -999.8 -999.1 -1000
 -575.4 -575.1 -575.3 -575.5 -575.3 -576.2 -575.3 -575 -575 -573.3 -573.9 -575.4 -575.3 -575.1 -575 -575.1 -575.1 -575.3 -575 -575.2
 -1047 -1046 -1045 -1046 -1045 -1045 -1046 -1046 -1045 -1045 -1045 -1045 -1046 -1045 -1045 -1041 -1044 -1046 -1046 -1041
 -2857 -2857 -2857 -2857 -2857 -2857 -2857 -2857 -2857 -2857 -2858 -2857 -2857 -2857 -2857 -2857 -2856 -2857 -2857 -2857
 -181.7 -183.7 -182.3 -182.4 -181.2 -184.4 -180.6 -182.8 -182 -179.2 -181.3 -182.2 -182.2 -181.4 -181.7 -181.6 -182.4 -182.2 -181.2 -181.3
 -488.6 -489.7 -489.6 -488.8 -488.1 -504.4 -482.7 -488.7 -488.7 -488.6 -488.9 -489.3 -488.3 -488.4 -488.7 -488.7 -488.5 -488.7 -489.1 -489.1
 -800.1 -801.5 -800.5 -799.6 -800.3 -797.8 -800 -800.7 -799.7 -799.9 -800.1 -799.1 -800.4 -800 -800 -799.8 -801.3 -799.8 -800.3 -801.1
 -4.1 -3.1 -3.2 -3.8 -3.2 -3.2 -3.2 -2.9 -3.1 -2.6 -3.1 -3.4 -2.6 -3.5 -2.6 -4.1 -3.6 3.1 0.7 -4.6
 -1.1 -0.4 -0.5 -0.5 -0.8 -11.2 0.2 -1.7 -0.6 -1.6 4.1 -0.5 -0.6 -0.5 -0.7 -3 -1.9 -0.6 1.4 -0.6
 -1643 -1644 -1644 -1643 -1644 -1645 -1644 -1644 -1643 -1644 -1644 -1646 -1644 -1644 -1640 -1644 -1644 -1644 -1644 -1644
 -249.8 -250.1 -249.5 -249.5 -249.4 -249.4 -249 -249.2 -249 -248.5 -248 -249.6 -249.1 -249.5 -248.7 -249.1 -249.4 -249.4 -249.6 -249.7
 -2042 -2041 -2042 -2041 -2041 -2042 -2041 -2040 -2041 -2041 -2041 -2041 -2040 -2041 -2042 -2041 -2042 -2041 -2041 -2041
 -9595 -9595 -9594 -9595 -9594 -9594 -9594 -9595 -9595 -9595 -9594 -9594 -9595 -9594 -9595 -9593 -9594 -9594 -9595 -9594
 -1405 -1405 -1405 -1405 -1405 -1405 -1405 -1405 -1405 -1405 -1405 -1405 -1405 -1405 -1405 -1404 -1406 -1405 -1405 -1404
 -1630 -1630 -1630 -1630 -1631 -1631 -1630 -1630 -1630 -1630 -1630 -1631 -1631 -1629 -1630 -1630 -1631 -1631 -1631 -1631
 -112.9 -123.9 -117.6 -109.9 -114.8 -121.5 -115.1 -112.7 -111.6 -113 -113 -100.7 -109.2 -111.3 -114 -111.1 -111.6 -111.5 -113.4 -111.7
 -3.527e+04 -3.527e+04 -3.527e+04 -3.527e+04 -3.527e+04 -3.527e+04 -3.527e+04 -3.527e+04 -3.527e+04 -3.527e+04 -3.527e+04 -3.527e+04 -3.527e+04 -3.527e+04 -3.527e+04 -3.527e+04 -3.527e+04 -3.527e+04 -3.527e+04 -3.527e+04
 9.8 -7 -5.4 -7.6 -11.9 -9.9 -6.9 -9.6 -7.4 -7.8 -8.3 -7.6 -7.3 -25.5 -9.3 -19.7 -9.3 -8.5 -12.7 10.1
 -24.2 -30 -27.2 -25.6 -25 -36.3 -25.5 -25.6 -25.7 -25.7 -25.2 -25.4 -29.2 -29.9 -22.3 -25.6 -35.1 -26.6 -28.6 -25.5
 -1342 -1342 -1342 -1342 -1343 -1343 -1343 -1342 -1343 -1343 -1342 -1343 -1342 -1343 -1343 -1341 -1342 -1343 -1343 -1342
 -37.7 -37.6 -37.2 -37.1 -37.6 -37.8 -37.6 -37.4 -37.3 -37.6 -37.5 -37.4 -37.6 -37.2 -37.8 -37.1 -37.8 -36.4 -39 -37.9
 -39.6 -20.4 -20.4 -20 -20.6 -21.9 -20.7 -20.6 -20.2 -20.4 -20.5 -20.6 -20.5 -20.8 -20 74.8 -21 -20.6 -20 -66.4
 -2626 -2628 -2628 -2628 -2628 -2628 -2628 -2628 -2628 -2628 -2628 -2628 -2628 -2628 -2629 -2629 -2629 -2628 -2628 -2627
 -458.1 -457.3 -457.8 -457 -456.9 -456.9 -456.9 -457 -457.2 -456.8 -456.7 -457.1 -457.4 -457.7 -456.6 -453.7 -457.9 -458.1 -457.3 -454
 -2736 -2737 -2738 -2739 -2737 -2738 -2738 -2739 -2739 -2739 -2739 -2738 -2737 -2738 -2739 -2739 -2738 -2737 -2736 -2738
 -2027 -2028 -2028 -2028 -2029 -2029 -2028 -2028 -2028 -2028 -2028 -2028 -2029 -2028 -2029 -2028 -2028 -2028 -2029 -2029
 -3416 -3412 -3410 -3414 -3415 -3412 -3417 -3418 -3413 -3416 -3416 -3413 -3417 -3413 -3417 -3416 -3422 -3413 -3417 -3417
 -342.7 -344.7 -345.2 -344.2 -345 -345.4 -344.9 -344.9 -344.7 -345 -345 -345.6 -345.1 -345 -344.8 -343.9 -345.7 -341 -345.5 -345
 -115.8 -114.6 -114 -114.5 -115 -113.8 -114.1 -113.8 -112.2 -114.2 -114.3 -114.2 -114 -114.2 -113.9 -114.2 -113.6 -114.2 -113.8 -114.4
 -230.7 -229.5 -233.3 -232.4 -233.6 -240.7 -233 -232.5 -231.6 -232 -232.5 -230.1 -232.4 -231.8 -231.2 -232.6 -236.8 -231.8 -232.2 -232.5
 -1932 -1932 -1932 -1932 -1933 -1933 -1933 -1932 -1933 -1932 -1932 -1933 -1933 -1933 -1933 -1931 -1932 -1933 -1932 -1932
