# Created by Octave 5.2.0, Thu Sep 24 16:59:45 2020 CEST <jiwidi@land>
# name: w
# type: matrix
# rows: 101
# columns: 20
 -6.52e+04 -6.52e+04 -6.52e+04 -6.52e+04 -6.52e+04 -6.52e+04 -6.52e+04 -6.52e+04 -6.52e+04 -6.52e+04 -6.52e+04 -6.52e+04 -6.52e+04 -6.52e+04 -6.52e+04 -6.52e+04 -6.52e+04 -6.52e+04 -6.52e+04 -6.52e+04
 -6272 -6270 -6271 -6270 -6271 -6270 -6270 -6271 -6270 -6271 -6270 -6270 -6271 -6271 -6270 -6270 -6270 -6270 -6268 -6270
 -1150 -1150 -1151 -1150 -1150 -1150 -1150 -1150 -1150 -1150 -1150 -1148 -1150 -1151 -1150 -1150 -1150 -1149 -1150 -1150
 -1192 -1191 -1195 -1191 -1201 -1195 -1191 -1191 -1191 -1191 -1191 -1191 -1191 -1191 -1191 -1191 -1181 -1192 -1190 -1191
 -61.2 -60.8 -60.7 -61 -60.7 -60.5 -60.7 -61.1 -60.5 -60.8 -60.6 -60.8 -61.2 -61.1 -61.2 -60.2 -63 -56.7 -57.9 -62
 -5498 -5498 -5498 -5498 -5499 -5498 -5498 -5498 -5498 -5498 -5498 -5498 -5497 -5499 -5498 -5498 -5497 -5498 -5497 -5498
 -2768 -2768 -2769 -2769 -2768 -2768 -2768 -2768 -2768 -2767 -2768 -2768 -2768 -2768 -2768 -2769 -2768 -2768 -2768 -2768
 -54.9 -51.8 -51.8 -52.4 -52.2 -60.7 -52.8 -52.9 -52.5 -54.2 -54.3 -52.7 -52.2 -53.6 -53 -51.1 -55.3 -48.8 -50.5 -50.8
 -66 -69 -65.1 -66.8 -72.7 -70.2 -66.6 -67.3 -66.8 -66.8 -67.2 -61.3 -70.8 -67.7 -63.3 -74.2 -67.5 -69.3 -75.3 -69.2
 -1694 -1694 -1695 -1694 -1694 -1695 -1693 -1694 -1694 -1693 -1694 -1694 -1694 -1694 -1694 -1694 -1694 -1694 -1694 -1694
 -27.6 -26.4 -26.8 -31.5 -27.2 -26 -26.5 -28.9 -27.7 -26.5 -27.2 -24 -36.1 -27.8 -28 -26.7 -25.8 -27.3 -27 -27.8
 -2427 -2425 -2426 -2426 -2425 -2426 -2426 -2426 -2426 -2426 -2426 -2426 -2426 -2426 -2425 -2427 -2424 -2427 -2425 -2425
 -651.9 -650.9 -652.4 -651.8 -652.2 -652.6 -651.5 -651.5 -652 -650.6 -651 -651.7 -650.5 -652 -652 -651.7 -651.5 -651.9 -652 -651.9
 -465.6 -454.2 -469.9 -477.1 -465.8 -445.7 -471.6 -466.9 -466.6 -466.7 -466.4 -467.6 -465.8 -465.9 -466.2 -466.9 -465.4 -466.5 -466.7 -458.8
 -910.6 -905.5 -904.7 -897.4 -901.7 -952.6 -901.7 -910.7 -911.2 -910.9 -910.9 -911.6 -908.1 -910.6 -910.2 -910.3 -913.9 -910.4 -911.1 -910.6
 -2643 -2643 -2643 -2643 -2643 -2643 -2643 -2643 -2643 -2643 -2643 -2643 -2643 -2643 -2643 -2644 -2643 -2643 -2643 -2641
 -2910 -2909 -2910 -2910 -2909 -2910 -2910 -2910 -2909 -2910 -2910 -2909 -2910 -2909 -2910 -2910 -2909 -2909 -2908 -2910
 -1649 -1650 -1649 -1650 -1650 -1649 -1650 -1649 -1650 -1649 -1650 -1650 -1650 -1650 -1650 -1650 -1647 -1650 -1650 -1649
 -1544 -1543 -1544 -1543 -1543 -1543 -1543 -1543 -1544 -1543 -1543 -1543 -1543 -1543 -1543 -1542 -1544 -1542 -1543 -1544
 -6501 -6501 -6501 -6501 -6501 -6501 -6501 -6501 -6501 -6500 -6501 -6501 -6500 -6500 -6501 -6501 -6501 -6500 -6501 -6500
 -3926 -3926 -3926 -3926 -3926 -3926 -3926 -3926 -3926 -3926 -3926 -3926 -3926 -3926 -3926 -3925 -3925 -3926 -3926 -3925
 -3282 -3282 -3282 -3282 -3282 -3282 -3281 -3281 -3281 -3281 -3281 -3281 -3282 -3281 -3281 -3282 -3281 -3281 -3281 -3280
 -2588 -2589 -2590 -2589 -2585 -2588 -2588 -2588 -2588 -2588 -2588 -2588 -2588 -2588 -2588 -2588 -2589 -2588 -2588 -2587
 -2882 -2883 -2883 -2883 -2884 -2883 -2883 -2883 -2883 -2883 -2883 -2883 -2883 -2884 -2882 -2883 -2883 -2883 -2884 -2883
 -6704 -6703 -6705 -6704 -6703 -6702 -6704 -6704 -6704 -6704 -6704 -6704 -6704 -6703 -6704 -6704 -6704 -6704 -6704 -6704
 -609.9 -609.2 -609.5 -608.8 -610 -609.2 -609.6 -609.4 -609.3 -608.6 -608.3 -609.6 -609.3 -609.7 -609 -609.4 -609.1 -609.4 -609.2 -609.5
 -238.7 -239.4 -239.2 -239.2 -238.9 -240.4 -238.4 -238.1 -238.6 -235.8 -235.9 -238.3 -239.1 -238.8 -238.4 -238.5 -238.6 -239 -239 -239
 -7663 -7662 -7662 -7663 -7662 -7657 -7663 -7663 -7662 -7662 -7662 -7663 -7662 -7662 -7663 -7662 -7670 -7662 -7662 -7662
 -2342 -2341 -2341 -2340 -2341 -2341 -2341 -2341 -2341 -2341 -2341 -2341 -2341 -2341 -2341 -2340 -2341 -2341 -2342 -2339
 -4801 -4800 -4799 -4797 -4801 -4799 -4800 -4800 -4800 -4800 -4800 -4801 -4800 -4800 -4800 -4801 -4801 -4800 -4800 -4801
 -6947 -6947 -6948 -6947 -6948 -6945 -6947 -6947 -6947 -6946 -6946 -6947 -6947 -6946 -6947 -6947 -6949 -6947 -6947 -6948
 -1176 -1175 -1175 -1176 -1176 -1175 -1175 -1175 -1175 -1176 -1176 -1175 -1176 -1176 -1176 -1176 -1172 -1175 -1174 -1176
 -790.7 -790.5 -790.8 -790.6 -790.5 -791.6 -790.6 -790.6 -790.4 -787.7 -789.1 -790.5 -790.4 -790.7 -789.9 -791.1 -790.5 -790.7 -790.5 -791
 -1096 -1093 -1092 -1092 -1093 -1092 -1093 -1092 -1092 -1092 -1092 -1093 -1092 -1092 -1092 -1088 -1092 -1093 -1092 -1088
 -3327 -3327 -3327 -3327 -3327 -3327 -3327 -3327 -3327 -3327 -3327 -3327 -3326 -3327 -3327 -3327 -3326 -3327 -3326 -3327
 -221.8 -223.3 -221.9 -221.8 -221 -223.7 -220.2 -223 -221.2 -217.1 -221 -221.7 -222.5 -221.3 -221.6 -221.2 -222.4 -221.5 -220.7 -221.1
 -537.1 -536.6 -536.1 -535.1 -534.5 -547.7 -527.7 -536.4 -536.3 -536.5 -536.5 -537.3 -535.9 -534.9 -536.1 -536.2 -536.1 -536.4 -536.6 -536.5
 -988.2 -988.5 -988.8 -987.8 -988 -986.7 -988.2 -987.3 -988.4 -988 -987.6 -986.7 -988.3 -988.1 -988 -988 -988.3 -988.2 -988.3 -988
 -4.2 -3 -3.5 -4.2 -3.7 -3 -3.5 -3 -3.5 -3.1 -3.5 -3.4 -2.3 -3.2 -2.7 -4.2 -4.5 3.1 0.5 -5.2
 -1.9 -1 -0.8 -0.5 -1 -11.6 -0.5 -3.7 -1.1 -4 3.2 -0.9 -0.7 -1.3 -0.8 -4.4 -2.1 -0.6 0.3 -0.3
 -2301 -2301 -2301 -2301 -2301 -2300 -2301 -2301 -2301 -2301 -2301 -2301 -2301 -2301 -2299 -2301 -2302 -2301 -2301 -2301
 -377.9 -378.8 -378.6 -378.2 -378.5 -378.6 -377.9 -378.2 -377.9 -376.4 -376.9 -378.1 -378.1 -378.1 -377.4 -378 -378.4 -378.4 -378.8 -378.2
 -2801 -2801 -2801 -2801 -2800 -2801 -2800 -2799 -2800 -2800 -2800 -2800 -2799 -2801 -2801 -2801 -2801 -2801 -2801 -2800
 -1.074e+04 -1.074e+04 -1.074e+04 -1.074e+04 -1.074e+04 -1.074e+04 -1.074e+04 -1.074e+04 -1.074e+04 -1.074e+04 -1.074e+04 -1.074e+04 -1.074e+04 -1.074e+04 -1.074e+04 -1.074e+04 -1.074e+04 -1.074e+04 -1.074e+04 -1.074e+04
 -1635 -1635 -1635 -1635 -1636 -1635 -1635 -1635 -1635 -1635 -1635 -1635 -1635 -1635 -1635 -1633 -1636 -1635 -1635 -1634
 -2153 -2152 -2153 -2153 -2153 -2153 -2153 -2152 -2153 -2152 -2151 -2153 -2154 -2152 -2153 -2152 -2153 -2153 -2153 -2153
 -102.9 -117.4 -110.5 -101.2 -105.1 -111.9 -104.2 -102.8 -103.3 -103.4 -103.2 -92 -98.2 -102 -104.4 -100.8 -102.3 -102.3 -103.2 -101.1
 -4.935e+04 -4.935e+04 -4.935e+04 -4.935e+04 -4.935e+04 -4.935e+04 -4.935e+04 -4.935e+04 -4.935e+04 -4.935e+04 -4.935e+04 -4.935e+04 -4.935e+04 -4.935e+04 -4.935e+04 -4.935e+04 -4.935e+04 -4.935e+04 -4.935e+04 -4.935e+04
 11.1 -5.4 -4.2 -6.3 -7.9 -6.8 -4.2 -10.5 -5.5 -5 -5.2 -4.9 -5.8 -24.1 -6.8 -16.9 -7.2 -6.2 -13.6 11.3
 -35.1 -39.4 -38.4 -36.9 -36.3 -42.6 -37.3 -36.9 -37.1 -37.2 -37 -37.1 -38.2 -38.4 -33 -37.6 -43.1 -37.1 -38.5 -36.8
 -1411 -1411 -1412 -1411 -1411 -1412 -1411 -1410 -1411 -1411 -1412 -1411 -1411 -1412 -1411 -1409 -1411 -1411 -1411 -1411
 -48.5 -48.2 -48.1 -47.7 -48.1 -48.5 -48.3 -48.5 -48 -48.7 -48.1 -48.5 -48.5 -48.2 -48.8 -47.9 -48.5 -46.6 -49.8 -48.9
 -44.5 -20.8 -20.9 -22.1 -21.7 -21.7 -21.7 -21.7 -21.4 -21.3 -21.4 -20.3 -21.2 -22.3 -20.4 80.9 -22.3 -20.7 -21.2 -72.7
 -2951 -2953 -2953 -2953 -2952 -2953 -2953 -2953 -2953 -2953 -2953 -2953 -2953 -2953 -2953 -2953 -2954 -2954 -2952 -2952
 -492.3 -491.2 -491.3 -490.9 -491.5 -490.1 -491 -491.1 -491.2 -491.1 -490.9 -491.3 -491.4 -491.7 -490.6 -486.7 -491.6 -492.7 -491.2 -487.8
 -3217 -3218 -3218 -3219 -3219 -3218 -3219 -3220 -3219 -3220 -3220 -3218 -3219 -3218 -3220 -3220 -3219 -3217 -3217 -3219
 -2386 -2387 -2387 -2386 -2387 -2387 -2387 -2387 -2387 -2387 -2387 -2386 -2387 -2386 -2386 -2386 -2387 -2385 -2387 -2387
 -3551 -3549 -3551 -3552 -3548 -3550 -3552 -3551 -3551 -3551 -3551 -3550 -3551 -3551 -3550 -3551 -3556 -3551 -3551 -3550
 -348.1 -350.3 -350.8 -350.4 -350.3 -350.5 -350.1 -350.3 -350.2 -349.6 -350 -350.3 -350.1 -350.6 -349.8 -349.5 -350.9 -345.7 -350.8 -351.1
 -169.7 -168.8 -168.4 -168.7 -169.2 -167.9 -168.3 -167.6 -165.5 -168.9 -168.5 -168.4 -168.4 -168.8 -168.1 -168.6 -168.1 -168.5 -167.9 -168.7
 -275.8 -274.1 -278.3 -277.5 -278.5 -282.9 -277.5 -277.1 -276.8 -277 -277.7 -274.5 -277.9 -277.6 -276.1 -278.1 -277.8 -276.7 -277 -277.4
