# Created by Octave 5.2.0, Thu Sep 24 17:57:13 2020 CEST <jiwidi@land>
# name: w
# type: matrix
# rows: 101
# columns: 20
 -2.449e+05 -2.435e+05 -2.404e+05 -2.407e+05 -2.417e+05 -2.441e+05 -2.426e+05 -2.456e+05 -2.446e+05 -2.422e+05 -2.405e+05 -2.413e+05 -2.459e+05 -2.503e+05 -2.435e+05 -2.428e+05 -2.418e+05 -2.449e+05 -2.445e+05 -2.453e+05
 -3.743e+04 -3.387e+04 -3.424e+04 -3.447e+04 -3.416e+04 -3.367e+04 -3.31e+04 -3.474e+04 -3.484e+04 -3.532e+04 -3.45e+04 -2.215e+04 -3.42e+04 -3.46e+04 -3.245e+04 -3.55e+04 -2.693e+04 -3.127e+04 -2.135e+04 -3.43e+04
 -9018 -8312 -8381 -8504 -8326 -8080 -7735 -8384 -8257 -8592 -8405 -280.7 -7949 -8477 -8540 -8590 -7297 -6363 -8488 -8834
 -1.72e+04 -1.505e+04 -1.536e+04 -1.5e+04 -1.52e+04 -1.514e+04 -1.471e+04 -1.564e+04 -1.554e+04 -1.64e+04 -1.577e+04 -1.658e+04 -1.464e+04 -1.547e+04 -1.532e+04 -1.611e+04 6392 -1.735e+04 -1.364e+04 -1.667e+04
 -6081 -4823 -4861 -4832 -4830 -4836 -4978 -5170 -4991 -5236 -5129 -6675 -4833 -5614 -5195 -5539 -7165 6225 -6179 -5964
 -2.423e+04 -2.401e+04 -2.441e+04 -2.42e+04 -2.414e+04 -2.393e+04 -2.356e+04 -2.379e+04 -2.344e+04 -2.44e+04 -2.463e+04 -2.064e+04 -2.282e+04 -2.385e+04 -2.441e+04 -2.362e+04 -1.825e+04 -2.408e+04 -1.975e+04 -2.265e+04
 -2.553e+04 -2.498e+04 -2.564e+04 -2.496e+04 -2.504e+04 -2.53e+04 -2.211e+04 -2.57e+04 -2.545e+04 -1.123e+04 -1239 -2.599e+04 -2.474e+04 -2.508e+04 -2.593e+04 -2.581e+04 -2.631e+04 -2.607e+04 -2.644e+04 -2.559e+04
 -8039 -6788 -6951 -6897 -6858 -6735 -6573 -7319 -7180 -7536 -7191 -7713 -6847 -7104 -7212 -7291 -8481 8118 -8379 -7693
 -8283 -7787 -7820 -8141 -8028 -7963 -7698 -7997 -7983 -8096 -7999 8065 -8078 -7815 -7513 -7911 -8748 -8429 -9149 -8406
 -1.76e+04 -1.643e+04 -1.671e+04 -1.669e+04 -1.637e+04 -1.686e+04 -1.262e+04 -1.722e+04 -1.727e+04 -6572 -3939 -1.727e+04 -1.597e+04 -1.663e+04 -1.717e+04 -1.691e+04 -1.754e+04 -1.735e+04 -1.789e+04 -1.771e+04
 -3429 -3269 -3283 -3477 -3365 -3378 -3230 -3272 -3252 -3276 -3223 3711 -3351 -3234 -3445 -3167 -3548 -3515 -3901 -3521
 -1.827e+04 -1.591e+04 -1.617e+04 -1.593e+04 -1.592e+04 -1.578e+04 -1.558e+04 -1.646e+04 -1.643e+04 -1.67e+04 -1.649e+04 -1.479e+04 -1.609e+04 -1.649e+04 -1.657e+04 -1.715e+04 -1907 -1.75e+04 -1.286e+04 -1.17e+04
 -8777 -7511 -8201 -8215 -8203 -8175 -6873 -8416 -8527 -3326 -506.3 -8455 -7761 -8233 -8493 -8305 -8685 -8626 -8880 -8603
 -6880 -5701 -7200 -6948 -6650 5524 -6628 -6598 -6590 -6629 -6593 -6812 -6594 -6567 -6762 -6743 -6717 -6781 -6928 -6392
 -1.075e+04 -1.041e+04 -1.064e+04 2293 -6279 -1.04e+04 -8427 -1.07e+04 -1.064e+04 -1.064e+04 -1.047e+04 -1.076e+04 -1.029e+04 -1.025e+04 -1.057e+04 -1.025e+04 -1.07e+04 -1.058e+04 -1.088e+04 -1.067e+04
 -1.347e+04 -1.3e+04 -1.321e+04 -1.305e+04 -1.311e+04 -1.294e+04 -1.272e+04 -1.348e+04 -1.344e+04 -1.372e+04 -1.342e+04 -1.444e+04 -1.319e+04 -1.353e+04 -1.367e+04 -1.432e+04 -5343 -1.484e+04 -8965 -6577
 -1.354e+04 -1.334e+04 -1.365e+04 -1.362e+04 -1.347e+04 -1.333e+04 -1.3e+04 -1.232e+04 -1.317e+04 -1.366e+04 -1.339e+04 -1.318e+04 -1.353e+04 -1.319e+04 -1.346e+04 -1.392e+04 -1.064e+04 -1.051e+04 -8369 -1.266e+04
 -1.11e+04 -9913 -1.004e+04 -1.006e+04 -1.005e+04 -9865 -9585 -1.012e+04 -1.001e+04 -1.061e+04 -1.005e+04 -1.037e+04 -9740 -1.027e+04 -1.038e+04 -1.047e+04 398.5 -1.105e+04 -7778 -8417
 -1.2e+04 -1.116e+04 -1.137e+04 -1.122e+04 -1.125e+04 -1.108e+04 -1.088e+04 -1.163e+04 -1.17e+04 -1.202e+04 -1.165e+04 -1.207e+04 -1.132e+04 -1.138e+04 -1.177e+04 -9844 -1.173e+04 1906 -1.161e+04 -1.025e+04
 -2.524e+04 -3.078e+04 -3.107e+04 -3.085e+04 -3.09e+04 -3.089e+04 -3.062e+04 -3.076e+04 -3.103e+04 -3.125e+04 -3.102e+04 -3.103e+04 -3.036e+04 -2.979e+04 -3.136e+04 -2.985e+04 -3.294e+04 -2.937e+04 -2.882e+04 -2.512e+04
 -1.671e+04 -1.841e+04 -1.848e+04 -1.842e+04 -1.844e+04 -1.838e+04 -1.826e+04 -1.863e+04 -1.875e+04 -1.893e+04 -1.852e+04 -1.887e+04 -1.841e+04 -1.857e+04 -1.882e+04 -1.124e+04 -1.863e+04 -2.064e+04 -1.999e+04 -7356
 -1.756e+04 -1.596e+04 -1.607e+04 -1.613e+04 -1.612e+04 -1.573e+04 -1.557e+04 -1.596e+04 -1.62e+04 -1.681e+04 -1.648e+04 -1.656e+04 -1.598e+04 -1.359e+04 -1.609e+04 -1.444e+04 -1.17e+04 -1.344e+04 -1.187e+04 -1.384e+04
 -1.638e+04 -1.677e+04 -1.694e+04 -1.755e+04 -903.3 -1.703e+04 -1.55e+04 -1.724e+04 -1.681e+04 -1.692e+04 -1.621e+04 -1.576e+04 -1.634e+04 -1.622e+04 -1.707e+04 -1.711e+04 -1.752e+04 -1.742e+04 -1.722e+04 -1.388e+04
 -1.099e+04 -1.403e+04 -1.475e+04 -1.487e+04 -1.48e+04 -1.49e+04 -1.432e+04 -1.461e+04 -1.443e+04 -1.472e+04 -1.504e+04 -1.523e+04 -1.377e+04 -1.437e+04 -4302 -1.36e+04 -1.524e+04 -1.372e+04 -1.48e+04 -1.167e+04
 -2.734e+04 -1.978e+04 -2.568e+04 -2.141e+04 -2.182e+04 -2.211e+04 -2.253e+04 -2.657e+04 -2.665e+04 -2.702e+04 -2.695e+04 -2.516e+04 -2.436e+04 -2.522e+04 -2.358e+04 -2.666e+04 -2.717e+04 -2.685e+04 -2.775e+04 -2.715e+04
 -6930 -6607 -6751 -5435 -6552 -6646 -6523 -6677 -6770 -2792 -337.8 -6820 -6259 -6656 -6504 -6776 -6582 -6858 -6873 -6909
 -8938 -8393 -8562 -8297 -8563 -8389 -8171 -8649 -8675 -1653 683.2 -8678 -8505 -8425 -8779 -8478 -8997 -8908 -9148 -8984
 -2.986e+04 -2.239e+04 -2.47e+04 -2.725e+04 -2.954e+04 -2.225e+04 -2.908e+04 -2.982e+04 -3.01e+04 -3.021e+04 -3.04e+04 -2.713e+04 -2.559e+04 -2.66e+04 -2.536e+04 -2.997e+04 -3.074e+04 -2.904e+04 -2.792e+04 -2.992e+04
 -1.276e+04 -1.546e+04 -1.564e+04 -1.535e+04 -1.519e+04 -1.536e+04 -1.519e+04 -1.59e+04 -1.6e+04 -1.622e+04 -1.572e+04 -1.638e+04 -1.536e+04 -1.594e+04 -1.589e+04 -6433 -1.681e+04 -1.627e+04 -1.75e+04 -8032
 -1.979e+04 -1.6e+04 -1.617e+04 -1.017e+04 -1.915e+04 -1.589e+04 -1.721e+04 -1.952e+04 -1.929e+04 -1.952e+04 -1.961e+04 -1.958e+04 -1.76e+04 -1.744e+04 -2.005e+04 -1.936e+04 -1.957e+04 -1.951e+04 -1.961e+04 -1.957e+04
 -3.857e+04 -3.609e+04 -3.75e+04 -3.606e+04 -3.575e+04 -3.48e+04 -3.428e+04 -3.313e+04 -3.611e+04 -1.952e+04 -3.016e+04 -3.751e+04 -3.575e+04 -3.3e+04 -3.384e+04 -3.589e+04 -3.505e+04 -3.539e+04 -3.673e+04 -3.896e+04
 -9331 -8738 -8886 -8820 -8788 -8744 -8543 -8824 -8769 -9260 -8961 -9128 -8778 -8872 -8683 -9109 1196 -7834 -7840 -7994
 -1.95e+04 -1.782e+04 -1.851e+04 -1.832e+04 -1.824e+04 -1.79e+04 -1.759e+04 -1.874e+04 -1.863e+04 -6498 845.7 -1.898e+04 -1.818e+04 -1.788e+04 -1.744e+04 -1.844e+04 -1.941e+04 -1.857e+04 -1.989e+04 -1.897e+04
 -1.062e+04 -8774 -8830 -8798 -8807 -8716 -8620 -8989 -8995 -9107 -8972 -9080 -8810 -8885 -9059 391.9 -8710 -9700 -9574 -4328
 -1.77e+04 -1.496e+04 -1.525e+04 -1.508e+04 -1.514e+04 -1.502e+04 -1.436e+04 -1.548e+04 -1.547e+04 -1.598e+04 -1.534e+04 -1.653e+04 -1.433e+04 -1.526e+04 -1.554e+04 -1.533e+04 -3985 -1.626e+04 -1.234e+04 -1.347e+04
 -1.023e+04 -9626 -9742 -9765 -9542 -9579 -9059 -9958 -9886 5746 -7502 -9979 -9728 -9539 -9918 -9744 -1.01e+04 -1.009e+04 -1.022e+04 -1.004e+04
 -6435 -6376 -6769 -6302 -5467 -6687 2374 -6340 -6202 -6345 -6352 -6649 -6476 -5500 -6612 -6328 -6231 -6313 -6385 -6376
 -8349 -8009 -8105 -7800 -8022 -6086 -7762 -7067 -7972 -7952 -7891 2419 -7572 -7392 -8388 -7730 -8445 -8310 -8978 -8354
 -4126 -3391 -3475 -3411 -3403 -3497 -3318 -4177 -3583 -3680 -3586 -3873 -3414 -3493 -3711 -3703 -4745 5696 -5158 -4089
 -2841 -2700 -2772 -2733 -2729 -2710 -2696 -2802 -2781 -3858 3800 -2788 -2725 -2705 -2812 -2740 -2883 -2847 -2883 -2832
 -1.272e+04 -1.208e+04 -1.369e+04 -1.297e+04 -1.241e+04 -1.184e+04 -1.333e+04 -1.317e+04 -1.273e+04 -1.355e+04 -1.368e+04 -1.337e+04 -1.238e+04 -1.226e+04 -701.2 -1.314e+04 -1.363e+04 -1.396e+04 -1.321e+04 -1.391e+04
 -1.002e+04 -9083 -9295 -9089 -9182 -9018 -8723 -9581 -9516 -515.2 -1038 -9586 -9121 -9008 -9296 -9360 -9959 -9814 -1.029e+04 -9913
 -2.587e+04 -2.438e+04 -2.472e+04 -2.502e+04 -2.48e+04 -2.426e+04 -2.139e+04 3945 -2.11e+04 -2.579e+04 -2.523e+04 -2.513e+04 -2.09e+04 -2.445e+04 -2.515e+04 -2.495e+04 -2.459e+04 -2.462e+04 -2.548e+04 -2.536e+04
 -3.189e+04 -4.306e+04 -4.351e+04 -4.315e+04 -4.327e+04 -4.299e+04 -4.278e+04 -4.378e+04 -4.323e+04 -4.422e+04 -4.383e+04 -4.44e+04 -4.33e+04 -4.336e+04 -4.433e+04 -2.394e+04 -4.564e+04 -4.454e+04 -4.647e+04 -3.56e+04
