# Created by Octave 5.2.0, Thu Sep 24 19:56:35 2020 CEST <jiwidi@land>
# name: w
# type: matrix
# rows: 101
# columns: 20
 -1.169e+07 -1.169e+07 -1.169e+07 -1.169e+07 -1.169e+07 -1.169e+07 -1.169e+07 -1.169e+07 -1.169e+07 -1.169e+07 -1.169e+07 -1.169e+07 -1.169e+07 -1.169e+07 -1.169e+07 -1.169e+07 -1.169e+07 -1.169e+07 -1.169e+07 -1.169e+07
 -9.168e+05 -9.156e+05 -9.156e+05 -9.158e+05 -9.156e+05 -9.155e+05 -9.153e+05 -9.158e+05 -9.157e+05 -9.158e+05 -9.154e+05 -9.143e+05 -9.162e+05 -9.166e+05 -9.152e+05 -9.158e+05 -9.139e+05 -9.158e+05 -9.133e+05 -9.156e+05
 -1.795e+05 -1.799e+05 -1.788e+05 -1.792e+05 -1.8e+05 -1.79e+05 -1.786e+05 -1.786e+05 -1.787e+05 -1.782e+05 -1.787e+05 -1.734e+05 -1.785e+05 -1.808e+05 -1.798e+05 -1.787e+05 -1.776e+05 -1.774e+05 -1.806e+05 -1.795e+05
 -2.079e+05 -2.065e+05 -2.059e+05 -2.058e+05 -2.067e+05 -2.077e+05 -2.066e+05 -2.079e+05 -2.061e+05 -2.071e+05 -2.063e+05 -2.066e+05 -2.06e+05 -2.073e+05 -2.057e+05 -2.063e+05 -1.992e+05 -2.074e+05 -2.041e+05 -2.064e+05
 -1.788e+04 -1.745e+04 -1.764e+04 -1.868e+04 -1.792e+04 -1.699e+04 -1.66e+04 -1.762e+04 -1.605e+04 -1.72e+04 -1.701e+04 -1.707e+04 -1.932e+04 -1.949e+04 -1.698e+04 -1.71e+04 -1.819e+04 -5240 -5750 -1.61e+04
 -8.064e+05 -8.069e+05 -8.069e+05 -8.069e+05 -8.069e+05 -8.069e+05 -8.072e+05 -8.067e+05 -8.067e+05 -8.067e+05 -8.071e+05 -8.06e+05 -8.063e+05 -8.072e+05 -8.07e+05 -8.07e+05 -8.057e+05 -8.069e+05 -8.055e+05 -8.065e+05
 -4.36e+05 -4.368e+05 -4.374e+05 -4.371e+05 -4.371e+05 -4.371e+05 -4.35e+05 -4.369e+05 -4.364e+05 -4.328e+05 -4.322e+05 -4.369e+05 -4.37e+05 -4.373e+05 -4.37e+05 -4.376e+05 -4.372e+05 -4.368e+05 -4.37e+05 -4.359e+05
 -2.206e+04 -1.739e+04 -1.699e+04 -1.774e+04 -1.805e+04 -1.695e+04 -1.747e+04 -2.198e+04 -1.775e+04 -1.995e+04 -2.523e+04 -1.729e+04 -1.738e+04 -1.899e+04 -1.68e+04 -1.741e+04 -2.242e+04 -4570 -1.664e+04 -1.543e+04
 -1.445e+04 -1.622e+04 -1.607e+04 -1.714e+04 -2.043e+04 -1.737e+04 -1.627e+04 -1.672e+04 -1.524e+04 -1.68e+04 -1.565e+04 1950 -2.074e+04 -1.741e+04 -7060 -1.848e+04 -1.374e+04 -1.634e+04 -1.863e+04 -1.629e+04
 -2.866e+05 -2.859e+05 -2.856e+05 -2.855e+05 -2.853e+05 -2.858e+05 -2.834e+05 -2.857e+05 -2.852e+05 -2.831e+05 -2.839e+05 -2.854e+05 -2.851e+05 -2.861e+05 -2.856e+05 -2.86e+05 -2.858e+05 -2.855e+05 -2.866e+05 -2.862e+05
 -1.216e+04 -1.037e+04 -1.07e+04 -1.187e+04 -1.144e+04 -9730 -9190 -1.018e+04 -8820 -1.011e+04 -8490 580 -1.216e+04 -1.097e+04 -1.056e+04 -1.093e+04 -6320 -9860 -8720 -1.092e+04
 -3.867e+05 -3.854e+05 -3.854e+05 -3.857e+05 -3.858e+05 -3.851e+05 -3.85e+05 -3.855e+05 -3.851e+05 -3.854e+05 -3.851e+05 -3.851e+05 -3.865e+05 -3.865e+05 -3.855e+05 -3.857e+05 -3.806e+05 -3.853e+05 -3.852e+05 -3.831e+05
 -1.03e+05 -1.002e+05 -1.026e+05 -1.034e+05 -1.042e+05 -1.033e+05 -1.003e+05 -1.034e+05 -1.024e+05 -9.877e+04 -9.76e+04 -1.019e+05 -1.018e+05 -1.036e+05 -1.044e+05 -1.026e+05 -1.026e+05 -1.024e+05 -1.038e+05 -1.024e+05
 -3.992e+04 -3.092e+04 -3.956e+04 -4.247e+04 -3.72e+04 -2.018e+04 -3.93e+04 -3.956e+04 -3.912e+04 -3.906e+04 -3.892e+04 -3.856e+04 -3.927e+04 -3.441e+04 -3.965e+04 -3.966e+04 -3.505e+04 -3.94e+04 -4.019e+04 -3.119e+04
 -1.35e+05 -1.366e+05 -1.353e+05 -1.296e+05 -1.322e+05 -1.368e+05 -1.332e+05 -1.351e+05 -1.349e+05 -1.346e+05 -1.352e+05 -1.347e+05 -1.36e+05 -1.355e+05 -1.348e+05 -1.352e+05 -1.35e+05 -1.349e+05 -1.354e+05 -1.356e+05
 -4.224e+05 -4.228e+05 -4.227e+05 -4.23e+05 -4.231e+05 -4.228e+05 -4.228e+05 -4.23e+05 -4.228e+05 -4.231e+05 -4.227e+05 -4.23e+05 -4.231e+05 -4.238e+05 -4.232e+05 -4.244e+05 -4.233e+05 -4.232e+05 -4.225e+05 -4.208e+05
 -4.287e+05 -4.281e+05 -4.284e+05 -4.286e+05 -4.286e+05 -4.28e+05 -4.278e+05 -4.279e+05 -4.279e+05 -4.28e+05 -4.278e+05 -4.274e+05 -4.289e+05 -4.291e+05 -4.282e+05 -4.284e+05 -4.276e+05 -4.269e+05 -4.255e+05 -4.276e+05
 -2.503e+05 -2.497e+05 -2.499e+05 -2.504e+05 -2.498e+05 -2.494e+05 -2.496e+05 -2.496e+05 -2.492e+05 -2.5e+05 -2.491e+05 -2.496e+05 -2.499e+05 -2.503e+05 -2.498e+05 -2.502e+05 -2.463e+05 -2.499e+05 -2.49e+05 -2.472e+05
 -2.672e+05 -2.672e+05 -2.673e+05 -2.674e+05 -2.674e+05 -2.669e+05 -2.668e+05 -2.674e+05 -2.67e+05 -2.678e+05 -2.668e+05 -2.676e+05 -2.674e+05 -2.674e+05 -2.673e+05 -2.667e+05 -2.678e+05 -2.622e+05 -2.664e+05 -2.666e+05
 -1.105e+06 -1.106e+06 -1.106e+06 -1.106e+06 -1.106e+06 -1.106e+06 -1.106e+06 -1.106e+06 -1.106e+06 -1.106e+06 -1.106e+06 -1.106e+06 -1.106e+06 -1.106e+06 -1.106e+06 -1.107e+06 -1.108e+06 -1.106e+06 -1.105e+06 -1.104e+06
 -6.216e+05 -6.232e+05 -6.23e+05 -6.231e+05 -6.232e+05 -6.232e+05 -6.232e+05 -6.232e+05 -6.232e+05 -6.232e+05 -6.231e+05 -6.231e+05 -6.233e+05 -6.235e+05 -6.231e+05 -6.239e+05 -6.226e+05 -6.25e+05 -6.232e+05 -6.226e+05
 -5.626e+05 -5.618e+05 -5.614e+05 -5.615e+05 -5.617e+05 -5.618e+05 -5.613e+05 -5.61e+05 -5.613e+05 -5.62e+05 -5.615e+05 -5.612e+05 -5.617e+05 -5.606e+05 -5.617e+05 -5.613e+05 -5.599e+05 -5.614e+05 -5.603e+05 -5.61e+05
 -4.396e+05 -4.406e+05 -4.4e+05 -4.428e+05 -4.318e+05 -4.405e+05 -4.392e+05 -4.399e+05 -4.394e+05 -4.403e+05 -4.392e+05 -4.387e+05 -4.396e+05 -4.395e+05 -4.398e+05 -4.408e+05 -4.412e+05 -4.4e+05 -4.408e+05 -4.363e+05
 -4.629e+05 -4.646e+05 -4.649e+05 -4.651e+05 -4.657e+05 -4.652e+05 -4.648e+05 -4.655e+05 -4.652e+05 -4.653e+05 -4.653e+05 -4.654e+05 -4.643e+05 -4.658e+05 -4.616e+05 -4.657e+05 -4.657e+05 -4.644e+05 -4.663e+05 -4.631e+05
 -9.685e+05 -9.663e+05 -9.688e+05 -9.665e+05 -9.67e+05 -9.668e+05 -9.674e+05 -9.681e+05 -9.679e+05 -9.683e+05 -9.684e+05 -9.682e+05 -9.669e+05 -9.675e+05 -9.668e+05 -9.676e+05 -9.68e+05 -9.678e+05 -9.685e+05 -9.683e+05
 -8.862e+04 -8.695e+04 -8.767e+04 -8.466e+04 -8.862e+04 -8.778e+04 -8.716e+04 -8.727e+04 -8.658e+04 -8.289e+04 -8.367e+04 -8.739e+04 -8.687e+04 -8.899e+04 -8.539e+04 -8.811e+04 -8.692e+04 -8.767e+04 -8.837e+04 -8.816e+04
 -5.727e+04 -5.569e+04 -5.545e+04 -5.543e+04 -5.638e+04 -5.523e+04 -5.395e+04 -5.417e+04 -5.526e+04 -4.488e+04 -4.56e+04 -5.383e+04 -5.672e+04 -5.577e+04 -5.514e+04 -5.53e+04 -5.563e+04 -5.568e+04 -5.861e+04 -5.615e+04
 -1.028e+06 -1.027e+06 -1.027e+06 -1.027e+06 -1.028e+06 -1.027e+06 -1.028e+06 -1.028e+06 -1.028e+06 -1.028e+06 -1.028e+06 -1.028e+06 -1.026e+06 -1.027e+06 -1.028e+06 -1.028e+06 -1.029e+06 -1.028e+06 -1.028e+06 -1.028e+06
 -3.939e+05 -3.959e+05 -3.96e+05 -3.958e+05 -3.961e+05 -3.958e+05 -3.956e+05 -3.959e+05 -3.956e+05 -3.961e+05 -3.953e+05 -3.959e+05 -3.96e+05 -3.963e+05 -3.96e+05 -3.933e+05 -3.96e+05 -3.956e+05 -3.979e+05 -3.92e+05
 -7.316e+05 -7.308e+05 -7.305e+05 -7.262e+05 -7.326e+05 -7.295e+05 -7.316e+05 -7.311e+05 -7.308e+05 -7.312e+05 -7.31e+05 -7.31e+05 -7.294e+05 -7.305e+05 -7.308e+05 -7.312e+05 -7.313e+05 -7.31e+05 -7.315e+05 -7.308e+05
 -1.024e+06 -1.024e+06 -1.024e+06 -1.023e+06 -1.023e+06 -1.023e+06 -1.023e+06 -1.022e+06 -1.023e+06 -1.02e+06 -1.023e+06 -1.023e+06 -1.024e+06 -1.021e+06 -1.023e+06 -1.023e+06 -1.023e+06 -1.023e+06 -1.023e+06 -1.024e+06
 -1.87e+05 -1.859e+05 -1.859e+05 -1.858e+05 -1.856e+05 -1.86e+05 -1.854e+05 -1.859e+05 -1.85e+05 -1.858e+05 -1.852e+05 -1.853e+05 -1.865e+05 -1.866e+05 -1.856e+05 -1.874e+05 -1.774e+05 -1.84e+05 -1.856e+05 -1.846e+05
 -1.356e+05 -1.356e+05 -1.349e+05 -1.361e+05 -1.353e+05 -1.356e+05 -1.344e+05 -1.343e+05 -1.343e+05 -1.279e+05 -1.278e+05 -1.352e+05 -1.364e+05 -1.354e+05 -1.338e+05 -1.354e+05 -1.354e+05 -1.349e+05 -1.355e+05 -1.334e+05
 -1.363e+05 -1.35e+05 -1.351e+05 -1.352e+05 -1.348e+05 -1.348e+05 -1.35e+05 -1.354e+05 -1.35e+05 -1.348e+05 -1.346e+05 -1.352e+05 -1.35e+05 -1.349e+05 -1.355e+05 -1.291e+05 -1.346e+05 -1.354e+05 -1.366e+05 -1.302e+05
 -4.826e+05 -4.82e+05 -4.822e+05 -4.82e+05 -4.82e+05 -4.822e+05 -4.822e+05 -4.821e+05 -4.822e+05 -4.821e+05 -4.821e+05 -4.825e+05 -4.811e+05 -4.82e+05 -4.822e+05 -4.818e+05 -4.8e+05 -4.823e+05 -4.819e+05 -4.821e+05
 -4.829e+04 -4.757e+04 -4.651e+04 -4.851e+04 -4.745e+04 -4.69e+04 -4.45e+04 -4.596e+04 -4.528e+04 -3.622e+04 -4.468e+04 -4.632e+04 -4.796e+04 -4.833e+04 -4.667e+04 -4.733e+04 -4.79e+04 -4.632e+04 -4.823e+04 -4.606e+04
