# Created by Octave 5.2.0, Thu Sep 24 19:47:08 2020 CEST <jiwidi@land>
# name: w
# type: matrix
# rows: 101
# columns: 20
 -1.007e+07 -1.007e+07 -1.007e+07 -1.007e+07 -1.007e+07 -1.007e+07 -1.007e+07 -1.007e+07 -1.007e+07 -1.007e+07 -1.007e+07 -1.007e+07 -1.007e+07 -1.007e+07 -1.007e+07 -1.007e+07 -1.007e+07 -1.007e+07 -1.007e+07 -1.007e+07
 -8.337e+05 -8.335e+05 -8.335e+05 -8.335e+05 -8.334e+05 -8.335e+05 -8.334e+05 -8.335e+05 -8.335e+05 -8.336e+05 -8.335e+05 -8.334e+05 -8.336e+05 -8.336e+05 -8.334e+05 -8.334e+05 -8.335e+05 -8.336e+05 -8.331e+05 -8.335e+05
 -1.638e+05 -1.638e+05 -1.637e+05 -1.637e+05 -1.637e+05 -1.636e+05 -1.636e+05 -1.637e+05 -1.637e+05 -1.636e+05 -1.636e+05 -1.629e+05 -1.636e+05 -1.638e+05 -1.638e+05 -1.637e+05 -1.637e+05 -1.635e+05 -1.639e+05 -1.637e+05
 -1.596e+05 -1.594e+05 -1.594e+05 -1.593e+05 -1.594e+05 -1.605e+05 -1.594e+05 -1.596e+05 -1.594e+05 -1.595e+05 -1.594e+05 -1.594e+05 -1.594e+05 -1.596e+05 -1.594e+05 -1.594e+05 -1.584e+05 -1.596e+05 -1.59e+05 -1.594e+05
 -8050 -8260 -8360 -8450 -8320 -8190 -8280 -8440 -8370 -8330 -8240 -8440 -8640 -8290 -8240 -8120 -8790 -6590 -6950 -8050
 -7.502e+05 -7.504e+05 -7.504e+05 -7.504e+05 -7.504e+05 -7.504e+05 -7.505e+05 -7.504e+05 -7.504e+05 -7.504e+05 -7.505e+05 -7.503e+05 -7.503e+05 -7.505e+05 -7.505e+05 -7.503e+05 -7.5e+05 -7.504e+05 -7.504e+05 -7.504e+05
 -3.988e+05 -3.988e+05 -3.989e+05 -3.99e+05 -3.989e+05 -3.99e+05 -3.987e+05 -3.989e+05 -3.988e+05 -3.984e+05 -3.984e+05 -3.989e+05 -3.99e+05 -3.99e+05 -3.989e+05 -3.99e+05 -3.989e+05 -3.988e+05 -3.99e+05 -3.988e+05
 -1.102e+04 -1.034e+04 -1.033e+04 -1.041e+04 -1.064e+04 -1.062e+04 -1.078e+04 -1.067e+04 -1.052e+04 -1.103e+04 -1.153e+04 -1.048e+04 -1.043e+04 -1.068e+04 -1.047e+04 -1.033e+04 -1.114e+04 -9060 -1.017e+04 -1.018e+04
 -7750 -8040 -7790 -8020 -8720 -7960 -7840 -7830 -7640 -7820 -7720 -5810 -8720 -7960 -6810 -8280 -7770 -7830 -8270 -7910
 -2.566e+05 -2.565e+05 -2.565e+05 -2.565e+05 -2.565e+05 -2.566e+05 -2.562e+05 -2.565e+05 -2.565e+05 -2.561e+05 -2.563e+05 -2.565e+05 -2.565e+05 -2.565e+05 -2.565e+05 -2.565e+05 -2.565e+05 -2.565e+05 -2.566e+05 -2.565e+05
 -6090 -5810 -5870 -5990 -5880 -5790 -5740 -5870 -5710 -5810 -5680 -4690 -6070 -6030 -5930 -5850 -5560 -5840 -5840 -5880
 -3.476e+05 -3.474e+05 -3.474e+05 -3.473e+05 -3.474e+05 -3.474e+05 -3.474e+05 -3.474e+05 -3.474e+05 -3.474e+05 -3.474e+05 -3.474e+05 -3.475e+05 -3.476e+05 -3.474e+05 -3.475e+05 -3.468e+05 -3.474e+05 -3.473e+05 -3.472e+05
 -9.073e+04 -9.023e+04 -9.065e+04 -9.072e+04 -9.073e+04 -9.081e+04 -9.032e+04 -9.074e+04 -9.056e+04 -9.018e+04 -8.999e+04 -9.058e+04 -9.044e+04 -9.073e+04 -9.086e+04 -9.065e+04 -9.066e+04 -9.06e+04 -9.07e+04 -9.071e+04
 -3.446e+04 -3.329e+04 -3.584e+04 -3.698e+04 -3.454e+04 -3.179e+04 -3.522e+04 -3.477e+04 -3.477e+04 -3.459e+04 -3.453e+04 -3.502e+04 -3.46e+04 -3.438e+04 -3.483e+04 -3.448e+04 -3.516e+04 -3.466e+04 -3.487e+04 -3.369e+04
 -1.089e+05 -1.088e+05 -1.087e+05 -1.072e+05 -1.078e+05 -1.103e+05 -1.082e+05 -1.089e+05 -1.088e+05 -1.088e+05 -1.088e+05 -1.089e+05 -1.088e+05 -1.09e+05 -1.089e+05 -1.089e+05 -1.089e+05 -1.088e+05 -1.09e+05 -1.089e+05
 -3.615e+05 -3.615e+05 -3.615e+05 -3.615e+05 -3.616e+05 -3.615e+05 -3.615e+05 -3.615e+05 -3.615e+05 -3.616e+05 -3.615e+05 -3.616e+05 -3.616e+05 -3.617e+05 -3.615e+05 -3.617e+05 -3.615e+05 -3.617e+05 -3.615e+05 -3.611e+05
 -3.7e+05 -3.698e+05 -3.698e+05 -3.699e+05 -3.699e+05 -3.699e+05 -3.699e+05 -3.699e+05 -3.698e+05 -3.699e+05 -3.698e+05 -3.698e+05 -3.7e+05 -3.7e+05 -3.698e+05 -3.699e+05 -3.699e+05 -3.697e+05 -3.695e+05 -3.698e+05
 -2.228e+05 -2.227e+05 -2.227e+05 -2.227e+05 -2.227e+05 -2.226e+05 -2.227e+05 -2.226e+05 -2.226e+05 -2.227e+05 -2.226e+05 -2.226e+05 -2.227e+05 -2.228e+05 -2.228e+05 -2.227e+05 -2.223e+05 -2.226e+05 -2.226e+05 -2.224e+05
 -2.29e+05 -2.29e+05 -2.29e+05 -2.29e+05 -2.29e+05 -2.29e+05 -2.29e+05 -2.291e+05 -2.29e+05 -2.291e+05 -2.29e+05 -2.29e+05 -2.29e+05 -2.291e+05 -2.29e+05 -2.289e+05 -2.291e+05 -2.286e+05 -2.289e+05 -2.291e+05
 -9.492e+05 -9.493e+05 -9.493e+05 -9.493e+05 -9.493e+05 -9.494e+05 -9.493e+05 -9.493e+05 -9.493e+05 -9.493e+05 -9.493e+05 -9.493e+05 -9.493e+05 -9.492e+05 -9.493e+05 -9.494e+05 -9.495e+05 -9.493e+05 -9.491e+05 -9.491e+05
 -4.88e+05 -4.891e+05 -4.891e+05 -4.89e+05 -4.891e+05 -4.891e+05 -4.891e+05 -4.891e+05 -4.891e+05 -4.891e+05 -4.891e+05 -4.89e+05 -4.892e+05 -4.891e+05 -4.892e+05 -4.896e+05 -4.889e+05 -4.899e+05 -4.892e+05 -4.893e+05
 -4.918e+05 -4.918e+05 -4.918e+05 -4.918e+05 -4.918e+05 -4.918e+05 -4.917e+05 -4.918e+05 -4.917e+05 -4.918e+05 -4.918e+05 -4.917e+05 -4.918e+05 -4.917e+05 -4.918e+05 -4.918e+05 -4.916e+05 -4.918e+05 -4.917e+05 -4.916e+05
 -3.686e+05 -3.687e+05 -3.686e+05 -3.688e+05 -3.676e+05 -3.687e+05 -3.685e+05 -3.686e+05 -3.685e+05 -3.687e+05 -3.685e+05 -3.685e+05 -3.687e+05 -3.687e+05 -3.686e+05 -3.686e+05 -3.687e+05 -3.686e+05 -3.687e+05 -3.682e+05
 -4.05e+05 -4.052e+05 -4.052e+05 -4.053e+05 -4.053e+05 -4.053e+05 -4.052e+05 -4.053e+05 -4.053e+05 -4.053e+05 -4.052e+05 -4.053e+05 -4.052e+05 -4.054e+05 -4.05e+05 -4.054e+05 -4.053e+05 -4.052e+05 -4.055e+05 -4.05e+05
 -8.828e+05 -8.826e+05 -8.83e+05 -8.828e+05 -8.827e+05 -8.826e+05 -8.827e+05 -8.829e+05 -8.828e+05 -8.828e+05 -8.829e+05 -8.828e+05 -8.826e+05 -8.828e+05 -8.827e+05 -8.829e+05 -8.828e+05 -8.828e+05 -8.829e+05 -8.828e+05
 -7.956e+04 -7.934e+04 -7.953e+04 -7.916e+04 -7.957e+04 -7.952e+04 -7.944e+04 -7.944e+04 -7.939e+04 -7.89e+04 -7.907e+04 -7.943e+04 -7.939e+04 -7.957e+04 -7.923e+04 -7.946e+04 -7.936e+04 -7.945e+04 -7.942e+04 -7.951e+04
 -3.697e+04 -3.684e+04 -3.695e+04 -3.685e+04 -3.688e+04 -3.69e+04 -3.67e+04 -3.675e+04 -3.675e+04 -3.56e+04 -3.568e+04 -3.668e+04 -3.714e+04 -3.688e+04 -3.679e+04 -3.679e+04 -3.695e+04 -3.688e+04 -3.71e+04 -3.692e+04
 -9.786e+05 -9.785e+05 -9.786e+05 -9.786e+05 -9.787e+05 -9.786e+05 -9.787e+05 -9.786e+05 -9.786e+05 -9.787e+05 -9.786e+05 -9.787e+05 -9.785e+05 -9.784e+05 -9.786e+05 -9.786e+05 -9.788e+05 -9.787e+05 -9.786e+05 -9.786e+05
 -3.245e+05 -3.246e+05 -3.246e+05 -3.246e+05 -3.246e+05 -3.246e+05 -3.246e+05 -3.246e+05 -3.246e+05 -3.246e+05 -3.246e+05 -3.246e+05 -3.246e+05 -3.246e+05 -3.246e+05 -3.243e+05 -3.246e+05 -3.247e+05 -3.248e+05 -3.241e+05
 -6.325e+05 -6.326e+05 -6.323e+05 -6.317e+05 -6.328e+05 -6.322e+05 -6.326e+05 -6.325e+05 -6.324e+05 -6.325e+05 -6.325e+05 -6.324e+05 -6.322e+05 -6.325e+05 -6.325e+05 -6.325e+05 -6.325e+05 -6.325e+05 -6.325e+05 -6.325e+05
 -9.264e+05 -9.264e+05 -9.264e+05 -9.264e+05 -9.264e+05 -9.262e+05 -9.263e+05 -9.262e+05 -9.263e+05 -9.26e+05 -9.262e+05 -9.264e+05 -9.264e+05 -9.26e+05 -9.262e+05 -9.262e+05 -9.261e+05 -9.263e+05 -9.263e+05 -9.264e+05
 -1.647e+05 -1.647e+05 -1.646e+05 -1.646e+05 -1.646e+05 -1.647e+05 -1.646e+05 -1.645e+05 -1.645e+05 -1.646e+05 -1.646e+05 -1.646e+05 -1.647e+05 -1.647e+05 -1.646e+05 -1.648e+05 -1.636e+05 -1.643e+05 -1.646e+05 -1.645e+05
 -1.136e+05 -1.136e+05 -1.136e+05 -1.137e+05 -1.136e+05 -1.136e+05 -1.134e+05 -1.134e+05 -1.134e+05 -1.127e+05 -1.126e+05 -1.135e+05 -1.136e+05 -1.136e+05 -1.134e+05 -1.136e+05 -1.135e+05 -1.136e+05 -1.135e+05 -1.133e+05
 -1.218e+05 -1.213e+05 -1.213e+05 -1.213e+05 -1.213e+05 -1.213e+05 -1.212e+05 -1.213e+05 -1.213e+05 -1.212e+05 -1.212e+05 -1.212e+05 -1.213e+05 -1.213e+05 -1.212e+05 -1.204e+05 -1.212e+05 -1.213e+05 -1.213e+05 -1.204e+05
 -4.363e+05 -4.362e+05 -4.362e+05 -4.362e+05 -4.362e+05 -4.363e+05 -4.363e+05 -4.363e+05 -4.362e+05 -4.362e+05 -4.362e+05 -4.362e+05 -4.36e+05 -4.363e+05 -4.362e+05 -4.363e+05 -4.36e+05 -4.362e+05 -4.361e+05 -4.362e+05
 -3.423e+04 -3.428e+04 -3.425e+04 -3.421e+04 -3.403e+04 -3.438e+04 -3.376e+04 -3.409e+04 -3.403e+04 -3.285e+04 -3.392e+04 -3.411e+04 -3.43e+04 -3.421e+04 -3.413e+04 -3.414e+04 -3.424e+04 -3.406e+04 -3.415e+04 -3.403e+04
 -6.59e+04 -6.631e+04 -6.588e+04 -6.592e+04 -6.537e+04 -6.68e+04 -6.386e+04 -6.568e+04 -6.58e+04 -6.593e+04 -6.591e+04 -6.654e+04 -6.616e+04 -6.546e+04 -6.576e+04 -6.583e+04 -6.563e+04 -6.584e+04 -6.589e+04 -6.591e+04
