# Created by Octave 5.2.0, Thu Sep 24 22:00:55 2020 CEST <jiwidi@land>
# name: w
# type: matrix
# rows: 101
# columns: 20
 -1.007e+09 -1.007e+09 -1.007e+09 -1.007e+09 -1.007e+09 -1.007e+09 -1.007e+09 -1.007e+09 -1.007e+09 -1.007e+09 -1.007e+09 -1.007e+09 -1.007e+09 -1.007e+09 -1.007e+09 -1.007e+09 -1.007e+09 -1.007e+09 -1.007e+09 -1.007e+09
 -8.337e+07 -8.335e+07 -8.335e+07 -8.335e+07 -8.334e+07 -8.335e+07 -8.334e+07 -8.335e+07 -8.335e+07 -8.336e+07 -8.335e+07 -8.334e+07 -8.336e+07 -8.336e+07 -8.334e+07 -8.334e+07 -8.335e+07 -8.336e+07 -8.331e+07 -8.335e+07
 -1.638e+07 -1.638e+07 -1.637e+07 -1.637e+07 -1.637e+07 -1.636e+07 -1.636e+07 -1.637e+07 -1.637e+07 -1.636e+07 -1.636e+07 -1.629e+07 -1.636e+07 -1.638e+07 -1.638e+07 -1.637e+07 -1.637e+07 -1.635e+07 -1.639e+07 -1.637e+07
 -1.596e+07 -1.594e+07 -1.594e+07 -1.593e+07 -1.594e+07 -1.605e+07 -1.594e+07 -1.596e+07 -1.594e+07 -1.595e+07 -1.594e+07 -1.594e+07 -1.594e+07 -1.596e+07 -1.594e+07 -1.594e+07 -1.584e+07 -1.596e+07 -1.59e+07 -1.594e+07
 -8.05e+05 -8.26e+05 -8.36e+05 -8.45e+05 -8.32e+05 -8.19e+05 -8.28e+05 -8.44e+05 -8.37e+05 -8.33e+05 -8.24e+05 -8.44e+05 -8.64e+05 -8.29e+05 -8.24e+05 -8.12e+05 -8.79e+05 -6.59e+05 -6.95e+05 -8.05e+05
 -7.502e+07 -7.504e+07 -7.504e+07 -7.504e+07 -7.504e+07 -7.504e+07 -7.505e+07 -7.504e+07 -7.504e+07 -7.504e+07 -7.505e+07 -7.503e+07 -7.503e+07 -7.505e+07 -7.505e+07 -7.503e+07 -7.5e+07 -7.504e+07 -7.504e+07 -7.504e+07
 -3.988e+07 -3.988e+07 -3.989e+07 -3.99e+07 -3.989e+07 -3.99e+07 -3.987e+07 -3.989e+07 -3.988e+07 -3.984e+07 -3.984e+07 -3.989e+07 -3.99e+07 -3.99e+07 -3.989e+07 -3.99e+07 -3.989e+07 -3.988e+07 -3.99e+07 -3.988e+07
 -1.102e+06 -1.034e+06 -1.033e+06 -1.041e+06 -1.064e+06 -1.062e+06 -1.078e+06 -1.067e+06 -1.052e+06 -1.103e+06 -1.153e+06 -1.048e+06 -1.043e+06 -1.068e+06 -1.047e+06 -1.033e+06 -1.114e+06 -9.06e+05 -1.017e+06 -1.018e+06
 -7.75e+05 -8.04e+05 -7.79e+05 -8.02e+05 -8.72e+05 -7.96e+05 -7.84e+05 -7.83e+05 -7.64e+05 -7.82e+05 -7.72e+05 -5.81e+05 -8.72e+05 -7.96e+05 -6.81e+05 -8.28e+05 -7.77e+05 -7.83e+05 -8.27e+05 -7.91e+05
 -2.566e+07 -2.565e+07 -2.565e+07 -2.565e+07 -2.565e+07 -2.566e+07 -2.562e+07 -2.565e+07 -2.565e+07 -2.561e+07 -2.563e+07 -2.565e+07 -2.565e+07 -2.565e+07 -2.565e+07 -2.565e+07 -2.565e+07 -2.565e+07 -2.566e+07 -2.565e+07
 -6.09e+05 -5.81e+05 -5.87e+05 -5.99e+05 -5.88e+05 -5.79e+05 -5.74e+05 -5.87e+05 -5.71e+05 -5.81e+05 -5.68e+05 -4.69e+05 -6.07e+05 -6.03e+05 -5.93e+05 -5.85e+05 -5.56e+05 -5.84e+05 -5.84e+05 -5.88e+05
 -3.476e+07 -3.474e+07 -3.474e+07 -3.473e+07 -3.474e+07 -3.474e+07 -3.474e+07 -3.474e+07 -3.474e+07 -3.474e+07 -3.474e+07 -3.474e+07 -3.475e+07 -3.476e+07 -3.474e+07 -3.475e+07 -3.468e+07 -3.474e+07 -3.473e+07 -3.472e+07
 -9.073e+06 -9.023e+06 -9.065e+06 -9.072e+06 -9.073e+06 -9.081e+06 -9.032e+06 -9.074e+06 -9.056e+06 -9.018e+06 -8.999e+06 -9.058e+06 -9.044e+06 -9.073e+06 -9.086e+06 -9.065e+06 -9.066e+06 -9.06e+06 -9.07e+06 -9.071e+06
 -3.446e+06 -3.329e+06 -3.584e+06 -3.698e+06 -3.454e+06 -3.179e+06 -3.522e+06 -3.477e+06 -3.477e+06 -3.459e+06 -3.453e+06 -3.502e+06 -3.46e+06 -3.438e+06 -3.483e+06 -3.448e+06 -3.516e+06 -3.466e+06 -3.487e+06 -3.369e+06
 -1.089e+07 -1.088e+07 -1.087e+07 -1.072e+07 -1.078e+07 -1.103e+07 -1.082e+07 -1.089e+07 -1.088e+07 -1.088e+07 -1.088e+07 -1.089e+07 -1.088e+07 -1.09e+07 -1.089e+07 -1.089e+07 -1.089e+07 -1.088e+07 -1.09e+07 -1.089e+07
 -3.615e+07 -3.615e+07 -3.615e+07 -3.615e+07 -3.616e+07 -3.615e+07 -3.615e+07 -3.615e+07 -3.615e+07 -3.616e+07 -3.615e+07 -3.616e+07 -3.616e+07 -3.617e+07 -3.615e+07 -3.617e+07 -3.615e+07 -3.617e+07 -3.615e+07 -3.611e+07
 -3.7e+07 -3.698e+07 -3.698e+07 -3.699e+07 -3.699e+07 -3.699e+07 -3.699e+07 -3.699e+07 -3.698e+07 -3.699e+07 -3.698e+07 -3.698e+07 -3.7e+07 -3.7e+07 -3.698e+07 -3.699e+07 -3.699e+07 -3.697e+07 -3.695e+07 -3.698e+07
 -2.228e+07 -2.227e+07 -2.227e+07 -2.227e+07 -2.227e+07 -2.226e+07 -2.227e+07 -2.226e+07 -2.226e+07 -2.227e+07 -2.226e+07 -2.226e+07 -2.227e+07 -2.228e+07 -2.228e+07 -2.227e+07 -2.223e+07 -2.226e+07 -2.226e+07 -2.224e+07
 -2.29e+07 -2.29e+07 -2.29e+07 -2.29e+07 -2.29e+07 -2.29e+07 -2.29e+07 -2.291e+07 -2.29e+07 -2.291e+07 -2.29e+07 -2.29e+07 -2.29e+07 -2.291e+07 -2.29e+07 -2.289e+07 -2.291e+07 -2.286e+07 -2.289e+07 -2.291e+07
 -9.492e+07 -9.493e+07 -9.493e+07 -9.493e+07 -9.493e+07 -9.494e+07 -9.493e+07 -9.493e+07 -9.493e+07 -9.493e+07 -9.493e+07 -9.493e+07 -9.493e+07 -9.492e+07 -9.493e+07 -9.494e+07 -9.495e+07 -9.493e+07 -9.491e+07 -9.491e+07
 -4.88e+07 -4.891e+07 -4.891e+07 -4.89e+07 -4.891e+07 -4.891e+07 -4.891e+07 -4.891e+07 -4.891e+07 -4.891e+07 -4.891e+07 -4.89e+07 -4.892e+07 -4.891e+07 -4.892e+07 -4.896e+07 -4.889e+07 -4.899e+07 -4.892e+07 -4.893e+07
 -4.918e+07 -4.918e+07 -4.918e+07 -4.918e+07 -4.918e+07 -4.918e+07 -4.917e+07 -4.918e+07 -4.917e+07 -4.918e+07 -4.918e+07 -4.917e+07 -4.918e+07 -4.917e+07 -4.918e+07 -4.918e+07 -4.916e+07 -4.918e+07 -4.917e+07 -4.916e+07
 -3.686e+07 -3.687e+07 -3.686e+07 -3.688e+07 -3.676e+07 -3.687e+07 -3.685e+07 -3.686e+07 -3.685e+07 -3.687e+07 -3.685e+07 -3.685e+07 -3.687e+07 -3.687e+07 -3.686e+07 -3.686e+07 -3.687e+07 -3.686e+07 -3.687e+07 -3.682e+07
 -4.05e+07 -4.052e+07 -4.052e+07 -4.053e+07 -4.053e+07 -4.053e+07 -4.052e+07 -4.053e+07 -4.053e+07 -4.053e+07 -4.052e+07 -4.053e+07 -4.052e+07 -4.054e+07 -4.05e+07 -4.054e+07 -4.053e+07 -4.052e+07 -4.055e+07 -4.05e+07
 -8.828e+07 -8.826e+07 -8.83e+07 -8.828e+07 -8.827e+07 -8.826e+07 -8.827e+07 -8.829e+07 -8.828e+07 -8.828e+07 -8.829e+07 -8.828e+07 -8.826e+07 -8.828e+07 -8.827e+07 -8.829e+07 -8.828e+07 -8.828e+07 -8.829e+07 -8.828e+07
 -7.956e+06 -7.934e+06 -7.953e+06 -7.916e+06 -7.957e+06 -7.952e+06 -7.944e+06 -7.944e+06 -7.939e+06 -7.89e+06 -7.907e+06 -7.943e+06 -7.939e+06 -7.957e+06 -7.923e+06 -7.946e+06 -7.936e+06 -7.945e+06 -7.942e+06 -7.951e+06
 -3.697e+06 -3.684e+06 -3.695e+06 -3.685e+06 -3.688e+06 -3.69e+06 -3.67e+06 -3.675e+06 -3.675e+06 -3.56e+06 -3.568e+06 -3.668e+06 -3.714e+06 -3.688e+06 -3.679e+06 -3.679e+06 -3.695e+06 -3.688e+06 -3.71e+06 -3.692e+06
 -9.786e+07 -9.785e+07 -9.786e+07 -9.786e+07 -9.787e+07 -9.786e+07 -9.787e+07 -9.786e+07 -9.786e+07 -9.787e+07 -9.786e+07 -9.787e+07 -9.785e+07 -9.784e+07 -9.786e+07 -9.786e+07 -9.788e+07 -9.787e+07 -9.786e+07 -9.786e+07
 -3.245e+07 -3.246e+07 -3.246e+07 -3.246e+07 -3.246e+07 -3.246e+07 -3.246e+07 -3.246e+07 -3.246e+07 -3.246e+07 -3.246e+07 -3.246e+07 -3.246e+07 -3.246e+07 -3.246e+07 -3.243e+07 -3.246e+07 -3.247e+07 -3.248e+07 -3.241e+07
 -6.325e+07 -6.326e+07 -6.323e+07 -6.317e+07 -6.328e+07 -6.322e+07 -6.326e+07 -6.325e+07 -6.324e+07 -6.325e+07 -6.325e+07 -6.324e+07 -6.322e+07 -6.325e+07 -6.325e+07 -6.325e+07 -6.325e+07 -6.325e+07 -6.325e+07 -6.325e+07
 -9.264e+07 -9.264e+07 -9.264e+07 -9.264e+07 -9.264e+07 -9.262e+07 -9.263e+07 -9.262e+07 -9.263e+07 -9.26e+07 -9.262e+07 -9.264e+07 -9.264e+07 -9.26e+07 -9.262e+07 -9.262e+07 -9.261e+07 -9.263e+07 -9.263e+07 -9.264e+07
 -1.647e+07 -1.647e+07 -1.646e+07 -1.646e+07 -1.646e+07 -1.647e+07 -1.646e+07 -1.645e+07 -1.645e+07 -1.646e+07 -1.646e+07 -1.646e+07 -1.647e+07 -1.647e+07 -1.646e+07 -1.648e+07 -1.636e+07 -1.643e+07 -1.646e+07 -1.645e+07
 -1.136e+07 -1.136e+07 -1.136e+07 -1.137e+07 -1.136e+07 -1.136e+07 -1.134e+07 -1.134e+07 -1.134e+07 -1.127e+07 -1.126e+07 -1.135e+07 -1.136e+07 -1.136e+07 -1.134e+07 -1.136e+07 -1.135e+07 -1.136e+07 -1.135e+07 -1.133e+07
 -1.218e+07 -1.213e+07 -1.213e+07 -1.213e+07 -1.213e+07 -1.213e+07 -1.212e+07 -1.213e+07 -1.213e+07 -1.212e+07 -1.212e+07 -1.212e+07 -1.213e+07 -1.213e+07 -1.212e+07 -1.204e+07 -1.212e+07 -1.213e+07 -1.213e+07 -1.204e+07
 -4.363e+07 -4.362e+07 -4.362e+07 -4.362e+07 -4.362e+07 -4.363e+07 -4.363e+07 -4.363e+07 -4.362e+07 -4.362e+07 -4.362e+07 -4.362e+07 -4.36e+07 -4.363e+07 -4.362e+07 -4.363e+07 -4.36e+07 -4.362e+07 -4.361e+07 -4.362e+07
 -3.423e+06 -3.428e+06 -3.425e+06 -3.421e+06 -3.403e+06 -3.438e+06 -3.376e+06 -3.409e+06 -3.403e+06 -3.285e+06 -3.392e+06 -3.411e+06 -3.43e+06 -3.421e+06 -3.413e+06 -3.414e+06 -3.424e+06 -3.406e+06 -3.415e+06 -3.403e+06
