# Created by Octave 5.2.0, Thu Sep 24 20:06:28 2020 CEST <jiwidi@land>
# name: w
# type: matrix
# rows: 101
# columns: 20
 -1.323e+07 -1.322e+07 -1.323e+07 -1.322e+07 -1.322e+07 -1.323e+07 -1.323e+07 -1.324e+07 -1.325e+07 -1.323e+07 -1.324e+07 -1.324e+07 -1.322e+07 -1.323e+07 -1.323e+07 -1.322e+07 -1.323e+07 -1.324e+07 -1.323e+07 -1.324e+07
 -1.087e+06 -1.076e+06 -1.076e+06 -1.076e+06 -1.076e+06 -1.074e+06 -1.073e+06 -1.078e+06 -1.077e+06 -1.076e+06 -1.074e+06 -1.064e+06 -1.08e+06 -1.085e+06 -1.072e+06 -1.077e+06 -1.057e+06 -1.077e+06 -1.053e+06 -1.077e+06
 -2.185e+05 -2.212e+05 -2.154e+05 -2.133e+05 -2.222e+05 -2.131e+05 -2.112e+05 -2.116e+05 -2.1e+05 -2.092e+05 -2.123e+05 -1.614e+05 -2.097e+05 -2.247e+05 -2.159e+05 -2.114e+05 -1.966e+05 -1.997e+05 -2.255e+05 -2.141e+05
 -2.851e+05 -2.676e+05 -2.64e+05 -2.604e+05 -2.672e+05 -2.683e+05 -2.741e+05 -2.856e+05 -2.688e+05 -2.729e+05 -2.702e+05 -2.721e+05 -2.641e+05 -2.73e+05 -2.594e+05 -2.633e+05 -2.054e+05 -2.787e+05 -2.497e+05 -2.704e+05
 -6.458e+04 -5.554e+04 -5.596e+04 -5.762e+04 -5.723e+04 -5.358e+04 -5.249e+04 -5.679e+04 -5.149e+04 -5.706e+04 -5.193e+04 -5.77e+04 -6.107e+04 -6.098e+04 -5.655e+04 -5.823e+04 -6.47e+04 910 -6980 -5.798e+04
 -9.041e+05 -9.09e+05 -9.074e+05 -9.077e+05 -9.07e+05 -9.084e+05 -9.1e+05 -9.064e+05 -9.066e+05 -9.082e+05 -9.086e+05 -8.985e+05 -9.009e+05 -9.108e+05 -9.097e+05 -9.085e+05 -8.992e+05 -9.089e+05 -8.967e+05 -9.057e+05
 -4.925e+05 -5.032e+05 -5.052e+05 -4.998e+05 -5.023e+05 -5.014e+05 -4.856e+05 -5.01e+05 -4.949e+05 -4.614e+05 -4.568e+05 -5.014e+05 -5.02e+05 -5.054e+05 -5.025e+05 -5.091e+05 -5.008e+05 -4.993e+05 -5.041e+05 -4.941e+05
 -7.266e+04 -6.425e+04 -6.372e+04 -6.481e+04 -6.511e+04 -6.385e+04 -6.335e+04 -6.587e+04 -5.822e+04 -7.113e+04 -6.887e+04 -6.316e+04 -6.589e+04 -6.62e+04 -6.45e+04 -6.26e+04 -7.803e+04 4.489e+04 -5.637e+04 -5.467e+04
 -6.398e+04 -5.316e+04 -5.296e+04 -6.217e+04 -6.55e+04 -5.201e+04 -5.045e+04 -4.953e+04 -5.076e+04 -5.081e+04 -4.824e+04 6.749e+04 -7.994e+04 -5.852e+04 -2.959e+04 -5.767e+04 -6.025e+04 -5.433e+04 -8.21e+04 -5.528e+04
 -3.518e+05 -3.435e+05 -3.416e+05 -3.429e+05 -3.411e+05 -3.437e+05 -3.231e+05 -3.434e+05 -3.421e+05 -3.172e+05 -3.223e+05 -3.414e+05 -3.356e+05 -3.436e+05 -3.415e+05 -3.449e+05 -3.454e+05 -3.394e+05 -3.5e+05 -3.457e+05
 -3.136e+04 -2.833e+04 -2.783e+04 -3.098e+04 -3.267e+04 -3.007e+04 -2.764e+04 -2.848e+04 -2.699e+04 -2.878e+04 -2.691e+04 3.088e+04 -3.776e+04 -2.895e+04 -2.932e+04 -2.938e+04 -2.779e+04 -2.844e+04 -2.953e+04 -3.23e+04
 -4.74e+05 -4.621e+05 -4.621e+05 -4.634e+05 -4.647e+05 -4.583e+05 -4.569e+05 -4.633e+05 -4.568e+05 -4.629e+05 -4.594e+05 -4.598e+05 -4.688e+05 -4.705e+05 -4.613e+05 -4.671e+05 -4.169e+05 -4.585e+05 -4.599e+05 -4.378e+05
 -1.56e+05 -1.329e+05 -1.523e+05 -1.567e+05 -1.627e+05 -1.535e+05 -1.295e+05 -1.542e+05 -1.483e+05 -1.156e+05 -1.046e+05 -1.481e+05 -1.46e+05 -1.583e+05 -1.65e+05 -1.517e+05 -1.518e+05 -1.505e+05 -1.572e+05 -1.497e+05
 -9.777e+04 -6.7e+04 -1.013e+05 -1.004e+05 -8.611e+04 4.072e+04 -8.212e+04 -8.046e+04 -7.76e+04 -8.262e+04 -7.664e+04 -8.521e+04 -9.025e+04 -8.23e+04 -8.699e+04 -9.867e+04 -8.257e+04 -8.011e+04 -9.953e+04 -7.12e+04
 -1.863e+05 -1.97e+05 -1.884e+05 -1.378e+05 -1.569e+05 -1.872e+05 -1.686e+05 -1.866e+05 -1.836e+05 -1.807e+05 -1.843e+05 -1.817e+05 -1.926e+05 -1.858e+05 -1.818e+05 -1.859e+05 -1.866e+05 -1.826e+05 -1.887e+05 -1.851e+05
 -4.546e+05 -4.636e+05 -4.624e+05 -4.663e+05 -4.648e+05 -4.636e+05 -4.645e+05 -4.634e+05 -4.647e+05 -4.65e+05 -4.626e+05 -4.652e+05 -4.668e+05 -4.698e+05 -4.667e+05 -4.78e+05 -4.679e+05 -4.68e+05 -4.554e+05 -4.45e+05
 -4.949e+05 -4.909e+05 -4.952e+05 -4.952e+05 -4.969e+05 -4.923e+05 -4.915e+05 -4.906e+05 -4.909e+05 -4.932e+05 -4.9e+05 -4.875e+05 -5.019e+05 -4.957e+05 -4.922e+05 -4.944e+05 -4.891e+05 -4.803e+05 -4.67e+05 -4.876e+05
 -2.933e+05 -2.901e+05 -2.903e+05 -2.948e+05 -2.921e+05 -2.86e+05 -2.892e+05 -2.88e+05 -2.847e+05 -2.894e+05 -2.831e+05 -2.876e+05 -2.881e+05 -2.922e+05 -2.931e+05 -2.926e+05 -2.534e+05 -2.914e+05 -2.801e+05 -2.62e+05
 -3.14e+05 -3.114e+05 -3.126e+05 -3.12e+05 -3.142e+05 -3.106e+05 -3.086e+05 -3.127e+05 -3.104e+05 -3.181e+05 -3.084e+05 -3.147e+05 -3.123e+05 -3.14e+05 -3.128e+05 -3.062e+05 -3.173e+05 -2.617e+05 -3.044e+05 -3.065e+05
 -1.247e+06 -1.259e+06 -1.26e+06 -1.261e+06 -1.261e+06 -1.259e+06 -1.258e+06 -1.26e+06 -1.259e+06 -1.261e+06 -1.26e+06 -1.26e+06 -1.26e+06 -1.251e+06 -1.261e+06 -1.263e+06 -1.273e+06 -1.26e+06 -1.25e+06 -1.24e+06
 -6.627e+05 -6.703e+05 -6.701e+05 -6.717e+05 -6.724e+05 -6.696e+05 -6.692e+05 -6.707e+05 -6.707e+05 -6.737e+05 -6.682e+05 -6.703e+05 -6.709e+05 -6.744e+05 -6.713e+05 -6.687e+05 -6.669e+05 -6.801e+05 -6.731e+05 -6.597e+05
 -6.508e+05 -6.389e+05 -6.36e+05 -6.374e+05 -6.393e+05 -6.383e+05 -6.348e+05 -6.336e+05 -6.342e+05 -6.401e+05 -6.353e+05 -6.355e+05 -6.403e+05 -6.295e+05 -6.377e+05 -6.348e+05 -6.237e+05 -6.349e+05 -6.236e+05 -6.329e+05
 -5.4e+05 -5.461e+05 -5.415e+05 -5.629e+05 -4.663e+05 -5.476e+05 -5.349e+05 -5.417e+05 -5.375e+05 -5.449e+05 -5.344e+05 -5.285e+05 -5.358e+05 -5.363e+05 -5.396e+05 -5.492e+05 -5.535e+05 -5.429e+05 -5.498e+05 -5.063e+05
 -5.254e+05 -5.442e+05 -5.486e+05 -5.491e+05 -5.522e+05 -5.499e+05 -5.455e+05 -5.479e+05 -5.456e+05 -5.504e+05 -5.498e+05 -5.522e+05 -5.403e+05 -5.543e+05 -5.151e+05 -5.528e+05 -5.541e+05 -5.418e+05 -5.583e+05 -5.321e+05
 -1.099e+06 -1.081e+06 -1.102e+06 -1.079e+06 -1.082e+06 -1.083e+06 -1.087e+06 -1.095e+06 -1.095e+06 -1.097e+06 -1.097e+06 -1.096e+06 -1.083e+06 -1.089e+06 -1.083e+06 -1.092e+06 -1.096e+06 -1.094e+06 -1.099e+06 -1.097e+06
 -1.384e+05 -1.263e+05 -1.286e+05 -1.05e+05 -1.394e+05 -1.291e+05 -1.262e+05 -1.265e+05 -1.237e+05 -8.849e+04 -8.93e+04 -1.272e+05 -1.255e+05 -1.348e+05 -1.145e+05 -1.288e+05 -1.21e+05 -1.273e+05 -1.383e+05 -1.354e+05
 -1.21e+05 -1.171e+05 -1.157e+05 -1.134e+05 -1.216e+05 -1.128e+05 -1.073e+05 -1.109e+05 -1.12e+05 -3.259e+04 -3.68e+04 -1.091e+05 -1.261e+05 -1.164e+05 -1.17e+05 -1.126e+05 -1.184e+05 -1.14e+05 -1.259e+05 -1.212e+05
 -1.193e+06 -1.192e+06 -1.191e+06 -1.193e+06 -1.195e+06 -1.192e+06 -1.196e+06 -1.197e+06 -1.194e+06 -1.197e+06 -1.197e+06 -1.192e+06 -1.178e+06 -1.187e+06 -1.194e+06 -1.194e+06 -1.196e+06 -1.193e+06 -1.195e+06 -1.193e+06
 -4.519e+05 -4.722e+05 -4.72e+05 -4.683e+05 -4.718e+05 -4.713e+05 -4.699e+05 -4.716e+05 -4.697e+05 -4.746e+05 -4.694e+05 -4.729e+05 -4.72e+05 -4.746e+05 -4.733e+05 -4.458e+05 -4.736e+05 -4.7e+05 -4.904e+05 -4.337e+05
 -8.482e+05 -8.41e+05 -8.369e+05 -7.945e+05 -8.572e+05 -8.314e+05 -8.45e+05 -8.43e+05 -8.394e+05 -8.437e+05 -8.425e+05 -8.466e+05 -8.235e+05 -8.372e+05 -8.398e+05 -8.434e+05 -8.438e+05 -8.42e+05 -8.445e+05 -8.415e+05
 -1.231e+06 -1.224e+06 -1.226e+06 -1.225e+06 -1.224e+06 -1.217e+06 -1.221e+06 -1.214e+06 -1.22e+06 -1.196e+06 -1.219e+06 -1.222e+06 -1.224e+06 -1.202e+06 -1.213e+06 -1.218e+06 -1.217e+06 -1.218e+06 -1.223e+06 -1.23e+06
 -2.471e+05 -2.405e+05 -2.414e+05 -2.424e+05 -2.384e+05 -2.405e+05 -2.366e+05 -2.443e+05 -2.336e+05 -2.42e+05 -2.359e+05 -2.413e+05 -2.487e+05 -2.509e+05 -2.422e+05 -2.557e+05 -1.61e+05 -2.218e+05 -2.427e+05 -2.318e+05
 -2.112e+05 -2.089e+05 -2.056e+05 -2.139e+05 -2.109e+05 -2.094e+05 -2.018e+05 -2.025e+05 -2.017e+05 -1.472e+05 -1.421e+05 -2.048e+05 -2.165e+05 -2.08e+05 -1.957e+05 -2.104e+05 -2.092e+05 -2.017e+05 -2.156e+05 -1.948e+05
 -1.991e+05 -1.818e+05 -1.809e+05 -1.806e+05 -1.809e+05 -1.793e+05 -1.791e+05 -1.792e+05 -1.765e+05 -1.77e+05 -1.786e+05 -1.808e+05 -1.813e+05 -1.811e+05 -1.851e+05 -1.296e+05 -1.818e+05 -1.91e+05 -1.983e+05 -1.398e+05
 -5.5e+05 -5.438e+05 -5.447e+05 -5.44e+05 -5.447e+05 -5.463e+05 -5.45e+05 -5.433e+05 -5.465e+05 -5.432e+05 -5.444e+05 -5.477e+05 -5.376e+05 -5.438e+05 -5.461e+05 -5.41e+05 -5.281e+05 -5.466e+05 -5.422e+05 -5.485e+05
 -1.102e+05 -1.034e+05 -9.974e+04 -1.056e+05 -9.855e+04 -9.928e+04 -8.075e+04 -9.875e+04 -9.176e+04 -2240 -8.542e+04 -1.005e+05 -1.117e+05 -1.046e+05 -1.015e+05 -1.025e+05 -1.08e+05 -9.706e+04 -1.103e+05 -9.632e+04
