# Created by Octave 5.2.0, Thu Sep 24 17:09:40 2020 CEST <jiwidi@land>
# name: w
# type: matrix
# rows: 101
# columns: 20
 -1.008e+05 -1.008e+05 -1.008e+05 -1.008e+05 -1.008e+05 -1.008e+05 -1.008e+05 -1.008e+05 -1.008e+05 -1.008e+05 -1.008e+05 -1.008e+05 -1.008e+05 -1.008e+05 -1.008e+05 -1.008e+05 -1.008e+05 -1.008e+05 -1.008e+05 -1.008e+05
 -8351 -8349 -8349 -8350 -8349 -8349 -8349 -8349 -8349 -8349 -8349 -8348 -8350 -8351 -8349 -8349 -8349 -8349 -8345 -8350
 -1636 -1635 -1633 -1633 -1634 -1634 -1633 -1633 -1634 -1633 -1633 -1625 -1632 -1635 -1635 -1633 -1634 -1631 -1635 -1635
 -1591 -1588 -1589 -1587 -1588 -1597 -1589 -1591 -1588 -1589 -1588 -1589 -1588 -1590 -1588 -1588 -1579 -1590 -1584 -1588
 -80.4 -83.8 -84.4 -84.9 -84.1 -82.3 -83 -84.7 -83.6 -84 -82.3 -84.7 -86.6 -82.9 -83 -81.5 -88 -65.9 -69.9 -80.6
 -7505 -7505 -7506 -7506 -7506 -7505 -7506 -7506 -7506 -7505 -7506 -7504 -7504 -7506 -7506 -7505 -7504 -7506 -7504 -7506
 -3995 -3996 -3996 -3997 -3996 -3997 -3994 -3996 -3996 -3992 -3992 -3996 -3997 -3997 -3997 -3997 -3997 -3996 -3997 -3996
 -112 -104 -104 -105.1 -107.9 -107.5 -109.2 -107.7 -106.3 -111.4 -116.1 -106 -105 -107.9 -106 -104.4 -112.2 -91.5 -102.8 -103
 -77 -79.5 -77.1 -79.4 -87.3 -78.6 -78 -77.6 -76.1 -77.4 -76.5 -57.2 -87.1 -79 -67.5 -81.7 -77.1 -77.5 -82.4 -78.2
 -2567 -2567 -2567 -2567 -2567 -2569 -2564 -2567 -2567 -2563 -2566 -2567 -2567 -2568 -2567 -2567 -2567 -2567 -2568 -2567
 -60.9 -58.3 -59.1 -60.4 -58.7 -58.4 -57.7 -59.1 -57.8 -58.2 -57.3 -47 -60.8 -60.5 -59.4 -59 -55.6 -58.7 -58.9 -59.2
 -3471 -3469 -3469 -3469 -3469 -3469 -3469 -3469 -3469 -3469 -3469 -3470 -3471 -3472 -3470 -3470 -3464 -3470 -3468 -3467
 -908.3 -903.7 -907.7 -908.6 -908.7 -909.4 -904.8 -908.7 -906.7 -903.1 -901.3 -907 -905.2 -909.1 -909.8 -908 -907.7 -907.6 -908.4 -908.1
 -350.3 -337.6 -362 -376.3 -350.9 -323 -356.1 -354 -353.8 -351.5 -352.1 -356.4 -351.1 -349.8 -353.8 -351.2 -356.5 -353 -354.7 -341.8
 -1086 -1084 -1082 -1068 -1075 -1101 -1079 -1087 -1086 -1086 -1086 -1086 -1085 -1087 -1087 -1087 -1087 -1086 -1086 -1087
 -3610 -3610 -3610 -3610 -3610 -3611 -3611 -3611 -3610 -3610 -3610 -3611 -3611 -3611 -3610 -3612 -3609 -3612 -3609 -3605
 -3699 -3699 -3699 -3699 -3699 -3699 -3699 -3698 -3699 -3699 -3699 -3698 -3700 -3700 -3698 -3699 -3699 -3697 -3696 -3698
 -2227 -2226 -2226 -2226 -2226 -2225 -2226 -2225 -2225 -2226 -2225 -2226 -2227 -2227 -2227 -2226 -2222 -2226 -2225 -2222
 -2291 -2291 -2291 -2291 -2291 -2291 -2291 -2291 -2291 -2292 -2291 -2291 -2291 -2292 -2291 -2290 -2293 -2287 -2289 -2292
 -9500 -9500 -9501 -9501 -9500 -9501 -9501 -9501 -9501 -9501 -9501 -9501 -9500 -9499 -9501 -9502 -9503 -9500 -9499 -9498
 -4898 -4908 -4908 -4908 -4908 -4908 -4908 -4908 -4908 -4908 -4907 -4908 -4908 -4909 -4908 -4906 -4907 -4915 -4908 -4909
 -4907 -4907 -4906 -4907 -4907 -4906 -4906 -4906 -4906 -4906 -4906 -4906 -4907 -4905 -4906 -4906 -4904 -4907 -4905 -4904
 -3687 -3688 -3687 -3689 -3677 -3688 -3686 -3687 -3687 -3688 -3686 -3686 -3688 -3688 -3687 -3688 -3688 -3687 -3688 -3683
 -4053 -4055 -4055 -4056 -4056 -4056 -4056 -4056 -4056 -4056 -4055 -4056 -4055 -4057 -4052 -4056 -4056 -4055 -4058 -4053
 -8818 -8815 -8820 -8817 -8817 -8815 -8817 -8818 -8818 -8818 -8819 -8818 -8816 -8817 -8816 -8817 -8817 -8818 -8819 -8818
 -799.3 -797.1 -798.7 -794.6 -799.7 -798.4 -797.9 -798 -797.5 -792.4 -794.3 -797.8 -797.9 -799.2 -795.6 -798.1 -797.3 -797.9 -797.7 -798.6
 -369.5 -368.3 -369.1 -368.2 -368.4 -368.6 -366.9 -367.2 -367.2 -355.8 -356.4 -366.3 -370.9 -368.5 -367.3 -367.7 -369.4 -368.1 -370.3 -369.3
 -9771 -9771 -9771 -9771 -9772 -9771 -9772 -9772 -9771 -9772 -9772 -9772 -9770 -9770 -9772 -9772 -9772 -9771 -9771 -9772
 -3237 -3239 -3239 -3238 -3240 -3239 -3239 -3239 -3239 -3239 -3239 -3240 -3239 -3240 -3239 -3237 -3239 -3240 -3242 -3234
 -6319 -6320 -6317 -6311 -6322 -6317 -6320 -6319 -6318 -6319 -6318 -6318 -6317 -6319 -6319 -6319 -6319 -6319 -6319 -6319
 -9249 -9249 -9249 -9248 -9248 -9247 -9247 -9247 -9248 -9245 -9247 -9249 -9248 -9245 -9247 -9247 -9246 -9248 -9248 -9249
 -1649 -1648 -1648 -1649 -1648 -1649 -1648 -1648 -1647 -1648 -1647 -1648 -1650 -1649 -1648 -1650 -1639 -1645 -1648 -1647
 -1141 -1140 -1140 -1141 -1140 -1141 -1139 -1139 -1138 -1132 -1130 -1140 -1141 -1140 -1138 -1140 -1139 -1140 -1139 -1138
 -1218 -1213 -1212 -1213 -1212 -1212 -1213 -1213 -1213 -1212 -1212 -1213 -1213 -1212 -1212 -1205 -1212 -1214 -1212 -1204
 -4363 -4362 -4362 -4362 -4362 -4362 -4362 -4362 -4362 -4362 -4362 -4363 -4361 -4363 -4363 -4362 -4359 -4362 -4361 -4362
 -342 -342.5 -341.9 -342.1 -340.5 -343.3 -337.8 -340.8 -340.1 -328.3 -338.7 -340.5 -342.8 -342 -341 -341.1 -342 -340.1 -341.3 -340.2
 -659.7 -664.4 -660.2 -660.1 -654.2 -668.6 -639.3 -657.6 -659.5 -660.1 -660 -665.3 -661.5 -655.3 -658 -658.5 -657.3 -659.9 -659.7 -659.7
 -1451 -1452 -1452 -1451 -1451 -1446 -1451 -1449 -1451 -1451 -1451 -1447 -1453 -1452 -1451 -1451 -1451 -1451 -1451 -1453
 -4.9 -3.9 -3.9 -4.5 -4.1 -4.6 -3.4 -7.1 -2.9 -4.4 -2.9 -3.5 -5.1 -4.8 -4.3 -5.8 -9 8.3 0.7 -6.8
 -3.4 -2.5 -2.3 -3.7 -3.8 -5.8 -1 -3.9 -1.7 -17.9 11.2 -2 -3.4 -9.3 -6 -6 -6.7 -2 -1.5 -1.8
 -3686 -3685 -3687 -3686 -3685 -3683 -3686 -3687 -3686 -3687 -3686 -3687 -3685 -3684 -3678 -3686 -3686 -3686 -3687 -3688
 -526.5 -528.1 -526 -526.9 -526.9 -525.6 -524.7 -526.3 -524.3 -515.9 -517.1 -525.2 -526.1 -524.5 -521.1 -526.5 -525.4 -525.1 -528.7 -526.4
 -4530 -4530 -4530 -4530 -4530 -4530 -4528 -4519 -4527 -4530 -4529 -4530 -4526 -4531 -4530 -4530 -4531 -4529 -4530 -4528
 -1.42e+04 -1.42e+04 -1.42e+04 -1.42e+04 -1.42e+04 -1.42e+04 -1.42e+04 -1.42e+04 -1.42e+04 -1.42e+04 -1.42e+04 -1.42e+04 -1.42e+04 -1.42e+04 -1.42e+04 -1.419e+04 -1.42e+04 -1.42e+04 -1.42e+04 -1.42e+04
 -2427 -2427 -2428 -2428 -2428 -2428 -2427 -2428 -2428 -2428 -2427 -2427 -2428 -2428 -2428 -2422 -2430 -2428 -2426 -2428
 -3494 -3493 -3493 -3495 -3494 -3494 -3494 -3494 -3494 -3493 -3489 -3493 -3493 -3492 -3495 -3494 -3496 -3494 -3493 -3494
 -104 -110.4 -113.2 -105.1 -108 -120.6 -110.3 -106.7 -105.1 -105.3 -105.9 -83.5 -98.3 -103.1 -106.8 -102.6 -97.3 -105.7 -102.5 -104.4
 -7.705e+04 -7.705e+04 -7.705e+04 -7.705e+04 -7.705e+04 -7.705e+04 -7.705e+04 -7.705e+04 -7.705e+04 -7.705e+04 -7.705e+04 -7.705e+04 -7.705e+04 -7.705e+04 -7.704e+04 -7.705e+04 -7.705e+04 -7.705e+04 -7.704e+04 -7.704e+04
 12.7 -10.5 -11.3 -13.6 -13.3 -9.4 -9.6 -34.7 -14.1 -11.2 -10.1 -11.5 -20.1 -29 -20.2 -15.5 -12.9 -12 -32.4 11.5
 -96.8 -107.8 -104.8 -103.2 -98.6 -105.3 -103.1 -102 -101.6 -102.9 -101.4 -103 -105.4 -103.6 -85.5 -105.9 -107.1 -102.5 -105.7 -103.2
 -1752 -1751 -1751 -1752 -1752 -1752 -1751 -1751 -1751 -1751 -1751 -1751 -1752 -1752 -1752 -1747 -1752 -1752 -1753 -1749
 -89.9 -88.8 -88.3 -89.7 -88.5 -89.2 -89.6 -88.7 -88.5 -89.2 -88.5 -89.5 -90.2 -89.2 -90.8 -89.8 -92 -81.8 -91.3 -90.2
 -57.7 -8.7 -8.6 -9.6 -10.1 -8.5 -7.7 -8.2 -7.7 -7.8 -8.1 -10.9 -7.8 -10.1 -5.4 95.3 -11.8 -7 -7.5 -75.9
 -3985 -3988 -3989 -3989 -3989 -3989 -3988 -3988 -3989 -3989 -3988 -3989 -3988 -3990 -3989 -3990 -3989 -3989 -3990 -3986
 -643.3 -638.2 -638.2 -637.8 -637.7 -636.1 -638.6 -638.2 -638.7 -638.1 -637.8 -640 -637.8 -638.7 -636.1 -627.5 -638.6 -641.3 -638.3 -631.6
 -4211 -4214 -4214 -4214 -4214 -4214 -4215 -4214 -4214 -4215 -4215 -4213 -4214 -4214 -4213 -4214 -4214 -4212 -4210 -4214
 -3561 -3564 -3564 -3564 -3564 -3564 -3564 -3565 -3564 -3565 -3564 -3565 -3565 -3564 -3565 -3565 -3565 -3562 -3564 -3564
 -4070 -4066 -4068 -4070 -4072 -4069 -4073 -4071 -4070 -4070 -4070 -4070 -4071 -4071 -4071 -4071 -4074 -4070 -4071 -4070
 -503.8 -513.1 -512.2 -513.1 -512.8 -512.3 -512.2 -512.5 -512 -512.7 -512.3 -511.8 -512.4 -512.7 -512.9 -511.7 -513.4 -501.2 -514.6 -514.1
 -314.4 -311.1 -309.8 -311.3 -311.1 -308 -308.5 -307.8 -295.8 -312.7 -312.1 -310.6 -311.9 -312.9 -309.2 -311.3 -312.7 -311.1 -309.8 -310.5
 -362.8 -350.7 -366.7 -367.7 -367.6 -369.4 -365.6 -365.4 -364.9 -365.4 -364.7 -355.6 -368 -367.2 -364.3 -365.8 -368.4 -365.5 -367.2 -366.2
