# Created by Octave 5.2.0, Thu Sep 24 18:21:36 2020 CEST <jiwidi@land>
# name: w
# type: matrix
# rows: 101
# columns: 20
 -6.441e+05 -6.441e+05 -6.441e+05 -6.441e+05 -6.441e+05 -6.441e+05 -6.441e+05 -6.441e+05 -6.441e+05 -6.441e+05 -6.441e+05 -6.441e+05 -6.441e+05 -6.441e+05 -6.441e+05 -6.441e+05 -6.441e+05 -6.441e+05 -6.441e+05 -6.441e+05
 -6.224e+04 -6.223e+04 -6.223e+04 -6.223e+04 -6.223e+04 -6.223e+04 -6.223e+04 -6.223e+04 -6.223e+04 -6.223e+04 -6.223e+04 -6.223e+04 -6.223e+04 -6.223e+04 -6.223e+04 -6.223e+04 -6.224e+04 -6.223e+04 -6.221e+04 -6.223e+04
 -1.13e+04 -1.13e+04 -1.13e+04 -1.13e+04 -1.13e+04 -1.13e+04 -1.13e+04 -1.13e+04 -1.13e+04 -1.13e+04 -1.13e+04 -1.128e+04 -1.13e+04 -1.131e+04 -1.13e+04 -1.13e+04 -1.13e+04 -1.129e+04 -1.13e+04 -1.13e+04
 -1.164e+04 -1.172e+04 -1.172e+04 -1.163e+04 -1.167e+04 -1.174e+04 -1.164e+04 -1.164e+04 -1.164e+04 -1.163e+04 -1.163e+04 -1.163e+04 -1.163e+04 -1.163e+04 -1.164e+04 -1.164e+04 -1.154e+04 -1.164e+04 -1.162e+04 -1.163e+04
 -617 -613 -610 -614 -610 -606 -607 -617 -613 -607 -610 -610 -614 -610 -610 -606 -627 -572 -581 -617
 -5.462e+04 -5.463e+04 -5.463e+04 -5.462e+04 -5.462e+04 -5.463e+04 -5.462e+04 -5.462e+04 -5.462e+04 -5.462e+04 -5.462e+04 -5.462e+04 -5.462e+04 -5.463e+04 -5.462e+04 -5.462e+04 -5.462e+04 -5.462e+04 -5.462e+04 -5.463e+04
 -2.742e+04 -2.743e+04 -2.743e+04 -2.743e+04 -2.743e+04 -2.744e+04 -2.742e+04 -2.743e+04 -2.742e+04 -2.741e+04 -2.742e+04 -2.742e+04 -2.743e+04 -2.743e+04 -2.743e+04 -2.743e+04 -2.743e+04 -2.742e+04 -2.743e+04 -2.742e+04
 -533 -504 -505 -510 -509 -596 -516 -516 -512 -527 -525 -516 -510 -524 -514 -498 -535 -466 -493 -493
 -665 -698 -656 -676 -729 -712 -665 -676 -674 -670 -672 -607 -715 -678 -637 -738 -675 -695 -741 -690
 -1.682e+04 -1.683e+04 -1.683e+04 -1.682e+04 -1.683e+04 -1.683e+04 -1.682e+04 -1.682e+04 -1.682e+04 -1.682e+04 -1.682e+04 -1.682e+04 -1.682e+04 -1.683e+04 -1.682e+04 -1.682e+04 -1.683e+04 -1.683e+04 -1.683e+04 -1.683e+04
 -294 -279 -283 -331 -292 -276 -283 -302 -291 -282 -286 -253 -373 -295 -296 -285 -276 -292 -275 -296
 -2.415e+04 -2.413e+04 -2.414e+04 -2.414e+04 -2.414e+04 -2.414e+04 -2.414e+04 -2.414e+04 -2.414e+04 -2.414e+04 -2.414e+04 -2.414e+04 -2.414e+04 -2.414e+04 -2.414e+04 -2.415e+04 -2.412e+04 -2.415e+04 -2.412e+04 -2.413e+04
 -6446 -6433 -6444 -6445 -6442 -6448 -6440 -6445 -6443 -6429 -6435 -6439 -6426 -6445 -6446 -6442 -6440 -6442 -6445 -6444
 -4720 -4615 -4758 -4834 -4717 -4499 -4742 -4748 -4732 -4731 -4725 -4733 -4707 -4725 -4724 -4735 -4720 -4732 -4722 -4659
 -9099 -9047 -9054 -8979 -9028 -9495 -9033 -9103 -9099 -9099 -9099 -9099 -9079 -9095 -9095 -9097 -9111 -9097 -9100 -9105
 -2.621e+04 -2.62e+04 -2.62e+04 -2.62e+04 -2.62e+04 -2.62e+04 -2.621e+04 -2.62e+04 -2.62e+04 -2.621e+04 -2.62e+04 -2.62e+04 -2.621e+04 -2.621e+04 -2.62e+04 -2.622e+04 -2.621e+04 -2.621e+04 -2.621e+04 -2.618e+04
 -2.881e+04 -2.88e+04 -2.881e+04 -2.881e+04 -2.88e+04 -2.881e+04 -2.881e+04 -2.881e+04 -2.88e+04 -2.881e+04 -2.881e+04 -2.881e+04 -2.881e+04 -2.881e+04 -2.88e+04 -2.88e+04 -2.881e+04 -2.88e+04 -2.879e+04 -2.881e+04
 -1.636e+04 -1.637e+04 -1.638e+04 -1.636e+04 -1.636e+04 -1.637e+04 -1.636e+04 -1.636e+04 -1.636e+04 -1.636e+04 -1.635e+04 -1.636e+04 -1.636e+04 -1.636e+04 -1.636e+04 -1.636e+04 -1.634e+04 -1.636e+04 -1.637e+04 -1.635e+04
 -1.526e+04 -1.526e+04 -1.527e+04 -1.527e+04 -1.526e+04 -1.526e+04 -1.527e+04 -1.527e+04 -1.527e+04 -1.527e+04 -1.526e+04 -1.527e+04 -1.526e+04 -1.527e+04 -1.527e+04 -1.526e+04 -1.528e+04 -1.526e+04 -1.526e+04 -1.527e+04
 -6.442e+04 -6.442e+04 -6.442e+04 -6.442e+04 -6.442e+04 -6.442e+04 -6.442e+04 -6.441e+04 -6.442e+04 -6.441e+04 -6.442e+04 -6.442e+04 -6.441e+04 -6.441e+04 -6.442e+04 -6.442e+04 -6.442e+04 -6.441e+04 -6.442e+04 -6.441e+04
 -3.915e+04 -3.915e+04 -3.915e+04 -3.915e+04 -3.915e+04 -3.915e+04 -3.915e+04 -3.915e+04 -3.915e+04 -3.915e+04 -3.915e+04 -3.915e+04 -3.915e+04 -3.915e+04 -3.915e+04 -3.914e+04 -3.915e+04 -3.915e+04 -3.915e+04 -3.912e+04
 -3.274e+04 -3.274e+04 -3.274e+04 -3.274e+04 -3.274e+04 -3.275e+04 -3.274e+04 -3.275e+04 -3.274e+04 -3.274e+04 -3.274e+04 -3.274e+04 -3.275e+04 -3.275e+04 -3.274e+04 -3.274e+04 -3.274e+04 -3.274e+04 -3.274e+04 -3.273e+04
 -2.548e+04 -2.549e+04 -2.548e+04 -2.549e+04 -2.546e+04 -2.548e+04 -2.548e+04 -2.548e+04 -2.548e+04 -2.548e+04 -2.548e+04 -2.548e+04 -2.548e+04 -2.548e+04 -2.548e+04 -2.548e+04 -2.548e+04 -2.548e+04 -2.548e+04 -2.547e+04
 -2.853e+04 -2.854e+04 -2.854e+04 -2.854e+04 -2.854e+04 -2.854e+04 -2.854e+04 -2.854e+04 -2.854e+04 -2.854e+04 -2.854e+04 -2.854e+04 -2.854e+04 -2.854e+04 -2.853e+04 -2.854e+04 -2.854e+04 -2.854e+04 -2.854e+04 -2.853e+04
 -6.68e+04 -6.678e+04 -6.681e+04 -6.681e+04 -6.681e+04 -6.679e+04 -6.68e+04 -6.68e+04 -6.68e+04 -6.68e+04 -6.68e+04 -6.68e+04 -6.68e+04 -6.679e+04 -6.68e+04 -6.68e+04 -6.682e+04 -6.68e+04 -6.68e+04 -6.68e+04
 -6052 -6049 -6055 -6044 -6054 -6047 -6051 -6048 -6049 -6049 -6037 -6051 -6051 -6048 -6044 -6048 -6043 -6050 -6047 -6052
 -2381 -2389 -2387 -2384 -2382 -2398 -2377 -2375 -2379 -2352 -2352 -2376 -2385 -2380 -2376 -2373 -2378 -2381 -2383 -2382
 -7.658e+04 -7.653e+04 -7.653e+04 -7.658e+04 -7.658e+04 -7.648e+04 -7.658e+04 -7.658e+04 -7.658e+04 -7.658e+04 -7.658e+04 -7.658e+04 -7.657e+04 -7.657e+04 -7.657e+04 -7.658e+04 -7.66e+04 -7.658e+04 -7.658e+04 -7.658e+04
 -2.329e+04 -2.329e+04 -2.329e+04 -2.329e+04 -2.329e+04 -2.329e+04 -2.329e+04 -2.329e+04 -2.329e+04 -2.329e+04 -2.329e+04 -2.33e+04 -2.329e+04 -2.33e+04 -2.329e+04 -2.328e+04 -2.329e+04 -2.329e+04 -2.33e+04 -2.328e+04
 -4.772e+04 -4.771e+04 -4.771e+04 -4.768e+04 -4.772e+04 -4.771e+04 -4.771e+04 -4.771e+04 -4.77e+04 -4.771e+04 -4.771e+04 -4.771e+04 -4.77e+04 -4.771e+04 -4.77e+04 -4.771e+04 -4.771e+04 -4.771e+04 -4.771e+04 -4.771e+04
 -6.879e+04 -6.879e+04 -6.879e+04 -6.88e+04 -6.88e+04 -6.876e+04 -6.879e+04 -6.879e+04 -6.88e+04 -6.879e+04 -6.879e+04 -6.879e+04 -6.88e+04 -6.879e+04 -6.879e+04 -6.88e+04 -6.88e+04 -6.88e+04 -6.879e+04 -6.88e+04
 -1.168e+04 -1.17e+04 -1.17e+04 -1.169e+04 -1.168e+04 -1.17e+04 -1.168e+04 -1.168e+04 -1.168e+04 -1.168e+04 -1.169e+04 -1.168e+04 -1.169e+04 -1.169e+04 -1.168e+04 -1.17e+04 -1.166e+04 -1.168e+04 -1.167e+04 -1.169e+04
 -7806 -7810 -7812 -7805 -7805 -7819 -7808 -7808 -7805 -7776 -7786 -7806 -7811 -7808 -7803 -7811 -7804 -7809 -7807 -7805
 -1.099e+04 -1.095e+04 -1.095e+04 -1.096e+04 -1.095e+04 -1.095e+04 -1.095e+04 -1.095e+04 -1.095e+04 -1.095e+04 -1.095e+04 -1.095e+04 -1.095e+04 -1.095e+04 -1.095e+04 -1.09e+04 -1.094e+04 -1.096e+04 -1.095e+04 -1.091e+04
 -3.332e+04 -3.332e+04 -3.332e+04 -3.332e+04 -3.333e+04 -3.332e+04 -3.332e+04 -3.333e+04 -3.332e+04 -3.332e+04 -3.332e+04 -3.332e+04 -3.332e+04 -3.333e+04 -3.333e+04 -3.333e+04 -3.331e+04 -3.332e+04 -3.331e+04 -3.332e+04
 -2207 -2214 -2208 -2205 -2199 -2218 -2189 -2217 -2203 -2161 -2198 -2206 -2213 -2202 -2202 -2205 -2214 -2205 -2195 -2202
 -5312 -5312 -5321 -5314 -5297 -5429 -5233 -5321 -5316 -5318 -5318 -5319 -5318 -5306 -5316 -5315 -5318 -5316 -5323 -5319
 -9823 -9824 -9821 -9818 -9821 -9803 -9823 -9825 -9823 -9823 -9821 -9816 -9830 -9839 -9822 -9821 -9835 -9821 -9826 -9835
 -53 -37 -45 -47 -45 -30 -41 -40 -44 -38 -41 -42 -33 -37 -34 -49 -46 29 -11 -63
 -21 -8 -4 -3 -8 -114 -5 -40 -9 -40 29 -11 -9 -12 -8 -40 -18 -8 1 -2
 -2.274e+04 -2.274e+04 -2.275e+04 -2.275e+04 -2.275e+04 -2.276e+04 -2.275e+04 -2.275e+04 -2.275e+04 -2.275e+04 -2.275e+04 -2.275e+04 -2.275e+04 -2.275e+04 -2.271e+04 -2.275e+04 -2.276e+04 -2.275e+04 -2.275e+04 -2.275e+04
 -3728 -3734 -3729 -3726 -3727 -3730 -3722 -3726 -3724 -3712 -3710 -3723 -3725 -3728 -3721 -3724 -3724 -3727 -3730 -3729
 -2.763e+04 -2.763e+04 -2.763e+04 -2.763e+04 -2.763e+04 -2.763e+04 -2.763e+04 -2.761e+04 -2.762e+04 -2.763e+04 -2.763e+04 -2.763e+04 -2.762e+04 -2.763e+04 -2.763e+04 -2.763e+04 -2.764e+04 -2.763e+04 -2.763e+04 -2.763e+04
