# Created by Octave 5.2.0, Thu Sep 24 20:54:02 2020 CEST <jiwidi@land>
# name: w
# type: matrix
# rows: 101
# columns: 20
 -1.007e+08 -1.007e+08 -1.007e+08 -1.007e+08 -1.007e+08 -1.007e+08 -1.007e+08 -1.007e+08 -1.007e+08 -1.007e+08 -1.007e+08 -1.007e+08 -1.007e+08 -1.007e+08 -1.007e+08 -1.007e+08 -1.007e+08 -1.007e+08 -1.007e+08 -1.007e+08
 -8.337e+06 -8.335e+06 -8.335e+06 -8.335e+06 -8.334e+06 -8.335e+06 -8.334e+06 -8.335e+06 -8.335e+06 -8.336e+06 -8.335e+06 -8.334e+06 -8.336e+06 -8.336e+06 -8.334e+06 -8.334e+06 -8.335e+06 -8.336e+06 -8.331e+06 -8.335e+06
 -1.638e+06 -1.638e+06 -1.637e+06 -1.637e+06 -1.637e+06 -1.636e+06 -1.636e+06 -1.637e+06 -1.637e+06 -1.636e+06 -1.636e+06 -1.629e+06 -1.636e+06 -1.638e+06 -1.638e+06 -1.637e+06 -1.637e+06 -1.635e+06 -1.639e+06 -1.637e+06
 -1.596e+06 -1.594e+06 -1.594e+06 -1.593e+06 -1.594e+06 -1.605e+06 -1.594e+06 -1.596e+06 -1.594e+06 -1.595e+06 -1.594e+06 -1.594e+06 -1.594e+06 -1.596e+06 -1.594e+06 -1.594e+06 -1.584e+06 -1.596e+06 -1.59e+06 -1.594e+06
 -8.05e+04 -8.26e+04 -8.36e+04 -8.45e+04 -8.32e+04 -8.19e+04 -8.28e+04 -8.44e+04 -8.37e+04 -8.33e+04 -8.24e+04 -8.44e+04 -8.64e+04 -8.29e+04 -8.24e+04 -8.12e+04 -8.79e+04 -6.59e+04 -6.95e+04 -8.05e+04
 -7.502e+06 -7.504e+06 -7.504e+06 -7.504e+06 -7.504e+06 -7.504e+06 -7.505e+06 -7.504e+06 -7.504e+06 -7.504e+06 -7.505e+06 -7.503e+06 -7.503e+06 -7.505e+06 -7.505e+06 -7.503e+06 -7.5e+06 -7.504e+06 -7.504e+06 -7.504e+06
 -3.988e+06 -3.988e+06 -3.989e+06 -3.99e+06 -3.989e+06 -3.99e+06 -3.987e+06 -3.989e+06 -3.988e+06 -3.984e+06 -3.984e+06 -3.989e+06 -3.99e+06 -3.99e+06 -3.989e+06 -3.99e+06 -3.989e+06 -3.988e+06 -3.99e+06 -3.988e+06
 -1.102e+05 -1.034e+05 -1.033e+05 -1.041e+05 -1.064e+05 -1.062e+05 -1.078e+05 -1.067e+05 -1.052e+05 -1.103e+05 -1.153e+05 -1.048e+05 -1.043e+05 -1.068e+05 -1.047e+05 -1.033e+05 -1.114e+05 -9.06e+04 -1.017e+05 -1.018e+05
 -7.75e+04 -8.04e+04 -7.79e+04 -8.02e+04 -8.72e+04 -7.96e+04 -7.84e+04 -7.83e+04 -7.64e+04 -7.82e+04 -7.72e+04 -5.81e+04 -8.72e+04 -7.96e+04 -6.81e+04 -8.28e+04 -7.77e+04 -7.83e+04 -8.27e+04 -7.91e+04
 -2.566e+06 -2.565e+06 -2.565e+06 -2.565e+06 -2.565e+06 -2.566e+06 -2.562e+06 -2.565e+06 -2.565e+06 -2.561e+06 -2.563e+06 -2.565e+06 -2.565e+06 -2.565e+06 -2.565e+06 -2.565e+06 -2.565e+06 -2.565e+06 -2.566e+06 -2.565e+06
 -6.09e+04 -5.81e+04 -5.87e+04 -5.99e+04 -5.88e+04 -5.79e+04 -5.74e+04 -5.87e+04 -5.71e+04 -5.81e+04 -5.68e+04 -4.69e+04 -6.07e+04 -6.03e+04 -5.93e+04 -5.85e+04 -5.56e+04 -5.84e+04 -5.84e+04 -5.88e+04
 -3.476e+06 -3.474e+06 -3.474e+06 -3.473e+06 -3.474e+06 -3.474e+06 -3.474e+06 -3.474e+06 -3.474e+06 -3.474e+06 -3.474e+06 -3.474e+06 -3.475e+06 -3.476e+06 -3.474e+06 -3.475e+06 -3.468e+06 -3.474e+06 -3.473e+06 -3.472e+06
 -9.073e+05 -9.023e+05 -9.065e+05 -9.072e+05 -9.073e+05 -9.081e+05 -9.032e+05 -9.074e+05 -9.056e+05 -9.018e+05 -8.999e+05 -9.058e+05 -9.044e+05 -9.073e+05 -9.086e+05 -9.065e+05 -9.066e+05 -9.06e+05 -9.07e+05 -9.071e+05
 -3.446e+05 -3.329e+05 -3.584e+05 -3.698e+05 -3.454e+05 -3.179e+05 -3.522e+05 -3.477e+05 -3.477e+05 -3.459e+05 -3.453e+05 -3.502e+05 -3.46e+05 -3.438e+05 -3.483e+05 -3.448e+05 -3.516e+05 -3.466e+05 -3.487e+05 -3.369e+05
 -1.089e+06 -1.088e+06 -1.087e+06 -1.072e+06 -1.078e+06 -1.103e+06 -1.082e+06 -1.089e+06 -1.088e+06 -1.088e+06 -1.088e+06 -1.089e+06 -1.088e+06 -1.09e+06 -1.089e+06 -1.089e+06 -1.089e+06 -1.088e+06 -1.09e+06 -1.089e+06
 -3.615e+06 -3.615e+06 -3.615e+06 -3.615e+06 -3.616e+06 -3.615e+06 -3.615e+06 -3.615e+06 -3.615e+06 -3.616e+06 -3.615e+06 -3.616e+06 -3.616e+06 -3.617e+06 -3.615e+06 -3.617e+06 -3.615e+06 -3.617e+06 -3.615e+06 -3.611e+06
 -3.7e+06 -3.698e+06 -3.698e+06 -3.699e+06 -3.699e+06 -3.699e+06 -3.699e+06 -3.699e+06 -3.698e+06 -3.699e+06 -3.698e+06 -3.698e+06 -3.7e+06 -3.7e+06 -3.698e+06 -3.699e+06 -3.699e+06 -3.697e+06 -3.695e+06 -3.698e+06
 -2.228e+06 -2.227e+06 -2.227e+06 -2.227e+06 -2.227e+06 -2.226e+06 -2.227e+06 -2.226e+06 -2.226e+06 -2.227e+06 -2.226e+06 -2.226e+06 -2.227e+06 -2.228e+06 -2.228e+06 -2.227e+06 -2.223e+06 -2.226e+06 -2.226e+06 -2.224e+06
 -2.29e+06 -2.29e+06 -2.29e+06 -2.29e+06 -2.29e+06 -2.29e+06 -2.29e+06 -2.291e+06 -2.29e+06 -2.291e+06 -2.29e+06 -2.29e+06 -2.29e+06 -2.291e+06 -2.29e+06 -2.289e+06 -2.291e+06 -2.286e+06 -2.289e+06 -2.291e+06
 -9.492e+06 -9.493e+06 -9.493e+06 -9.493e+06 -9.493e+06 -9.494e+06 -9.493e+06 -9.493e+06 -9.493e+06 -9.493e+06 -9.493e+06 -9.493e+06 -9.493e+06 -9.492e+06 -9.493e+06 -9.494e+06 -9.495e+06 -9.493e+06 -9.491e+06 -9.491e+06
 -4.88e+06 -4.891e+06 -4.891e+06 -4.89e+06 -4.891e+06 -4.891e+06 -4.891e+06 -4.891e+06 -4.891e+06 -4.891e+06 -4.891e+06 -4.89e+06 -4.892e+06 -4.891e+06 -4.892e+06 -4.896e+06 -4.889e+06 -4.899e+06 -4.892e+06 -4.893e+06
 -4.918e+06 -4.918e+06 -4.918e+06 -4.918e+06 -4.918e+06 -4.918e+06 -4.917e+06 -4.918e+06 -4.917e+06 -4.918e+06 -4.918e+06 -4.917e+06 -4.918e+06 -4.917e+06 -4.918e+06 -4.918e+06 -4.916e+06 -4.918e+06 -4.917e+06 -4.916e+06
 -3.686e+06 -3.687e+06 -3.686e+06 -3.688e+06 -3.676e+06 -3.687e+06 -3.685e+06 -3.686e+06 -3.685e+06 -3.687e+06 -3.685e+06 -3.685e+06 -3.687e+06 -3.687e+06 -3.686e+06 -3.686e+06 -3.687e+06 -3.686e+06 -3.687e+06 -3.682e+06
 -4.05e+06 -4.052e+06 -4.052e+06 -4.053e+06 -4.053e+06 -4.053e+06 -4.052e+06 -4.053e+06 -4.053e+06 -4.053e+06 -4.052e+06 -4.053e+06 -4.052e+06 -4.054e+06 -4.05e+06 -4.054e+06 -4.053e+06 -4.052e+06 -4.055e+06 -4.05e+06
 -8.828e+06 -8.826e+06 -8.83e+06 -8.828e+06 -8.827e+06 -8.826e+06 -8.827e+06 -8.829e+06 -8.828e+06 -8.828e+06 -8.829e+06 -8.828e+06 -8.826e+06 -8.828e+06 -8.827e+06 -8.829e+06 -8.828e+06 -8.828e+06 -8.829e+06 -8.828e+06
 -7.956e+05 -7.934e+05 -7.953e+05 -7.916e+05 -7.957e+05 -7.952e+05 -7.944e+05 -7.944e+05 -7.939e+05 -7.89e+05 -7.907e+05 -7.943e+05 -7.939e+05 -7.957e+05 -7.923e+05 -7.946e+05 -7.936e+05 -7.945e+05 -7.942e+05 -7.951e+05
 -3.697e+05 -3.684e+05 -3.695e+05 -3.685e+05 -3.688e+05 -3.69e+05 -3.67e+05 -3.675e+05 -3.675e+05 -3.56e+05 -3.568e+05 -3.668e+05 -3.714e+05 -3.688e+05 -3.679e+05 -3.679e+05 -3.695e+05 -3.688e+05 -3.71e+05 -3.692e+05
 -9.786e+06 -9.785e+06 -9.786e+06 -9.786e+06 -9.787e+06 -9.786e+06 -9.787e+06 -9.786e+06 -9.786e+06 -9.787e+06 -9.786e+06 -9.787e+06 -9.785e+06 -9.784e+06 -9.786e+06 -9.786e+06 -9.788e+06 -9.787e+06 -9.786e+06 -9.786e+06
 -3.245e+06 -3.246e+06 -3.246e+06 -3.246e+06 -3.246e+06 -3.246e+06 -3.246e+06 -3.246e+06 -3.246e+06 -3.246e+06 -3.246e+06 -3.246e+06 -3.246e+06 -3.246e+06 -3.246e+06 -3.243e+06 -3.246e+06 -3.247e+06 -3.248e+06 -3.241e+06
 -6.325e+06 -6.326e+06 -6.323e+06 -6.317e+06 -6.328e+06 -6.322e+06 -6.326e+06 -6.325e+06 -6.324e+06 -6.325e+06 -6.325e+06 -6.324e+06 -6.322e+06 -6.325e+06 -6.325e+06 -6.325e+06 -6.325e+06 -6.325e+06 -6.325e+06 -6.325e+06
 -9.264e+06 -9.264e+06 -9.264e+06 -9.264e+06 -9.264e+06 -9.262e+06 -9.263e+06 -9.262e+06 -9.263e+06 -9.26e+06 -9.262e+06 -9.264e+06 -9.264e+06 -9.26e+06 -9.262e+06 -9.262e+06 -9.261e+06 -9.263e+06 -9.263e+06 -9.264e+06
 -1.647e+06 -1.647e+06 -1.646e+06 -1.646e+06 -1.646e+06 -1.647e+06 -1.646e+06 -1.645e+06 -1.645e+06 -1.646e+06 -1.646e+06 -1.646e+06 -1.647e+06 -1.647e+06 -1.646e+06 -1.648e+06 -1.636e+06 -1.643e+06 -1.646e+06 -1.645e+06
 -1.136e+06 -1.136e+06 -1.136e+06 -1.137e+06 -1.136e+06 -1.136e+06 -1.134e+06 -1.134e+06 -1.134e+06 -1.127e+06 -1.126e+06 -1.135e+06 -1.136e+06 -1.136e+06 -1.134e+06 -1.136e+06 -1.135e+06 -1.136e+06 -1.135e+06 -1.133e+06
 -1.218e+06 -1.213e+06 -1.213e+06 -1.213e+06 -1.213e+06 -1.213e+06 -1.212e+06 -1.213e+06 -1.213e+06 -1.212e+06 -1.212e+06 -1.212e+06 -1.213e+06 -1.213e+06 -1.212e+06 -1.204e+06 -1.212e+06 -1.213e+06 -1.213e+06 -1.204e+06
 -4.363e+06 -4.362e+06 -4.362e+06 -4.362e+06 -4.362e+06 -4.363e+06 -4.363e+06 -4.363e+06 -4.362e+06 -4.362e+06 -4.362e+06 -4.362e+06 -4.36e+06 -4.363e+06 -4.362e+06 -4.363e+06 -4.36e+06 -4.362e+06 -4.361e+06 -4.362e+06
 -3.423e+05 -3.428e+05 -3.425e+05 -3.421e+05 -3.403e+05 -3.438e+05 -3.376e+05 -3.409e+05 -3.403e+05 -3.285e+05 -3.392e+05 -3.411e+05 -3.43e+05 -3.421e+05 -3.413e+05 -3.414e+05 -3.424e+05 -3.406e+05 -3.415e+05 -3.403e+05
