# Created by Octave 5.2.0, Thu Sep 24 19:38:07 2020 CEST <jiwidi@land>
# name: w
# type: matrix
# rows: 101
# columns: 20
 -6.441e+06 -6.441e+06 -6.441e+06 -6.441e+06 -6.441e+06 -6.441e+06 -6.441e+06 -6.441e+06 -6.441e+06 -6.441e+06 -6.441e+06 -6.441e+06 -6.441e+06 -6.441e+06 -6.441e+06 -6.441e+06 -6.441e+06 -6.441e+06 -6.441e+06 -6.441e+06
 -6.224e+05 -6.223e+05 -6.223e+05 -6.223e+05 -6.223e+05 -6.223e+05 -6.223e+05 -6.223e+05 -6.223e+05 -6.223e+05 -6.223e+05 -6.223e+05 -6.223e+05 -6.223e+05 -6.223e+05 -6.223e+05 -6.224e+05 -6.223e+05 -6.221e+05 -6.223e+05
 -1.13e+05 -1.13e+05 -1.13e+05 -1.13e+05 -1.13e+05 -1.13e+05 -1.13e+05 -1.13e+05 -1.13e+05 -1.13e+05 -1.13e+05 -1.128e+05 -1.13e+05 -1.131e+05 -1.13e+05 -1.13e+05 -1.13e+05 -1.129e+05 -1.13e+05 -1.13e+05
 -1.164e+05 -1.172e+05 -1.172e+05 -1.163e+05 -1.167e+05 -1.174e+05 -1.164e+05 -1.164e+05 -1.164e+05 -1.163e+05 -1.163e+05 -1.163e+05 -1.163e+05 -1.163e+05 -1.164e+05 -1.164e+05 -1.154e+05 -1.164e+05 -1.162e+05 -1.163e+05
 -6170 -6130 -6100 -6140 -6100 -6060 -6070 -6170 -6130 -6070 -6100 -6100 -6140 -6100 -6100 -6060 -6270 -5720 -5810 -6170
 -5.462e+05 -5.463e+05 -5.463e+05 -5.462e+05 -5.462e+05 -5.463e+05 -5.462e+05 -5.462e+05 -5.462e+05 -5.462e+05 -5.462e+05 -5.462e+05 -5.462e+05 -5.463e+05 -5.462e+05 -5.462e+05 -5.462e+05 -5.462e+05 -5.462e+05 -5.463e+05
 -2.742e+05 -2.743e+05 -2.743e+05 -2.743e+05 -2.743e+05 -2.744e+05 -2.742e+05 -2.743e+05 -2.742e+05 -2.741e+05 -2.742e+05 -2.742e+05 -2.743e+05 -2.743e+05 -2.743e+05 -2.743e+05 -2.743e+05 -2.742e+05 -2.743e+05 -2.742e+05
 -5330 -5040 -5050 -5100 -5090 -5960 -5160 -5160 -5120 -5270 -5250 -5160 -5100 -5240 -5140 -4980 -5350 -4660 -4930 -4930
 -6650 -6980 -6560 -6760 -7290 -7120 -6650 -6760 -6740 -6700 -6720 -6070 -7150 -6780 -6370 -7380 -6750 -6950 -7410 -6900
 -1.682e+05 -1.683e+05 -1.683e+05 -1.682e+05 -1.683e+05 -1.683e+05 -1.682e+05 -1.682e+05 -1.682e+05 -1.682e+05 -1.682e+05 -1.682e+05 -1.682e+05 -1.683e+05 -1.682e+05 -1.682e+05 -1.683e+05 -1.683e+05 -1.683e+05 -1.683e+05
 -2940 -2790 -2830 -3310 -2920 -2760 -2830 -3020 -2910 -2820 -2860 -2530 -3730 -2950 -2960 -2850 -2760 -2920 -2750 -2960
 -2.415e+05 -2.413e+05 -2.414e+05 -2.414e+05 -2.414e+05 -2.414e+05 -2.414e+05 -2.414e+05 -2.414e+05 -2.414e+05 -2.414e+05 -2.414e+05 -2.414e+05 -2.414e+05 -2.414e+05 -2.415e+05 -2.412e+05 -2.415e+05 -2.412e+05 -2.413e+05
 -6.446e+04 -6.433e+04 -6.444e+04 -6.445e+04 -6.442e+04 -6.448e+04 -6.44e+04 -6.445e+04 -6.443e+04 -6.429e+04 -6.435e+04 -6.439e+04 -6.426e+04 -6.445e+04 -6.446e+04 -6.442e+04 -6.44e+04 -6.442e+04 -6.445e+04 -6.444e+04
 -4.72e+04 -4.615e+04 -4.758e+04 -4.834e+04 -4.717e+04 -4.499e+04 -4.742e+04 -4.748e+04 -4.732e+04 -4.731e+04 -4.725e+04 -4.733e+04 -4.707e+04 -4.725e+04 -4.724e+04 -4.735e+04 -4.72e+04 -4.732e+04 -4.722e+04 -4.659e+04
 -9.099e+04 -9.047e+04 -9.054e+04 -8.979e+04 -9.028e+04 -9.495e+04 -9.033e+04 -9.103e+04 -9.099e+04 -9.099e+04 -9.099e+04 -9.099e+04 -9.079e+04 -9.095e+04 -9.095e+04 -9.097e+04 -9.111e+04 -9.097e+04 -9.1e+04 -9.105e+04
 -2.621e+05 -2.62e+05 -2.62e+05 -2.62e+05 -2.62e+05 -2.62e+05 -2.621e+05 -2.62e+05 -2.62e+05 -2.621e+05 -2.62e+05 -2.62e+05 -2.621e+05 -2.621e+05 -2.62e+05 -2.622e+05 -2.621e+05 -2.621e+05 -2.621e+05 -2.618e+05
 -2.881e+05 -2.88e+05 -2.881e+05 -2.881e+05 -2.88e+05 -2.881e+05 -2.881e+05 -2.881e+05 -2.88e+05 -2.881e+05 -2.881e+05 -2.881e+05 -2.881e+05 -2.881e+05 -2.88e+05 -2.88e+05 -2.881e+05 -2.88e+05 -2.879e+05 -2.881e+05
 -1.636e+05 -1.637e+05 -1.638e+05 -1.636e+05 -1.636e+05 -1.637e+05 -1.636e+05 -1.636e+05 -1.636e+05 -1.636e+05 -1.635e+05 -1.636e+05 -1.636e+05 -1.636e+05 -1.636e+05 -1.636e+05 -1.634e+05 -1.636e+05 -1.637e+05 -1.635e+05
 -1.526e+05 -1.526e+05 -1.527e+05 -1.527e+05 -1.526e+05 -1.526e+05 -1.527e+05 -1.527e+05 -1.527e+05 -1.527e+05 -1.526e+05 -1.527e+05 -1.526e+05 -1.527e+05 -1.527e+05 -1.526e+05 -1.528e+05 -1.526e+05 -1.526e+05 -1.527e+05
 -6.442e+05 -6.442e+05 -6.442e+05 -6.442e+05 -6.442e+05 -6.442e+05 -6.442e+05 -6.441e+05 -6.442e+05 -6.441e+05 -6.442e+05 -6.442e+05 -6.441e+05 -6.441e+05 -6.442e+05 -6.442e+05 -6.442e+05 -6.441e+05 -6.442e+05 -6.441e+05
 -3.915e+05 -3.915e+05 -3.915e+05 -3.915e+05 -3.915e+05 -3.915e+05 -3.915e+05 -3.915e+05 -3.915e+05 -3.915e+05 -3.915e+05 -3.915e+05 -3.915e+05 -3.915e+05 -3.915e+05 -3.914e+05 -3.915e+05 -3.915e+05 -3.915e+05 -3.912e+05
 -3.274e+05 -3.274e+05 -3.274e+05 -3.274e+05 -3.274e+05 -3.275e+05 -3.274e+05 -3.275e+05 -3.274e+05 -3.274e+05 -3.274e+05 -3.274e+05 -3.275e+05 -3.275e+05 -3.274e+05 -3.274e+05 -3.274e+05 -3.274e+05 -3.274e+05 -3.273e+05
 -2.548e+05 -2.549e+05 -2.548e+05 -2.549e+05 -2.546e+05 -2.548e+05 -2.548e+05 -2.548e+05 -2.548e+05 -2.548e+05 -2.548e+05 -2.548e+05 -2.548e+05 -2.548e+05 -2.548e+05 -2.548e+05 -2.548e+05 -2.548e+05 -2.548e+05 -2.547e+05
 -2.853e+05 -2.854e+05 -2.854e+05 -2.854e+05 -2.854e+05 -2.854e+05 -2.854e+05 -2.854e+05 -2.854e+05 -2.854e+05 -2.854e+05 -2.854e+05 -2.854e+05 -2.854e+05 -2.853e+05 -2.854e+05 -2.854e+05 -2.854e+05 -2.854e+05 -2.853e+05
 -6.68e+05 -6.678e+05 -6.681e+05 -6.681e+05 -6.681e+05 -6.679e+05 -6.68e+05 -6.68e+05 -6.68e+05 -6.68e+05 -6.68e+05 -6.68e+05 -6.68e+05 -6.679e+05 -6.68e+05 -6.68e+05 -6.682e+05 -6.68e+05 -6.68e+05 -6.68e+05
 -6.052e+04 -6.049e+04 -6.055e+04 -6.044e+04 -6.054e+04 -6.047e+04 -6.051e+04 -6.048e+04 -6.049e+04 -6.049e+04 -6.037e+04 -6.051e+04 -6.051e+04 -6.048e+04 -6.044e+04 -6.048e+04 -6.043e+04 -6.05e+04 -6.047e+04 -6.052e+04
 -2.381e+04 -2.389e+04 -2.387e+04 -2.384e+04 -2.382e+04 -2.398e+04 -2.377e+04 -2.375e+04 -2.379e+04 -2.352e+04 -2.352e+04 -2.376e+04 -2.385e+04 -2.38e+04 -2.376e+04 -2.373e+04 -2.378e+04 -2.381e+04 -2.383e+04 -2.382e+04
 -7.658e+05 -7.653e+05 -7.653e+05 -7.658e+05 -7.658e+05 -7.648e+05 -7.658e+05 -7.658e+05 -7.658e+05 -7.658e+05 -7.658e+05 -7.658e+05 -7.657e+05 -7.657e+05 -7.657e+05 -7.658e+05 -7.66e+05 -7.658e+05 -7.658e+05 -7.658e+05
 -2.329e+05 -2.329e+05 -2.329e+05 -2.329e+05 -2.329e+05 -2.329e+05 -2.329e+05 -2.329e+05 -2.329e+05 -2.329e+05 -2.329e+05 -2.33e+05 -2.329e+05 -2.33e+05 -2.329e+05 -2.328e+05 -2.329e+05 -2.329e+05 -2.33e+05 -2.328e+05
 -4.772e+05 -4.771e+05 -4.771e+05 -4.768e+05 -4.772e+05 -4.771e+05 -4.771e+05 -4.771e+05 -4.77e+05 -4.771e+05 -4.771e+05 -4.771e+05 -4.77e+05 -4.771e+05 -4.77e+05 -4.771e+05 -4.771e+05 -4.771e+05 -4.771e+05 -4.771e+05
 -6.879e+05 -6.879e+05 -6.879e+05 -6.88e+05 -6.88e+05 -6.876e+05 -6.879e+05 -6.879e+05 -6.88e+05 -6.879e+05 -6.879e+05 -6.879e+05 -6.88e+05 -6.879e+05 -6.879e+05 -6.88e+05 -6.88e+05 -6.88e+05 -6.879e+05 -6.88e+05
 -1.168e+05 -1.17e+05 -1.17e+05 -1.169e+05 -1.168e+05 -1.17e+05 -1.168e+05 -1.168e+05 -1.168e+05 -1.168e+05 -1.169e+05 -1.168e+05 -1.169e+05 -1.169e+05 -1.168e+05 -1.17e+05 -1.166e+05 -1.168e+05 -1.167e+05 -1.169e+05
 -7.806e+04 -7.81e+04 -7.812e+04 -7.805e+04 -7.805e+04 -7.819e+04 -7.808e+04 -7.808e+04 -7.805e+04 -7.776e+04 -7.786e+04 -7.806e+04 -7.811e+04 -7.808e+04 -7.803e+04 -7.811e+04 -7.804e+04 -7.809e+04 -7.807e+04 -7.805e+04
 -1.099e+05 -1.095e+05 -1.095e+05 -1.096e+05 -1.095e+05 -1.095e+05 -1.095e+05 -1.095e+05 -1.095e+05 -1.095e+05 -1.095e+05 -1.095e+05 -1.095e+05 -1.095e+05 -1.095e+05 -1.09e+05 -1.094e+05 -1.096e+05 -1.095e+05 -1.091e+05
 -3.332e+05 -3.332e+05 -3.332e+05 -3.332e+05 -3.333e+05 -3.332e+05 -3.332e+05 -3.333e+05 -3.332e+05 -3.332e+05 -3.332e+05 -3.332e+05 -3.332e+05 -3.333e+05 -3.333e+05 -3.333e+05 -3.331e+05 -3.332e+05 -3.331e+05 -3.332e+05
 -2.207e+04 -2.214e+04 -2.208e+04 -2.205e+04 -2.199e+04 -2.218e+04 -2.189e+04 -2.217e+04 -2.203e+04 -2.161e+04 -2.198e+04 -2.206e+04 -2.213e+04 -2.202e+04 -2.202e+04 -2.205e+04 -2.214e+04 -2.205e+04 -2.195e+04 -2.202e+04
 -5.312e+04 -5.312e+04 -5.321e+04 -5.314e+04 -5.297e+04 -5.429e+04 -5.233e+04 -5.321e+04 -5.316e+04 -5.318e+04 -5.318e+04 -5.319e+04 -5.318e+04 -5.306e+04 -5.316e+04 -5.315e+04 -5.318e+04 -5.316e+04 -5.323e+04 -5.319e+04
