# Created by Octave 5.2.0, Thu Sep 24 23:52:59 2020 CEST <jiwidi@land>
# name: w
# type: matrix
# rows: 197
# columns: 10
 -3500 -3000 -3200 -3400 -3100 -2600 -3000 -3100 -4600 -3000
 0 0 0 0 0 0 0 0 0 0
 0 0 0 0 0 0 0 0 0 0
 -100 0 -200 0 -100 100 0 0 -100 0
 -138 -169 -353 -84 -153 0 -69 369 -138 -123
 -100 -277 -46 -246 -46 -200 -200 485 -200 -262
 -554 -700 -330.6 -354 -175 -740.4 -561.7 -46 -716 -1041
 -792 -723 -378.1 -884 -800 -954 -977 -697.9 -216 -639
 -861.3 -1300 -1122 -1085 -1209 -1004 -1039 -1270 -411 -299
 -1076 -961 -1022 -911 -1869 -1352 -1085 -1577 -590 -677.6
 -968 -622 -753 -1045 -1360 -822 -782 -770 -785 -645
 -870 -503 -1007 -839 -400 -670 -709 -1087 -459 -1193
 -508.7 92 -662 -670 -262 315.7 -715 -61 -677.7 -693
 -300 0 -300 -600 -62 446 -346 -338 -600 -200
 -100 0 0 0 0 100 0 0 -100 0
 0 0 0 0 0 0 0 62 0 -62
 -12 0 -58 -12 -12 12 -12 134 -100 -12
 -282 -135 -283.9 -82 -282.5 -15.94 -279 53.39 -430.1 -282.9
 -480.8 -504.1 -698.3 -389.2 -611.4 -256.4 -612 259.9 -661.9 -741.8
 -1049 -1300 -1320 -611.2 -698.7 -603.3 -1513 -227.2 -935 -1970
 -1477 -1894 -1469 -1204 -1528 -1400 -1998 -696.7 -1407 -1673
 -1814 -2696 -1884 -2004 -2262 -2192 -2506 -1268 -2318 -1618
 -2163 -2715 -2034 -2198 -3335 -2694 -2290 -1703 -1983 -1356
 -2038 -2534 -2471 -2256 -3761 -2163 -2291 -1718 -1793 -1249
 -2211 -2229 -2299 -2243 -2982 -1964 -2375 -1846 -1853 -1571
 -1855 -1999 -1987 -2336 -1331 -1665 -1894 -728.9 -1763 -2128
 -1362 -1176 -1635 -1330 -869.8 -497.1 -1635 -995.5 -2023 -1818
 -541.5 -233 -604.6 -85.3 -238 396.3 -387.3 -287.1 -1058 -538.8
 -213 -17 0 -131 -100 361 -100 0 -167 -100
 0 0 0 0 0 0 0 0 0 0
 -86 0 -28.87 -86 -86.47 -15.22 -186 -40.47 -202.2 -86.19
 -244 -140.9 -312.1 -152.7 -514.4 -241.3 -355.4 -10.2 -66.71 -553
 -795.3 -775.7 -1050 -507.1 -1164 -610 -1193 -295.3 -750.7 -1313
 -1430 -1789 -751.2 -1174 -1090 -1345 -1766 -799.8 -1235 -1421
 -1445 -2270 -1819 -1797 -1870 -1718 -2083 -1240 -1424 -1086
 -1152 -1784 -1571 -1218 -1542 -1440 -1305 -814.8 -1292 -1599
 -967.3 -1061 -998.8 -1038 -1745 -986.9 -1224 -596.3 -873.9 -1497
 -1026 -893.3 -1226 -1340 -2017 -1185 -1440 -923.7 -1952 -2061
 -1452 -1626 -1852 -1870 -1693 -1897 -2102 -1764 -1680 -2330
 -1566 -1702 -1762 -2003 -1054 -2533 -2276 -893.7 -1752 -1883
 -1317 -1641 -1625 -831.8 -963.3 -1093 -1609 -592.9 -1210 -1729
 -458.5 -582.5 -510.5 119.8 -944 -119.3 -530.4 -382.5 -416 -429
 -384 -99 -99 -53 -230 292 -153 -76 -61 -122
 0 0 200 0 0 0 0 0 -200 0
 -29.1 0 123.1 -30.02 -30.02 -16.02 -30.02 15.98 -200 15.98
 -538.9 -449.1 -415.6 -805.3 -713.6 -195.3 -697.2 4.98 -276.7 -660.5
 -1138 -1683 -721.9 -1532 -1197 -829.4 -1500 -453.8 -1011 -1480
 -1353 -2056 -600.4 -1833 -927.9 -1360 -1586 -1313 -1519 -1032
 -1214 -1780 -751.2 -1675 -568.9 -1088 -1341 -916.6 -1225 -967.7
 -741.9 -1276 -882.9 -1631 -1028 -141.2 -585 -572.2 -635.4 -666.6
 -258.4 -808.2 -861.7 -1283 -1206 75.94 -955.3 -1076 -1492 -746.7
 -695.8 -594.4 -1301 -987.2 -1283 -939.3 -1157 -480.2 -1191 -1282
 -1271 -1120 -1915 -1774 -1246 -1907 -2185 -1265 -1690 -1800
 -1188 -1944 -2011 -1458 -1719 -2016 -2702 -1173 -1669 -1388
 -1377 -1532 -1446 -736.2 -1274 -1631 -1778 -1267 -413 -701.4
 -142.1 -464.6 -473.5 564.9 -812.7 -526.3 -471.7 -291 -300.8 -370.4
 -41 -258 -158 200 -244 -143 -116 -200 -114 -158
 -100 -100 100 0 0 0 0 0 0 0
 0 -100 329 -102.2 -66.16 -146 -98.08 22.9 -183.9 41.99
 -715.1 -786.1 -1033 -1329 -718.1 -65.94 -778.9 -599 -296.1 -377.4
 -1236 -1864 -1524 -2644 -1710 -881.3 -1883 -1605 -942.8 -578.7
 -1521 -1877 -948.3 -2557 -766.4 -1062 -1706 -1428 -1215 -1237
 -1570 -1426 -924 -1875 -1295 -467.9 -1233 -1711 -864.6 -696.1
 -1098 -1145 -1009 -1233 -1391 -89.28 -750.8 -1657 -707.8 -340
 -907.8 -848.1 -1033 -529.9 -1502 -811.9 -642.7 -1594 -579.4 1.211
 -1354 -608.1 -1349 -1230 -1244 -2140 -1830 -1138 -1984 -879.6
 -1328 -1530 -1866 -1458 -1305 -2853 -2315 -1449 -1933 -1436
 -1123 -1551 -1058 -1326 -1276 -1982 -1861 -1145 -1044 -1025
 -382 -864.6 -742.5 -272.1 -780.5 -1330 -1429 -816.5 -661.9 -409.4
 250.1 -400.9 -203 -55.34 -393.3 -654.9 -319.9 -400.9 -357.2 -200.9
 284 -129 -29 -70 -15 -399 -99 -129 -30 -15
 -23 -23 23 0 0 0 0 0 0 0
 99.8 -200.8 21.2 -198.2 123.1 -76.85 -123.7 -142.8 -24.75 -257.9
 -639 -801 -1186 -1477 -228.4 -322.6 -680 -1138 -492.4 -197.3
 -1152 -1665 -2125 -1873 -794.1 -1059 -1420 -2266 -1610 -413.8
 -1095 -1406 -2142 -1722 -641.5 -594.2 -1133 -1916 -350.6 -1059
 -1028 -1258 -1460 -1460 -564.9 -800.7 -1065 -1681 -720.8 -722.2
 -578.8 -1074 -1392 -966.6 -1079 -961.3 -1266 -1766 -1214 -207.3
 -1462 -1116 -1426 -988.8 -1698 -2054 -2021 -1826 -1485 -609.6
 -2187 -1102 -1727 -1310 -1572 -2078 -2314 -1646 -1888 -785.9
 -1990 -1456 -1585 -1152 -1113 -1981 -1735 -1552 -1868 -537.8
 -930.8 -1182 -838.5 -696.7 -827.5 -992.7 -1862 -786.3 -1179 -657.7
 -18.2 -767 -133.2 -609.9 -258.9 -588.9 -1020 -539.4 -836 -519.3
 383.4 -300.6 -185.5 -302.1 -103.5 -498.6 -200.6 -300.6 -98.49 -200.6
 178.7 0 0 -77 0 -178.7 0 0 0 0
 200 -100 -200 0 23 -100 -100 -100 -23 0
 164.5 -187.1 -469.1 -269.7 180.9 66.5 20.3 -402.1 -309.7 99.9
 -264.1 -712 -1168 -1284 -321.3 56.83 -427.2 -1027 -1149 -267.2
 -885.4 -1257 -1728 -1070 -609.1 -798.1 -669.9 -1834 -1022 -676
 -747.1 -1332 -2029 -1273 -761 -318.7 -1296 -1774 -1404 -1250
 -1361 -1402 -2250 -1416 -1341 -727 -1227 -2548 -1549 -1242
 -1974 -1465 -1845 -1325 -1849 -1219 -1837 -2112 -1525 -975.6
 -2721 -1383 -2257 -1293 -1646 -1666 -2127 -2128 -1472 -1933
 -2202 -832.7 -1745 -1082 -1180 -1693 -1756 -1434 -966.5 -1342
 -1615 -1083 -1169 -475.2 -1137 -1112 -1244 -741.1 -1542 -465.7
 -795.2 -931 -335.5 -493.7 -350.5 -466.4 -1329 -338.7 -1557 -700.9
 -73.25 -636.2 -202.8 -141.4 -84.92 -648.4 -579.2 -413.2 -894.6 -701.2
 525.9 -299 -323 -100 -100 -707.9 -204 -299 -100 -200
 23 0 0 0 0 -23 0 0 0 0
 200 -100 -300 0 200 -200 0 -100 -100 -100
 417.3 -404 -560.9 -560.5 256.5 -818.6 -134.4 -489.8 -593 -327
 -84.09 -561 -437.7 -865.4 -128.1 -1138 -324 -594.4 -823.1 -615.2
 -436.9 -718.9 -774.3 -849.9 -539 -780.1 -492.5 -827.9 -1096 -715.9
 -1070 -1730 -1070 -1211 -1033 -1221 -1026 -1711 -1000 -1461
 -1526 -1416 -1122 -1361 -1023 -1134 -1676 -1515 -878.1 -1593
 -2280 -1630 -1833 -1593 -1122 -1508 -1772 -1805 -749.4 -1972
 -1872 -1029 -1852 -1290 -1376 -1406 -1754 -1243 -1066 -1942
 -2044 -642 -1458 -1111 -1233 -1043 -978.3 -1277 -954.6 -1306
 -1167 -694.3 -1292 -802.8 -413 -882.3 -560.5 -1011 -1570 -809.7
 -867 -900 -954.6 -361 -582.1 -788 -899.9 -641.8 -1537 -1088
 -82.4 -756 -980.5 -216.2 -390.2 -668.6 -363.2 -545.3 -1068 -740
 425.2 -299.8 -492.9 17.2 -95.8 -743.6 -79.41 -297.8 -97.8 -197.8
 48 0 -48 0 0 0 0 0 0 0
 131 -238 -445.7 138 31 -192.3 0 -238 -138 -176.7
 132.7 -527 -143 -632.1 -360.7 -953.9 -533 -408 -525.4 -503.3
 222.9 -492.4 -578.8 -825.7 -127.2 -1376 -81.97 -686.1 -295.9 -569.9
 -427.8 -922.8 -430.9 -1671 -439.2 -1620 -170.1 -971.5 -262 -1124
 -1108 -1263 -442.8 -1987 -771.8 -1891 -424.8 -1270 -529.9 -1512
 -1431 -965.5 -1203 -1563 -814.7 -1958 -1009 -1252 -678.6 -1130
 -1601 -890.2 -978.2 -1672 -703.4 -2056 -1171 -1298 -719.7 -1519
 -2172 -1115 -914.7 -1726 -887.2 -1544 -943.1 -1021 -1332 -1524
 -2048 -1269 -669.7 -1550 -1673 -1674 -482.4 -1369 -1045 -1209
 -878.3 -1039 -737.9 -909.5 -949.2 -658.4 -912.5 -843.7 -1057 -1797
 -790.2 -1087 -1456 -674.7 -872 -806 -819.7 -1197 -1183 -1271
 -450.4 -814 -992.4 -101 -1030 -991.2 -610.4 -791.6 -1367 -990
 -195.8 -323 -101.8 36.25 -200.8 -636.2 -74.75 -137.8 -193 -200.8
 -122 -222 220 -199 -297 -198 -98 -100 -299 -199
 90 -152 -112 -305 -417 -110 -234 -85 -210 -252
 -148.5 -757.3 -672.1 -576 -771.3 -411.2 -826.4 -605.3 -946.1 -644.3
 -509.8 -909.2 -194 -1393 -994 -1111 -807.1 -937.2 -704.5 -1121
 -1128 -1128 -459.1 -1707 -1259 -1480 -566.5 -1256 -161.4 -1682
 -1455 -990.9 -1045 -2278 -1515 -1879 -833.5 -1414 -828.1 -1812
 -1898 -1223 -675.3 -2029 -927 -2034 -1425 -1091 -1155 -2031
 -1869 -841.1 -648.7 -1596 -1225 -1219 -772 -736.8 -1556 -1278
 -1836 -1182 -1012 -1786 -972.6 -899.3 -565.2 -785.6 -1456 -1042
