# Created by Octave 5.2.0, Thu Sep 24 23:53:22 2020 CEST <jiwidi@land>
# name: w
# type: matrix
# rows: 197
# columns: 10
 -4e+06 -3.1e+06 -3.2e+06 -3.8e+06 -3.6e+06 -3.1e+06 -3.6e+06 -3.2e+06 -5.3e+06 -3.4e+06
 0 0 0 0 0 0 0 0 0 0
 0 0 0 0 0 0 0 0 0 0
 -1e+05 0 -3e+05 -1e+05 -1e+05 3e+05 -1e+05 0 -2e+05 0
 -1.53e+05 -3.84e+05 -2.22e+05 -2.07e+05 -1.53e+05 1.23e+05 -1.38e+05 3.69e+05 -3.22e+05 -1.38e+05
 -1.46e+05 -4.307e+05 5.4e+04 -4.003e+05 -4.6e+04 -3.537e+05 -1e+05 9.543e+05 -2.23e+05 -4.08e+05
 -5.76e+05 -8.48e+05 -1.073e+05 -1.26e+05 4.8e+04 -7.477e+05 -5.23e+05 2.45e+05 -3.85e+05 -1.017e+06
 -4.31e+05 -7.85e+05 -2.69e+05 -5.77e+05 -7.31e+05 -9.08e+05 -8.77e+05 -6.97e+05 9.9e+04 -5.32e+05
 -1.046e+06 -1.194e+06 -1.153e+06 -7.697e+05 -1.146e+06 -7.89e+05 -1.001e+06 -1.386e+06 -5.88e+05 -4e+05
 -1.562e+06 -6.46e+05 -1.177e+06 -9.789e+05 -1.854e+06 -1.092e+06 -1.108e+06 -1.787e+06 -1.739e+05 -5.461e+05
 -1.468e+06 -4.31e+05 -7.75e+05 -8.66e+05 -1.614e+06 -1.277e+06 -8.28e+05 -8.47e+05 -8.45e+05 -7.09e+05
 -8.3e+05 -4.69e+05 -8.9e+05 -6.3e+05 -6.15e+05 -9.33e+05 -1.062e+06 -1.16e+06 -4.43e+05 -1.278e+06
 -6.24e+05 -3.8e+04 -5.85e+05 -2.477e+05 -2.08e+05 1.847e+05 -8.69e+05 -1.44e+05 -9.24e+05 -9.09e+05
 -4.77e+05 8000 -6e+05 -4.77e+05 3e+05 4.92e+05 -5.46e+05 -3.77e+05 -6e+05 -1e+05
 0 0 0 -1e+05 0 1e+05 0 0 0 0
 0 0 0 0 0 0 0 6.2e+04 0 -6.2e+04
 0 0 -4.6e+04 -2.12e+05 0 2.4e+04 0 2.46e+05 -1e+05 -1.2e+04
 -2.17e+05 -1.77e+05 -2.044e+05 -3.276e+05 -2e+05 1.691e+05 -1.97e+05 2.918e+05 -4.935e+05 -2.369e+05
 -6.918e+05 -6.43e+05 -3.978e+05 -4.772e+05 -4.1e+05 -1.525e+05 -5.12e+05 4.558e+05 -7.595e+05 -8.581e+05
 -8.707e+05 -1.509e+06 -1.132e+06 -4.497e+05 -6.859e+05 -5.742e+05 -1.518e+06 -1.26e+05 -1.105e+06 -1.857e+06
 -1.509e+06 -2.213e+06 -1.653e+06 -1.419e+06 -1.484e+06 -1.765e+06 -2.04e+06 -3.656e+05 -1.844e+06 -1.94e+06
 -1.67e+06 -3.032e+06 -1.882e+06 -1.596e+06 -2.247e+06 -2.29e+06 -2.642e+06 -9.906e+05 -2.253e+06 -1.68e+06
 -2.363e+06 -2.962e+06 -1.752e+06 -2.283e+06 -3.458e+06 -2.611e+06 -2.937e+06 -1.457e+06 -2.216e+06 -1.41e+06
 -2.207e+06 -2.725e+06 -2.818e+06 -2.249e+06 -3.672e+06 -2.559e+06 -2.614e+06 -1.79e+06 -1.877e+06 -1.147e+06
 -2.639e+06 -2.36e+06 -2.727e+06 -2.674e+06 -3.308e+06 -2.57e+06 -2.867e+06 -1.871e+06 -2.31e+06 -1.901e+06
 -2.178e+06 -2.388e+06 -2.071e+06 -2.437e+06 -1.69e+06 -2.023e+06 -2.325e+06 -9.384e+05 -2.149e+06 -2.37e+06
 -1.233e+06 -1.194e+06 -1.846e+06 -1.686e+06 -7.029e+05 -7.398e+05 -1.836e+06 -1.177e+06 -1.918e+06 -1.781e+06
 -6.797e+05 2.143e+04 -8.053e+05 -1.902e+05 -1.8e+04 7.227e+05 -8.364e+05 -3.762e+05 -1.242e+06 -5.877e+05
 -1.91e+05 0 0 -1.07e+05 -1.17e+05 3.15e+05 -1e+05 -9.1e+04 -2e+05 -1e+05
 0 0 0 1e+05 0 0 0 0 0 -1e+05
 -1e+05 0 1.576e+05 -1.86e+05 0 -3.102e+04 -1.018e+05 1.448e+05 -2.022e+05 -1.854e+05
 -2.74e+05 -1.153e+05 -7.313e+04 -3.685e+05 -3.284e+05 -1.703e+05 -1.539e+05 6.46e+04 1.887e+05 -7.002e+05
 -8.413e+05 -9.08e+05 -7.68e+05 -4.895e+05 -1.118e+06 -6.54e+05 -1.223e+06 -2.168e+05 -2.815e+05 -1.326e+06
 -1.544e+06 -1.947e+06 -9.32e+05 -1.412e+06 -1.312e+06 -1.547e+06 -1.948e+06 -1.197e+06 -1.713e+06 -1.583e+06
 -1.637e+06 -2.282e+06 -2.107e+06 -2.061e+06 -2.068e+06 -1.993e+06 -2.123e+06 -1.681e+06 -1.658e+06 -1.389e+06
 -1.127e+06 -1.913e+06 -1.835e+06 -1.725e+06 -1.915e+06 -1.289e+06 -1.855e+06 -8.38e+05 -1.315e+06 -1.904e+06
 -1.007e+06 -1.313e+06 -1.417e+06 -1.334e+06 -1.975e+06 -1.019e+06 -1.618e+06 -9.788e+05 -8.183e+05 -1.533e+06
 -3.445e+05 -1.039e+06 -1.433e+06 -1.117e+06 -1.911e+06 -9.124e+05 -1.457e+06 -9.62e+05 -1.983e+06 -1.743e+06
 -1.57e+06 -1.649e+06 -1.77e+06 -2.34e+06 -1.773e+06 -2.155e+06 -2.121e+06 -2.058e+06 -1.655e+06 -2.4e+06
 -1.879e+06 -2.005e+06 -2.028e+06 -2.215e+06 -1.535e+06 -2.735e+06 -2.518e+06 -1.535e+06 -1.562e+06 -2.248e+06
 -1.271e+06 -1.525e+06 -2.051e+06 -8.413e+05 -1.172e+06 -1.013e+06 -1.607e+06 -5.95e+05 -9.206e+05 -1.727e+06
 -5.228e+05 -5.82e+05 -7.701e+05 5.28e+04 -8.52e+05 9.473e+04 -7.601e+05 -3.831e+05 -3.144e+05 -4.11e+05
 -3.22e+05 -9.9e+04 -2.2e+04 -3.45e+05 -1.91e+05 3.47e+05 -3.16e+05 -1.45e+05 -1.61e+05 -2.22e+05
 0 0 2e+05 0 0 -1e+05 -1e+05 0 -2e+05 0
 877 -23 1.531e+05 5977 -23 -8.602e+04 -1e+05 -23 -2e+05 2.598e+04
 -1.969e+05 -4.475e+05 -3.226e+05 -8.966e+05 -4.136e+05 -1.388e+05 -7.086e+05 3.229e+05 -1.886e+05 -7.683e+05
 -1.125e+06 -1.442e+06 -7.665e+05 -1.809e+06 -1.255e+06 -9.676e+05 -1.735e+06 -7.21e+05 -1.008e+06 -1.412e+06
 -1.67e+06 -1.972e+06 -8.835e+05 -1.913e+06 -1.025e+06 -1.175e+06 -1.872e+06 -1.508e+06 -1.487e+06 -1.179e+06
 -8.79e+05 -2.151e+06 -9.301e+05 -1.827e+06 -7.733e+05 -1.015e+06 -1.433e+06 -8.7e+05 -1.077e+06 -1.276e+06
 -9.55e+05 -1.458e+06 -9.085e+05 -1.502e+06 -1.014e+06 -3.461e+05 -8.818e+05 -8.648e+05 -9.435e+05 -7.161e+05
 -2750 -8.447e+05 -6.452e+05 -1.166e+06 -1.331e+06 3.008e+05 -1.074e+06 -1.104e+06 -1.6e+06 -5.766e+05
 -2.74e+05 -8.069e+05 -1.207e+06 -8.143e+05 -1.341e+06 -9.835e+05 -1.411e+06 -9.461e+05 -1.685e+06 -1.045e+06
 -1.475e+06 -1.568e+06 -2.071e+06 -1.946e+06 -1.538e+06 -1.981e+06 -2.486e+06 -1.398e+06 -2.306e+06 -1.944e+06
 -1.454e+06 -2.088e+06 -2.135e+06 -1.449e+06 -1.906e+06 -2.529e+06 -2.819e+06 -1.453e+06 -2.226e+06 -1.545e+06
 -1.357e+06 -1.458e+06 -1.294e+06 -6.634e+05 -1.086e+06 -1.67e+06 -1.882e+06 -1.35e+06 -1.92e+05 -8.617e+05
 -7.787e+04 -6.655e+05 -6.126e+05 4.162e+05 -5.23e+05 -6.108e+05 -7.237e+05 -3.813e+05 -2.197e+05 -5.875e+05
 -1.27e+05 -3.44e+05 5.6e+04 2e+05 -1.58e+05 -4.3e+04 -4.16e+05 -2e+05 -4.4e+04 -2.58e+05
 0 -1e+05 1e+05 0 0 0 0 0 0 0
 1.229e+05 -2.021e+05 3.08e+05 -1.022e+05 -1.001e+05 -2.861e+05 -2.901e+05 8896 -2.359e+05 -1.001e+04
 -3.381e+05 -7.253e+05 -9.544e+05 -1.085e+06 -5.82e+05 1.754e+05 -7.407e+05 -6.53e+05 -2.27e+05 -3.696e+05
 -1.486e+06 -1.768e+06 -1.654e+06 -2.85e+06 -1.704e+06 -7.811e+05 -2.009e+06 -1.85e+06 -1.392e+06 -5.615e+05
 -1.694e+06 -1.867e+06 -9.996e+05 -2.677e+06 -8.709e+05 -9.283e+05 -2.208e+06 -1.46e+06 -1.381e+06 -1.33e+06
 -1.398e+06 -1.328e+06 -6.39e+05 -1.96e+06 -1.152e+06 -5.338e+05 -1.342e+06 -1.998e+06 -1.034e+06 -2.849e+05
 -8.99e+05 -1.361e+06 -7.732e+05 -1.137e+06 -1.479e+06 -1.73e+05 -1.055e+06 -1.762e+06 -8.851e+05 -3.546e+05
 -1.111e+06 -8.924e+05 -7.72e+05 -8.533e+05 -1.489e+06 -7.433e+05 -5.861e+05 -1.52e+06 -9.312e+05 -7.226e+04
 -1.974e+06 -1.377e+06 -1.986e+06 -1.723e+06 -1.762e+06 -2.203e+06 -2.118e+06 -1.862e+06 -2.277e+06 -1.172e+06
 -1.821e+06 -1.901e+06 -2.113e+06 -1.303e+06 -1.761e+06 -3.254e+06 -2.816e+06 -2.184e+06 -2.396e+06 -1.825e+06
 -9.528e+05 -1.614e+06 -1.213e+06 -1.36e+06 -1.434e+06 -1.819e+06 -2.162e+06 -1.175e+06 -1.238e+06 -9.431e+05
 -3.033e+05 -8.723e+05 -1.026e+06 -3.426e+05 -7.145e+05 -1.297e+06 -1.453e+06 -7.255e+05 -2.54e+05 -7.216e+05
 5.467e+05 -3.473e+05 -3.54e+04 1.108e+05 -2.829e+05 -7.358e+05 -4.909e+05 -4.009e+05 -3.01e+05 -2.469e+05
 2.84e+05 -3e+04 7.1e+04 3e+04 -1.5e+04 -3.99e+05 -1.14e+05 -2.14e+05 -1.5e+04 -1.5e+04
 0 -2.3e+04 2.3e+04 0 0 0 0 0 0 0
 3.514e+05 -2.788e+05 -2.68e+04 -1.978e+05 -5.228e+04 -7.645e+04 -3.226e+05 -2.218e+05 -2.238e+05 -3.023e+05
 -4.373e+05 -8.771e+05 -1.381e+06 -1.277e+06 -1.602e+05 -1.634e+05 -3.18e+05 -9.56e+05 -4.844e+05 -5.905e+05
 -9.367e+05 -1.587e+06 -2.341e+06 -1.905e+06 -7.841e+05 -7.578e+05 -1.605e+06 -2.341e+06 -1.685e+06 -2.771e+05
 -1.385e+06 -1.56e+06 -2.3e+06 -1.926e+06 -4.67e+05 -9.628e+05 -9.987e+05 -2.057e+06 -4.202e+05 -1.129e+06
 -9.43e+05 -1.225e+06 -1.774e+06 -1.88e+06 -2.902e+05 -7.034e+05 -8.653e+05 -2.218e+06 -4.749e+05 -9.194e+05
 -8.578e+05 -1.354e+06 -1.654e+06 -1.057e+06 -9.304e+05 -6.847e+05 -1.147e+06 -1.9e+06 -1.389e+06 -2.408e+05
 -1.989e+06 -1.363e+06 -2.061e+06 -1.398e+06 -1.953e+06 -2.08e+06 -2.44e+06 -2.622e+06 -2.026e+06 -8.399e+05
 -2.533e+06 -1.689e+06 -2.303e+06 -1.445e+06 -1.905e+06 -2.088e+06 -2.533e+06 -2.025e+06 -2.282e+06 -1.695e+06
 -1.819e+06 -1.818e+06 -1.299e+06 -1.186e+06 -1.152e+06 -1.929e+06 -2.038e+06 -1.641e+06 -1.893e+06 -6.522e+05
