# Created by Octave 5.2.0, Thu Sep 24 23:50:52 2020 CEST <jiwidi@land>
# name: w
# type: matrix
# rows: 197
# columns: 10
 -5.9 -4.8 -5.2 -5.4 -5 -4.4 -5.1 -4.9 -7.1 -5.1
 0 0 0 0 0 0 0 0 0 0
 0 0 0 0 0 0 0 0 0 0
 -0.1 0 -0.3 0 -0.2 0.3 -0.1 0 -0.2 -0.1
 -0.138 -0.284 -0.422 -0.084 -0.222 0.123 -0.138 0.615 -0.222 -0.353
 -0.1 -0.523 0.054 -0.2383 -0.046 -0.346 -0.3 0.823 -0.3307 -0.423
 -0.846 -0.8 -0.1536 -0.21 0.217 -0.7477 -0.5617 0.454 -0.308 -1.116
 -0.885 -1.323 -0.5311 -1.101 -0.87 -1.411 -0.977 -0.997 0.062 -0.5259
 -1.624 -2.178 -1.63 -1.484 -1.809 -1.654 -1.339 -1.954 -0.993 -0.4847
 -1.916 -1.34 -1.509 -1.359 -2.47 -2.038 -1.87 -2.393 -1.203 -0.83
 -1.875 -1.031 -1.15 -1.394 -1.96 -1.663 -1.261 -1.561 -1.114 -1.16
 -1.323 -0.5493 -1.191 -1.273 -1.293 -1.114 -1.154 -1.526 -0.651 -1.34
 -0.555 -0.045 -1.047 -0.84 -0.393 0.054 -0.43 -0.306 -1.186 -1.063
 -0.554 -2.776e-17 -0.5 -0.708 0.069 0.585 -0.746 -0.5 -1.046 -0.361
 0 0 0 0 0 0 0 0 0 0
 0 0 -0.062 -0.062 0 0 0 0.124 0 -0.124
 -0.012 0 -0.0448 -0.112 0 0.024 -0.0132 0.134 -0.1 -0.024
 -0.282 -0.1775 -0.2033 -0.2795 -0.3005 0.1686 -0.576 0.2908 -0.4921 -0.3644
 -0.6327 -0.6824 -0.5131 -0.2331 -0.6114 -0.3494 -0.8139 0.4148 -0.7365 -1.05
 -1.698 -1.778 -1.352 -1.008 -0.9736 -1.26 -2.082 -0.5693 -1.506 -2.253
 -2.286 -3.191 -2.452 -2.267 -2.595 -2.549 -2.627 -1.424 -2.819 -2.43
 -2.621 -4.018 -3.074 -2.433 -3.361 -3.381 -3.126 -2.294 -3.175 -2.539
 -3.548 -4.333 -3.255 -3.143 -4.813 -3.812 -3.767 -2.865 -3.107 -2.232
 -3.451 -4.177 -4.069 -3.444 -5.245 -3.413 -3.416 -2.818 -2.72 -2.144
 -4.177 -3.345 -3.713 -3.586 -4.447 -3.634 -3.93 -2.985 -3.512 -2.929
 -3 -3.045 -2.716 -3.446 -2.429 -2.649 -3.25 -1.765 -2.531 -3.516
 -2.172 -1.772 -2.389 -2.59 -1.365 -1.098 -2.288 -1.345 -2.657 -2.35
 -1.092 -0.4966 -1.325 -0.6169 -0.2107 0.5211 -1.475 -0.5007 -1.636 -0.9189
 -0.246 -0.177 -0.1 -0.277 -0.276 0.476 -0.399 0.1 -0.3 -0.3
 0 0 0 0 0 0 0 0 0 0
 -0.086 -0.00047 0.2553 -0.2865 -0.00047 -0.02847 -0.386 0.05878 -0.3016 -0.1717
 -0.2836 -0.3979 -0.226 -0.2266 -0.512 -0.2016 -0.5309 -0.0052 -0.2278 -0.6976
 -1.004 -1.217 -0.9854 -0.7516 -1.226 -0.8556 -1.399 -0.7141 -0.592 -1.989
 -2.102 -2.773 -1.664 -2.193 -2.025 -2.525 -2.811 -2.136 -2.551 -2.045
 -2.615 -3.254 -3.323 -2.431 -2.916 -3.062 -2.98 -3.017 -2.84 -2.166
 -2.203 -2.783 -2.764 -1.902 -2.545 -2.467 -2.529 -1.75 -1.939 -2.429
 -1.409 -2.065 -2.051 -1.938 -2.481 -1.533 -2.177 -1.403 -1.341 -2.109
 -1.152 -1.547 -2.06 -2.101 -2.733 -1.589 -1.979 -1.614 -2.897 -2.555
 -2.27 -2.528 -3.086 -3.417 -2.71 -3.057 -3.399 -2.805 -2.722 -3.131
 -2.224 -3.135 -2.66 -3.022 -2.584 -3.767 -3.899 -2.2 -2.616 -3.184
 -1.541 -2.22 -2.505 -1.233 -1.56 -1.813 -2.345 -1.223 -1.346 -1.988
 -0.8517 -0.7826 -1.336 0.0091 -0.8773 0.04518 -0.85 -0.4365 -0.364 -0.652
 -0.56 -0.17 -0.162 -0.112 -0.353 0.216 -0.27 -0.07 -0.042 -0.322
 0 0 0.1 0 0 0 0 0 -0.1 0
 -0.02887 0 0.0531 -0.03005 -2.3e-05 0.06 -0.03023 -0.03002 -0.146 -0.014
 -0.6537 -0.6475 -0.7083 -1.021 -0.6246 -0.2259 -0.6096 0.05167 -0.3146 -0.9923
 -1.419 -2.314 -1.145 -2.514 -1.811 -1.351 -2.184 -1.138 -1.483 -1.882
 -2.624 -3.159 -1.806 -2.836 -1.684 -2.183 -2.573 -2.241 -2.603 -1.767
 -1.994 -2.524 -1.716 -2.43 -1.189 -1.807 -2.154 -1.578 -1.601 -1.64
 -1.415 -1.992 -1.227 -2.355 -1.44 -0.6289 -1.146 -1.109 -1.136 -1.275
 -0.4557 -1.171 -1.027 -2.163 -1.704 -0.1302 -1.41 -1.522 -2.188 -0.8406
 -1.162 -1.044 -2.069 -1.442 -2.187 -1.625 -1.967 -1.286 -2.128 -1.592
 -2.385 -2.328 -3.117 -2.829 -2.53 -3 -3.55 -2.313 -2.96 -2.915
 -1.915 -3.249 -2.836 -2.341 -3.212 -3.34 -3.939 -2.563 -2.669 -2.428
 -1.734 -1.804 -1.828 -1.122 -1.518 -2.218 -2.315 -1.864 -0.8048 -1.324
 -0.2126 -0.7635 -1.03 0.543 -0.5964 -0.4598 -0.5957 -0.2217 -0.315 -0.8109
 -0.224 -0.358 -0.144 0.283 -0.358 0.057 -0.216 -0.158 -0.072 -0.258
 -0.1 -0.1 0.3 0 0 -0.1 0 0 -0.2 0
 0.0225 -0.1 0.4125 -0.1044 -0.000156 -0.2453 -0.098 0.007396 -0.2898 0.04408
 -0.9362 -0.9779 -1.256 -1.775 -0.8714 0.00797 -1.035 -0.8699 -0.5157 -0.5129
 -1.973 -2.503 -2.157 -3.588 -2.279 -1.372 -2.445 -2.419 -1.99 -1.299
 -2.507 -3.202 -2.066 -3.338 -1.75 -1.744 -2.936 -2.182 -2.117 -2.219
 -2.014 -2.089 -1.174 -2.618 -1.749 -1.23 -2.097 -2.527 -1.549 -1.191
 -1.438 -1.777 -1.287 -2.036 -1.997 -0.6555 -1.552 -2.278 -1.177 -0.8474
 -1.855 -1.426 -1.433 -1.491 -2.002 -1.245 -1.296 -2.18 -1.288 -0.6268
 -2.621 -1.755 -2.4 -1.942 -2.325 -3.458 -2.878 -2.296 -3.267 -1.923
 -2.54 -2.921 -3.273 -2.312 -2.503 -4.363 -3.827 -2.88 -3.132 -2.865
 -1.422 -1.916 -1.938 -2.123 -2.166 -2.582 -2.806 -1.824 -1.652 -1.584
 -0.276 -1.158 -1.238 -0.5449 -0.9161 -1.751 -1.715 -1.004 -1.044 -0.6871
 0.6171 -0.4469 -0.0972 -0.005135 -0.466 -0.8231 -0.4029 -0.3009 -0.4414 -0.0849
 0.299 -0.03 -0.029 0.03 -0.214 -0.414 -0.099 -0.114 -0.015 0
 -0.023 -0.023 0.069 0 0 -0.023 0 0 -0.046 0
 0.09938 -0.1547 -0.00307 -0.4257 0.0613 -0.2177 -0.3236 -0.2218 -0.3247 -0.1881
 -0.7414 -1.376 -1.867 -1.806 -0.2963 -0.4236 -0.7144 -1.359 -0.867 -1.001
 -1.442 -2.324 -2.979 -2.337 -1.059 -1.105 -1.967 -2.839 -1.975 -0.8121
 -1.617 -2.222 -2.972 -2.72 -1.42 -1.462 -1.7 -2.774 -0.9352 -1.823
 -1.623 -2.034 -2.438 -2.4 -0.9503 -1.518 -1.755 -2.691 -0.9811 -1.57
 -1.474 -2.014 -2.552 -1.856 -1.225 -1.269 -2.002 -2.453 -1.561 -0.9341
 -2.833 -2.061 -2.827 -2.094 -2.5 -2.79 -3.535 -3.18 -2.812 -1.684
 -3.374 -2.678 -3.353 -2.791 -2.754 -2.999 -3.729 -2.658 -3.506 -2.315
 -2.412 -2.29 -1.9 -1.709 -1.827 -2.345 -2.765 -2.153 -2.616 -1.557
 -0.9056 -1.304 -1.366 -1.249 -1.007 -1.345 -2.096 -1.267 -1.635 -0.9744
 0.0631 -0.911 -0.4217 -0.7056 -0.2554 -1.194 -1.384 -0.8092 -1.113 -0.4516
 0.6554 -0.2021 -0.2516 -0.3297 -0.3751 -0.595 -0.4466 -0.3005 -0.1988 -0.2006
 0.3574 0 0 -0.0017 0 -0.2787 -0.077 0 0 0
 0.269 -0.123 -0.223 0 0.046 -0.1 -0.292 -0.2 -0.123 -0.123
 -0.04063 -0.3427 -0.9502 -0.6697 0.06443 0.1015 -0.2467 -0.5691 -0.5527 -0.1557
 -0.315 -1.082 -1.839 -1.562 -0.4289 0.1851 -0.8624 -1.319 -1.722 -1.081
 -1.428 -2.024 -2.41 -1.633 -0.9182 -1.147 -1.219 -2.1 -2.107 -1.442
 -1.341 -2.298 -3.023 -2.478 -1.016 -0.7589 -2.087 -2.32 -2.335 -2.19
 -2.398 -2.905 -3.517 -2.444 -2.252 -1.678 -2.502 -3.444 -1.897 -2.184
 -3.654 -2.944 -3.099 -2.747 -2.894 -2.207 -3.694 -3.384 -2.663 -2.524
 -4.217 -3.043 -3.755 -2.555 -2.946 -3.213 -3.902 -3.134 -2.777 -3.621
 -3.097 -1.668 -2.55 -1.929 -1.963 -2.73 -2.973 -2.666 -1.776 -2.455
 -1.721 -1.63 -1.096 -1.001 -1.289 -1.341 -1.541 -1.491 -2.426 -1.142
 -1.182 -1.045 -0.3955 -1.194 -0.3263 -0.9234 -1.187 -0.8103 -1.816 -1.273
 0.06555 -0.8119 -0.5932 -0.4419 -0.2323 -1.421 -0.9117 -0.7082 -1.083 -0.8892
 0.559 -0.2 -0.512 -0.038 -0.3241 -0.7678 -0.349 -0.313 -0.2 -0.2001
 0.0537 0 0 -0.023 0 -0.023 -0.0077 0 0 0
 0.1 -0.2 -0.4 0 0.3 -0.1 -0.2 -0.2 -0.2 -0.3
 0.3083 -0.5263 -1.127 -0.5582 0.1849 -0.949 -0.1573 -0.749 -0.7733 -0.4261
 -0.4934 -1.122 -0.5479 -1.034 -0.2578 -1.044 -0.8351 -0.8632 -1.582 -1.156
 -0.9769 -1.437 -1.226 -1.078 -0.9243 -1.038 -1.13 -1.527 -2.476 -1.438
 -1.704 -2.72 -1.994 -2.418 -1.502 -1.642 -1.564 -2.49 -1.268 -2.106
 -2.765 -2.122 -2.039 -2.299 -1.88 -1.77 -2.507 -2.57 -1.914 -2.261
 -3.381 -2.325 -2.963 -2.501 -2.746 -3.006 -3.332 -3.091 -1.787 -3.61
 -2.847 -2.237 -3.193 -2.199 -2.85 -2.738 -3.135 -2.537 -2.429 -2.795
 -2.63 -1.403 -2.191 -1.76 -1.92 -1.953 -1.787 -2.146 -1.484 -1.801
 -1.707 -1.173 -1.574 -1.218 -0.9048 -0.962 -0.6715 -1.493 -1.954 -1.056
 -1.108 -1.351 -1.331 -0.8118 -0.6562 -1.262 -0.84 -1.188 -1.861 -1.682
 0.2234 -0.6679 -1.227 -0.527 -0.4829 -1.15 -0.382 -0.8453 -1.084 -1.206
 0.548 -0.2978 -0.9929 0.1035 -0.3057 -0.7537 -0.2113 -0.3978 -0.1985 -0.1979
 0.048 0 -0.048 0 0 0 0 0 0 0
 0.4 -0.138 -0.438 0.134 -0.169 -0.269 -0.1 -0.169 -0.165 0
 0.2424 -0.7429 -0.4802 -0.6151 -0.8676 -1.416 -0.4771 -0.7281 -0.77 -0.6405
 0.1814 -0.5728 -0.1824 -0.9539 -0.2953 -1.557 -0.2763 -0.7968 -0.187 -0.5251
 -0.6693 -1.216 -0.5511 -2.143 -0.7853 -2.138 -0.3378 -1.359 -0.3046 -1.638
