# Created by Octave 5.2.0, Thu Sep 24 23:52:38 2020 CEST <jiwidi@land>
# name: w
# type: matrix
# rows: 197
# columns: 10
 -2280 -2020 -2110 -2250 -2190 -1910 -2100 -2040 -2800 -2160
 0 0 0 0 0 0 0 0 0 0
 0 0 0 0 0 0 0 0 0 0
 -20 -20.82 -60 -30 -50 80 -20 -39.18 -70 -20
 -52.2 -101.5 -112.9 -72.2 -66 26.8 -32.2 117 -78.2 -70.7
 -52.3 -152.3 -15.4 -141.5 -49.2 -92.3 -84.6 180 -97.67 -156.2
 -177.9 -240.2 -126.2 -137.2 -57.5 -250.9 -159.5 80.43 -137 -345.6
 -308.9 -381.1 -275.6 -375.5 -337.9 -470.4 -370.8 -320.1 -192.1 -258
 -567.6 -593.7 -593.6 -505.1 -623.1 -606.8 -523.2 -695 -438.9 -154.4
 -674.3 -409.4 -662.4 -500.2 -793 -671.4 -663 -875.5 -502.2 -309
 -713.6 -604.2 -584.7 -642 -788.1 -731.5 -593.7 -589.4 -585.8 -528.1
 -570.1 -492.3 -554 -564.5 -476.9 -557.3 -566.6 -638.7 -463.5 -606.9
 -331.7 -120.4 -377.9 -266 -204.2 -120.6 -295.1 -158.9 -437.5 -414.5
 -198.5 -36.83 -247.7 -239.3 -81.67 126.2 -243.8 -180.7 -226.1 -125.3
 -10 0 -10 -10 -10 10 -10 -10 -10 -10
 0 0 -12.4 -24.8 -6.2 -6.2 0 31 0 -31
 -2.4 -10.72 -15.55 -47.12 -15.92 3.48 -2.65 48.48 -10.12 -19.8
 -116.5 -121.1 -93.53 -116.1 -128.5 14.49 -125.3 49.53 -181.1 -119
 -259.8 -305.5 -240.2 -174.7 -235.9 -113.8 -253.2 34.59 -303.2 -332.8
 -604.6 -741.6 -560.7 -426.4 -438.4 -472.1 -766.2 -355.8 -520.7 -843.7
 -950.4 -1182 -972.1 -868.8 -904.4 -968.7 -994.6 -522 -949.1 -1030
 -1125 -1451 -1150 -1043 -1248 -1252 -1221 -839.2 -1232 -977
 -1382 -1615 -1326 -1267 -1771 -1422 -1468 -1177 -1328 -932.4
 -1309 -1525 -1556 -1364 -1899 -1450 -1437 -1202 -1231 -934.7
 -1462 -1449 -1497 -1470 -1715 -1398 -1569 -1167 -1438 -1224
 -1219 -1204 -1193 -1341 -1119 -1151 -1290 -916.5 -1190 -1297
 -843.9 -776.3 -937.6 -862 -581.6 -543.3 -917.2 -664.1 -1011 -956.5
 -418 -240.9 -411.3 -258.8 -256.1 118.3 -386.5 -265.9 -474.8 -371.2
 -62.5 -40 -91.7 -108.3 -76.2 113.1 -46.6 2.5 -61.1 -84.3
 -20 -10 -20 20 0 -20 0 0 0 -20
 -67.45 -43.52 27.49 -61.85 -43.65 -44.74 -87.83 6.812 -70.77 -80.32
 -160.7 -175.8 -137.5 -201.4 -209.1 -156.8 -219.7 -60.18 -126.7 -229.9
 -485.5 -485.4 -425.2 -317 -526.1 -396.5 -543 -224.4 -318.1 -602
 -909 -1091 -750.8 -883.3 -828.2 -981.6 -1079 -820.7 -918.8 -879.7
 -1014 -1267 -1134 -1064 -1154 -1110 -1131 -976.5 -933.6 -942.3
 -873.3 -1062 -940.2 -805.3 -981.3 -888.2 -918.6 -623 -805.3 -1038
 -719.2 -748.8 -742.2 -790 -975.1 -698 -866.6 -634.1 -657 -926.7
 -598.2 -719.5 -818 -823.4 -1076 -793 -942.4 -678.6 -995.1 -1091
 -1010 -1149 -1303 -1377 -1183 -1285 -1318 -1186 -1088 -1344
 -1127 -1306 -1204 -1280 -1029 -1376 -1417 -1039 -1175 -1345
 -706.8 -788 -905.1 -533.3 -657.2 -648.5 -864.4 -542.8 -557.8 -728
 -307.9 -271.7 -364.8 -75.93 -393.1 -162.5 -315.7 -227.8 -188 -299.9
 -158.7 -78.4 -58.5 -71 -86.8 34.1 -71.5 -38.6 -8.8 -115.2
 -10 -10 50 0 -20 -10 -30 0 -50 -10
 -23.25 -21.2 44.44 -11.31 -27.6 -12.71 -45.45 -6.502 -59.19 -13.2
 -254.9 -259.2 -285.1 -383.7 -288.7 -133 -261.4 -109.6 -125.9 -251.8
 -650.2 -724.8 -439.6 -844.1 -761.4 -546.8 -825.7 -483.5 -589 -706
 -1009 -1174 -754 -1055 -764 -829 -1016 -851.2 -903.5 -795.7
 -765.4 -988.7 -642.9 -914.8 -646.9 -699.3 -766 -631.2 -724.8 -733.2
 -541.7 -694.2 -559.1 -817.6 -620.5 -377 -503.6 -552.8 -602.2 -551.7
 -304.8 -482.8 -468.2 -669.4 -716.3 -229.6 -615.5 -652 -733.2 -398.8
 -575.6 -688.9 -910.1 -687.4 -888.3 -734.9 -873.1 -560.1 -846.4 -945.5
 -1097 -1108 -1340 -1289 -1107 -1287 -1408 -1066 -1353 -1202
 -910.6 -1178 -1105 -1025 -1107 -1182 -1439 -960.9 -1087 -1013
 -625.2 -714.3 -634.8 -478.2 -659.6 -755.5 -799.5 -709.6 -378.9 -552.7
 -178.2 -280.8 -335.8 94.62 -262.3 -329 -321.1 -199.9 -221.3 -287.5
 -94.2 -129.1 -80.3 34.6 -105.1 -76.9 -156.5 -71.6 -65.9 -117.4
 -40 -30 50 -10 -40 -40 -20 -20 -40 -20
 -28.92 -63.51 52.62 -41.54 -80.13 -101 -56.19 -67.32 -86.16 -30.6
 -276.1 -333.7 -410.4 -494.8 -337.5 -85.84 -296.5 -304 -159 -210.7
 -771.7 -926.8 -793 -1129 -833.5 -561.8 -855.2 -816.7 -720.4 -409.4
 -879.5 -1082 -748.2 -1223 -702.4 -658.1 -957.7 -831.9 -849.2 -901.6
 -838.9 -828.7 -581.3 -1052 -708.2 -520.6 -790 -1026 -670.6 -496.7
 -601.4 -716.4 -587.2 -689.3 -752.6 -364.9 -668.4 -898.7 -528.3 -359.1
 -713.6 -605.4 -628.2 -581.5 -801.8 -521.4 -612.2 -900.6 -580.3 -261.3
 -1135 -829.1 -1140 -950.9 -1096 -1338 -1215 -1083 -1314 -939.6
 -1138 -1221 -1318 -1072 -1167 -1588 -1470 -1253 -1190 -1176
 -569.5 -857.7 -766.6 -816.3 -861.5 -898.2 -1036 -778.2 -666.9 -648.4
 -159.5 -424.9 -408.2 -223.9 -376.5 -561.8 -556.1 -369.9 -343.6 -300.7
 57.9 -131.9 -57.42 42.94 -90.56 -313.9 -149.6 -103.8 -153.3 -76.48
 80 -29 8.7 -32.4 -31.4 -124.4 -49.1 -32.9 -21.4 -31.4
 -9.2 -6.9 11.5 -2.3 -9.2 -9.2 -4.6 -4.6 -9.2 -4.6
 -1.884 -118.2 -57.21 -141.3 0.973 -78.21 -27.38 -88.05 -90.34 -147.8
 -270.3 -486.4 -534.1 -561 -120.1 -284.3 -299 -407.1 -265.3 -310.1
 -538.5 -790.1 -884.5 -798.7 -466.5 -481.7 -705.2 -994.6 -740.9 -321.7
 -890 -978 -1165 -1032 -666.9 -690.3 -794.7 -1066 -655.2 -756
 -784.5 -840.5 -978.4 -919 -476.1 -717.2 -737.6 -1097 -536.7 -696.3
 -601.5 -732.1 -940.7 -658.8 -608 -658.6 -782.6 -974.3 -662.5 -506.5
 -1223 -955 -1162 -960 -1137 -1208 -1301 -1344 -1124 -836
 -1383 -1203 -1322 -1122 -1183 -1337 -1427 -1290 -1392 -1069
 -967.7 -1002 -893.4 -753.2 -791.4 -1033 -1054 -977.6 -997.3 -578
 -406.9 -511.2 -584.7 -442.9 -483.5 -565.3 -780.8 -524.8 -518.8 -248.1
 12.31 -265.3 -135.4 -242.5 -101 -360.9 -405.2 -231.7 -373.8 -130.1
 129.6 -90.27 -54.57 -120.7 -68.97 -153.8 -114.5 -89.38 -76.1 -60.01
 79.01 -0.17 7.53 -18.04 -7.87 -84.24 -27.87 -7.7 -0.17 -7.7
 9.3 -31.5 -75.3 -22.3 16.1 -24.6 -1.6 -32.3 -26.9 -24.6
 -45.16 -173.3 -225.1 -224.4 22.16 -80.65 -60.97 -247.6 -194.9 -60.28
 -122.3 -281.4 -513.8 -456.2 -169.9 -34.99 -277.5 -396.8 -513.5 -283
 -549.9 -797 -891.9 -607.4 -368 -515.2 -502 -839.2 -761.8 -566.3
 -708.1 -950.3 -1153 -998.3 -621.3 -547.2 -900.4 -1107 -955.6 -944.6
 -1037 -1165 -1331 -1065 -1077 -823.5 -1062 -1406 -1013 -953.4
 -1384 -1219 -1254 -1067 -1221 -1036 -1460 -1429 -1208 -1139
 -1576 -1211 -1467 -1217 -1306 -1453 -1504 -1501 -1250 -1360
 -1234 -878 -1263 -950.1 -984.8 -1148 -1230 -1216 -925 -1027
 -770.7 -617.7 -615.6 -524.4 -544.1 -669.2 -717.9 -624 -841.5 -507
 -414.1 -360.6 -228.9 -358 -194.9 -338.1 -491.9 -291.2 -554.5 -407.9
 -51.66 -251.6 -189.2 -168.2 -117.3 -393.3 -238.4 -225.2 -351 -267.2
 89.89 -89.06 -114.3 -32.48 -76.32 -204 -85.2 -101.1 -74.48 -78.44
 26.9 -2.3 -12.3 -4.6 -2.3 -4.6 -12.3 -10 -2.3 0
 -50 -70 -110 -30 90 -60 20 -40 -50 -60
 54.56 -156.4 -284.7 -175.2 45.74 -240.6 -38.62 -235.7 -223.1 -81.25
 -159.8 -285.2 -245 -292.4 -55.37 -458 -287 -303.3 -490.9 -301
 -465.8 -527.3 -573 -508 -379.7 -492.4 -439.5 -593.7 -728.1 -535.4
 -827.9 -996.8 -736.7 -856.3 -580.9 -789.7 -701 -950.9 -636.8 -861.1
 -1004 -944.6 -883.6 -835.1 -878.1 -923.3 -1018 -1084 -830.5 -996.8
 -1337 -1089 -1207 -1118 -1202 -1224 -1294 -1319 -954.8 -1242
 -1282 -1039 -1307 -1058 -1176 -1195 -1238 -1135 -1150 -1212
 -1019 -638.8 -1029 -892.7 -841.8 -914.7 -864.8 -930.7 -844.1 -899.9
 -617.8 -527.2 -637 -475.9 -424.5 -528.9 -473 -595.3 -732.6 -542.2
 -425.3 -465.7 -463.1 -344.4 -314.8 -414.2 -441.8 -428 -609.1 -588.7
 -38.79 -230.2 -421.3 -151 -178 -287.9 -88.65 -235.7 -330.6 -327.4
 100.8 -103.2 -248.1 5.271 -68.95 -209.4 -19.27 -99.87 -62.87 -73.61
 11.1 0 -9.6 0 0 0 -1.5 0 0 0
 36.2 -50.7 -127.2 -25.9 -6.9 -69.93 13.1 -53.4 -37.27 -47.67
 96.67 -174.8 -90.06 -180.4 -167.7 -400.9 -112.4 -161.1 -246.5 -195.3
 -11.56 -213.2 -198.5 -314.7 -63.64 -530.5 -135.7 -291.5 -127.6 -212.2
 -333.2 -564 -376.8 -809.3 -328.5 -748.2 -295.6 -579.1 -309.2 -574.4
 -691.7 -640.9 -608 -1011 -547.9 -989.7 -546 -743.4 -482.4 -788.5
 -875.7 -695.3 -885.5 -925.7 -707.3 -1111 -763 -769.1 -512.5 -927
 -1110 -847.3 -893.1 -1149 -851.9 -1148 -1020 -1074 -788.7 -1059
 -1159 -906 -709.8 -1078 -783.3 -964 -818 -946.9 -966.4 -1054
 -958.8 -793 -685.1 -807.9 -836.2 -937.6 -587.3 -832 -680.8 -766.3
 -722.4 -721.2 -621.2 -622.1 -649.9 -685 -675.7 -636.5 -560.8 -955.7
 -418 -521.3 -640.4 -448 -416.5 -428.7 -314.6 -468.1 -549.8 -546.7
