# Created by Octave 5.2.0, Thu Sep 24 23:53:12 2020 CEST <jiwidi@land>
# name: w
# type: matrix
# rows: 197
# columns: 10
 -5.9e+04 -4.8e+04 -5.2e+04 -5.4e+04 -5e+04 -4.4e+04 -5.1e+04 -4.9e+04 -7.1e+04 -5.1e+04
 0 0 0 0 0 0 0 0 0 0
 0 0 0 0 0 0 0 0 0 0
 -1000 0 -3000 0 -2000 3000 -1000 0 -2000 -1000
 -1380 -2840 -4220 -840 -2220 1230 -1380 6150 -2220 -3530
 -1000 -5230 540 -2383 -460 -3460 -3000 8230 -3307 -4230
 -8460 -8000 -1536 -2100 2170 -7477 -5617 4540 -3080 -1.116e+04
 -8850 -1.323e+04 -5311 -1.101e+04 -8700 -1.411e+04 -9770 -9970 620 -5259
 -1.624e+04 -2.178e+04 -1.63e+04 -1.484e+04 -1.809e+04 -1.654e+04 -1.339e+04 -1.954e+04 -9930 -4847
 -1.916e+04 -1.34e+04 -1.509e+04 -1.359e+04 -2.47e+04 -2.038e+04 -1.87e+04 -2.393e+04 -1.203e+04 -8300
 -1.875e+04 -1.031e+04 -1.15e+04 -1.394e+04 -1.96e+04 -1.663e+04 -1.261e+04 -1.561e+04 -1.114e+04 -1.16e+04
 -1.323e+04 -5493 -1.191e+04 -1.273e+04 -1.293e+04 -1.114e+04 -1.154e+04 -1.526e+04 -6510 -1.34e+04
 -5550 -450 -1.047e+04 -8400 -3930 540 -4300 -3060 -1.186e+04 -1.063e+04
 -5540 0 -5000 -7080 690 5850 -7460 -5000 -1.046e+04 -3610
 0 0 0 0 0 0 0 0 0 0
 0 0 -620 -620 0 0 0 1240 0 -1240
 -120 0 -448 -1120 0 240 -132 1340 -1000 -240
 -2820 -1775 -2033 -2795 -3005 1686 -5760 2908 -4921 -3644
 -6327 -6824 -5131 -2331 -6114 -3494 -8139 4148 -7365 -1.05e+04
 -1.698e+04 -1.778e+04 -1.352e+04 -1.008e+04 -9736 -1.26e+04 -2.082e+04 -5693 -1.506e+04 -2.253e+04
 -2.286e+04 -3.191e+04 -2.452e+04 -2.267e+04 -2.595e+04 -2.549e+04 -2.627e+04 -1.424e+04 -2.819e+04 -2.43e+04
 -2.621e+04 -4.018e+04 -3.074e+04 -2.433e+04 -3.361e+04 -3.381e+04 -3.126e+04 -2.294e+04 -3.175e+04 -2.539e+04
 -3.548e+04 -4.333e+04 -3.255e+04 -3.143e+04 -4.813e+04 -3.812e+04 -3.767e+04 -2.865e+04 -3.107e+04 -2.232e+04
 -3.451e+04 -4.177e+04 -4.069e+04 -3.444e+04 -5.245e+04 -3.413e+04 -3.416e+04 -2.818e+04 -2.72e+04 -2.144e+04
 -4.177e+04 -3.345e+04 -3.713e+04 -3.586e+04 -4.447e+04 -3.634e+04 -3.93e+04 -2.985e+04 -3.512e+04 -2.929e+04
 -3e+04 -3.045e+04 -2.716e+04 -3.446e+04 -2.429e+04 -2.649e+04 -3.25e+04 -1.765e+04 -2.531e+04 -3.516e+04
 -2.172e+04 -1.772e+04 -2.389e+04 -2.59e+04 -1.365e+04 -1.098e+04 -2.288e+04 -1.345e+04 -2.657e+04 -2.35e+04
 -1.092e+04 -4966 -1.325e+04 -6169 -2107 5211 -1.475e+04 -5007 -1.636e+04 -9189
 -2460 -1770 -1000 -2770 -2760 4760 -3990 1000 -3000 -3000
 0 0 0 0 0 0 0 0 0 0
 -860 -4.7 2553 -2865 -4.7 -284.7 -3860 587.8 -3016 -1717
 -2836 -3979 -2260 -2266 -5120 -2016 -5309 -52 -2278 -6976
 -1.004e+04 -1.217e+04 -9854 -7516 -1.226e+04 -8556 -1.399e+04 -7141 -5920 -1.989e+04
 -2.102e+04 -2.773e+04 -1.664e+04 -2.193e+04 -2.025e+04 -2.525e+04 -2.811e+04 -2.136e+04 -2.551e+04 -2.045e+04
 -2.615e+04 -3.254e+04 -3.323e+04 -2.431e+04 -2.916e+04 -3.062e+04 -2.98e+04 -3.017e+04 -2.84e+04 -2.166e+04
 -2.203e+04 -2.783e+04 -2.764e+04 -1.902e+04 -2.545e+04 -2.467e+04 -2.529e+04 -1.75e+04 -1.938e+04 -2.429e+04
 -1.409e+04 -2.065e+04 -2.051e+04 -1.938e+04 -2.481e+04 -1.533e+04 -2.177e+04 -1.403e+04 -1.341e+04 -2.109e+04
 -1.152e+04 -1.547e+04 -2.06e+04 -2.101e+04 -2.733e+04 -1.589e+04 -1.979e+04 -1.614e+04 -2.897e+04 -2.555e+04
 -2.27e+04 -2.528e+04 -3.086e+04 -3.417e+04 -2.71e+04 -3.057e+04 -3.399e+04 -2.805e+04 -2.722e+04 -3.131e+04
 -2.224e+04 -3.135e+04 -2.66e+04 -3.022e+04 -2.584e+04 -3.767e+04 -3.899e+04 -2.2e+04 -2.616e+04 -3.184e+04
 -1.541e+04 -2.22e+04 -2.505e+04 -1.233e+04 -1.56e+04 -1.813e+04 -2.345e+04 -1.223e+04 -1.346e+04 -1.988e+04
 -8517 -7826 -1.336e+04 91 -8773 451.8 -8500 -4365 -3640 -6520
 -5600 -1700 -1620 -1120 -3530 2160 -2700 -700 -420 -3220
 0 0 1000 0 0 0 0 0 -1000 0
 -288.7 0 531 -300.5 -0.23 600 -302.3 -300.2 -1460 -140
 -6537 -6475 -7084 -1.021e+04 -6246 -2259 -6096 516.7 -3146 -9923
 -1.419e+04 -2.314e+04 -1.145e+04 -2.514e+04 -1.811e+04 -1.351e+04 -2.184e+04 -1.138e+04 -1.483e+04 -1.882e+04
 -2.624e+04 -3.159e+04 -1.806e+04 -2.836e+04 -1.684e+04 -2.183e+04 -2.573e+04 -2.241e+04 -2.603e+04 -1.767e+04
 -1.994e+04 -2.524e+04 -1.716e+04 -2.43e+04 -1.189e+04 -1.807e+04 -2.154e+04 -1.578e+04 -1.601e+04 -1.64e+04
 -1.415e+04 -1.992e+04 -1.227e+04 -2.355e+04 -1.44e+04 -6289 -1.146e+04 -1.109e+04 -1.136e+04 -1.275e+04
 -4557 -1.171e+04 -1.027e+04 -2.163e+04 -1.704e+04 -1302 -1.41e+04 -1.522e+04 -2.188e+04 -8406
 -1.162e+04 -1.044e+04 -2.069e+04 -1.442e+04 -2.187e+04 -1.625e+04 -1.967e+04 -1.286e+04 -2.128e+04 -1.592e+04
 -2.385e+04 -2.328e+04 -3.117e+04 -2.829e+04 -2.53e+04 -3e+04 -3.55e+04 -2.313e+04 -2.96e+04 -2.915e+04
 -1.915e+04 -3.249e+04 -2.836e+04 -2.341e+04 -3.212e+04 -3.34e+04 -3.939e+04 -2.563e+04 -2.669e+04 -2.428e+04
 -1.734e+04 -1.804e+04 -1.828e+04 -1.122e+04 -1.518e+04 -2.218e+04 -2.315e+04 -1.864e+04 -8048 -1.324e+04
 -2126 -7635 -1.03e+04 5430 -5964 -4598 -5957 -2217 -3150 -8109
 -2240 -3580 -1440 2830 -3580 570 -2160 -1580 -720 -2580
 -1000 -1000 3000 0 0 -1000 0 0 -2000 0
 225 -1000 4125 -1044 -1.56 -2453 -980 73.96 -2898 440.8
 -9362 -9779 -1.256e+04 -1.775e+04 -8714 79.7 -1.035e+04 -8699 -5157 -5129
 -1.973e+04 -2.503e+04 -2.157e+04 -3.588e+04 -2.279e+04 -1.372e+04 -2.445e+04 -2.419e+04 -1.99e+04 -1.299e+04
 -2.507e+04 -3.202e+04 -2.066e+04 -3.338e+04 -1.75e+04 -1.744e+04 -2.936e+04 -2.182e+04 -2.117e+04 -2.219e+04
 -2.014e+04 -2.089e+04 -1.174e+04 -2.618e+04 -1.749e+04 -1.23e+04 -2.097e+04 -2.527e+04 -1.549e+04 -1.191e+04
 -1.438e+04 -1.777e+04 -1.287e+04 -2.036e+04 -1.997e+04 -6555 -1.552e+04 -2.278e+04 -1.177e+04 -8474
 -1.855e+04 -1.426e+04 -1.433e+04 -1.491e+04 -2.002e+04 -1.245e+04 -1.296e+04 -2.18e+04 -1.288e+04 -6268
 -2.621e+04 -1.755e+04 -2.4e+04 -1.942e+04 -2.325e+04 -3.458e+04 -2.878e+04 -2.296e+04 -3.267e+04 -1.923e+04
 -2.54e+04 -2.921e+04 -3.273e+04 -2.312e+04 -2.503e+04 -4.363e+04 -3.827e+04 -2.88e+04 -3.132e+04 -2.865e+04
 -1.422e+04 -1.916e+04 -1.938e+04 -2.123e+04 -2.166e+04 -2.582e+04 -2.806e+04 -1.824e+04 -1.652e+04 -1.584e+04
 -2760 -1.158e+04 -1.238e+04 -5449 -9161 -1.751e+04 -1.715e+04 -1.004e+04 -1.044e+04 -6871
 6171 -4469 -972 -51.35 -4660 -8231 -4029 -3009 -4414 -849
 2990 -300 -290 300 -2140 -4140 -990 -1140 -150 0
 -230 -230 690 0 0 -230 0 0 -460 0
 993.8 -1548 -30.7 -4258 613 -2177 -3236 -2218 -3248 -1881
 -7414 -1.376e+04 -1.867e+04 -1.806e+04 -2963 -4236 -7144 -1.359e+04 -8670 -1.001e+04
 -1.442e+04 -2.324e+04 -2.979e+04 -2.337e+04 -1.06e+04 -1.105e+04 -1.967e+04 -2.839e+04 -1.975e+04 -8121
 -1.617e+04 -2.222e+04 -2.972e+04 -2.72e+04 -1.42e+04 -1.462e+04 -1.7e+04 -2.774e+04 -9352 -1.823e+04
 -1.623e+04 -2.034e+04 -2.438e+04 -2.4e+04 -9503 -1.518e+04 -1.755e+04 -2.691e+04 -9811 -1.57e+04
 -1.474e+04 -2.014e+04 -2.552e+04 -1.856e+04 -1.225e+04 -1.269e+04 -2.002e+04 -2.453e+04 -1.561e+04 -9341
 -2.833e+04 -2.061e+04 -2.827e+04 -2.094e+04 -2.5e+04 -2.79e+04 -3.535e+04 -3.18e+04 -2.812e+04 -1.684e+04
 -3.374e+04 -2.678e+04 -3.353e+04 -2.791e+04 -2.754e+04 -2.999e+04 -3.729e+04 -2.658e+04 -3.506e+04 -2.315e+04
 -2.412e+04 -2.29e+04 -1.9e+04 -1.709e+04 -1.827e+04 -2.345e+04 -2.765e+04 -2.153e+04 -2.616e+04 -1.557e+04
 -9056 -1.304e+04 -1.366e+04 -1.249e+04 -1.007e+04 -1.345e+04 -2.096e+04 -1.267e+04 -1.635e+04 -9744
 631 -9110 -4217 -7056 -2554 -1.194e+04 -1.384e+04 -8092 -1.113e+04 -4516
 6554 -2020 -2516 -3298 -3750 -5950 -4466 -3006 -1988 -2006
 3574 0 0 -17 0 -2787 -770 0 0 0
 2690 -1230 -2230 0 460 -1000 -2920 -2000 -1230 -1230
 -406.3 -3427 -9502 -6697 644.3 1015 -2467 -5691 -5527 -1557
 -3150 -1.082e+04 -1.839e+04 -1.562e+04 -4289 1851 -8624 -1.319e+04 -1.722e+04 -1.081e+04
 -1.428e+04 -2.024e+04 -2.41e+04 -1.633e+04 -9182 -1.147e+04 -1.219e+04 -2.1e+04 -2.107e+04 -1.442e+04
 -1.341e+04 -2.298e+04 -3.023e+04 -2.478e+04 -1.016e+04 -7589 -2.087e+04 -2.32e+04 -2.335e+04 -2.19e+04
 -2.398e+04 -2.905e+04 -3.517e+04 -2.444e+04 -2.252e+04 -1.678e+04 -2.502e+04 -3.444e+04 -1.897e+04 -2.184e+04
 -3.654e+04 -2.944e+04 -3.099e+04 -2.747e+04 -2.894e+04 -2.207e+04 -3.694e+04 -3.384e+04 -2.663e+04 -2.524e+04
 -4.217e+04 -3.043e+04 -3.755e+04 -2.555e+04 -2.946e+04 -3.213e+04 -3.902e+04 -3.134e+04 -2.777e+04 -3.621e+04
