# Created by Octave 5.2.0, Thu Sep 24 23:53:11 2020 CEST <jiwidi@land>
# name: w
# type: matrix
# rows: 197
# columns: 10
 -3.9e+04 -3e+04 -3.1e+04 -3.5e+04 -3.4e+04 -2.7e+04 -3.3e+04 -3e+04 -4.6e+04 -3.1e+04
 0 0 0 0 0 0 0 0 0 0
 0 0 0 0 0 0 0 0 0 0
 -1000 0 -2000 0 -1000 2000 0 0 -2000 0
 -1380 -1690 -2530 -1840 -1530 690 -690 4150 -3220 -1690
 -1693 -1770 540 -3460 -1460 -3000 -2000 5153 -3460 -3000
 -3540 -7480 -1153 -3000 250 -6710 -5077 1773 -1850 -8407
 -3390 -6460 -4734 -5160 -2840 -6850 -7770 -5117 1090 -6369
 -9593 -1.009e+04 -1.084e+04 -9464 -8230 -1.158e+04 -5857 -1.071e+04 -6023 457
 -9540 -8300 -9920 -4280 -1.685e+04 -1.201e+04 -8920 -1.469e+04 -2869 -5397
 -1.208e+04 -5380 -5910 -7360 -1.422e+04 -1.253e+04 -7280 -1.114e+04 -6290 -8400
 -7310 -6383 -1.183e+04 -8460 -3617 -5870 -7380 -8220 -4810 -1.155e+04
 -6770 -2140 -5240 -3930 70 2530 -8000 -1840 -6630 -7860
 -5540 460 -2000 -6080 150 5000 -4460 -2923 -6610 -2227
 0 0 0 0 0 0 0 0 0 0
 0 0 0 -620 -620 0 0 1240 0 -1240
 -120 0 -580 -120 0 120 0 2460 -1000 -1120
 -2970 -1639 -1233 -2282 -2970 840.6 -1970 3853 -5621 -4364
 -6086 -6074 -2291 -5193 -5100 -2000 -4670 1541 -6895 -7460
 -8890 -1.297e+04 -8599 -3934 -6778 -5013 -1.185e+04 228.4 -8723 -1.472e+04
 -1.464e+04 -1.998e+04 -1.086e+04 -1.037e+04 -1.449e+04 -1.264e+04 -1.722e+04 -3617 -1.491e+04 -1.319e+04
 -1.759e+04 -2.552e+04 -1.381e+04 -1.632e+04 -2.206e+04 -2.405e+04 -2.165e+04 -1.208e+04 -2.335e+04 -1.054e+04
 -2.151e+04 -2.718e+04 -1.708e+04 -1.777e+04 -3.254e+04 -2.652e+04 -2.64e+04 -1.689e+04 -1.76e+04 -8854
 -1.841e+04 -2.563e+04 -2.761e+04 -2.364e+04 -3.225e+04 -2.574e+04 -2.566e+04 -1.699e+04 -1.759e+04 -8140
 -2.087e+04 -2.41e+04 -2.439e+04 -2.462e+04 -2.836e+04 -2.424e+04 -2.569e+04 -1.789e+04 -1.964e+04 -1.624e+04
 -2.351e+04 -1.969e+04 -2.05e+04 -2.488e+04 -1.417e+04 -1.825e+04 -2.08e+04 -1.028e+04 -1.819e+04 -1.931e+04
 -1.611e+04 -1.325e+04 -1.564e+04 -1.773e+04 -7278 -7761 -1.746e+04 -9225 -1.979e+04 -1.788e+04
 -8039 -2085 -5769 -5083 -2993 7071 -8170 -2554 -1.17e+04 -7216
 -1150 0 -760 -3070 -2170 3390 -1000 2000 -1000 -2000
 0 0 0 1000 0 0 0 0 0 -1000
 -1860 -4.7 693.3 -860 -1000 -140 -1000 2445 -3009 -2850
 -2142 -2767 -335.6 -1843 -2534 -1973 -4484 -10.7 592.9 -5680
 -6613 -7500 -5761 -1222 -7487 -5284 -1.065e+04 -1405 -2732 -9984
 -1.36e+04 -1.687e+04 -9937 -8429 -1.183e+04 -1.35e+04 -1.881e+04 -8379 -1.24e+04 -1.18e+04
 -1.52e+04 -2.105e+04 -2.081e+04 -1.768e+04 -2.005e+04 -1.698e+04 -1.905e+04 -1.53e+04 -1.653e+04 -9100
 -1.198e+04 -1.68e+04 -1.373e+04 -1.308e+04 -1.836e+04 -1.511e+04 -1.616e+04 -8393 -1.535e+04 -1.452e+04
 -1.011e+04 -9909 -1.166e+04 -1.128e+04 -1.976e+04 -9442 -1.394e+04 -6340 -1.325e+04 -1.542e+04
 -4493 -9484 -1.318e+04 -1.455e+04 -1.836e+04 -1.144e+04 -1.602e+04 -7875 -2.148e+04 -1.807e+04
 -1.168e+04 -1.459e+04 -1.61e+04 -2.39e+04 -1.512e+04 -1.864e+04 -2.136e+04 -1.526e+04 -1.714e+04 -2.019e+04
 -1.657e+04 -1.664e+04 -1.788e+04 -1.62e+04 -1.35e+04 -2.153e+04 -2.004e+04 -1.098e+04 -1.503e+04 -1.968e+04
 -1.355e+04 -1.311e+04 -1.798e+04 -8244 -1.29e+04 -1.15e+04 -1.788e+04 -8813 -1.104e+04 -1.587e+04
 -7245 -5815 -7288 -252 -6935 852 -9200 -3900 -6097 -7400
 -3910 -990 -1140 -450 -1220 1990 -3530 -1220 -690 -1450
 0 0 1000 0 0 0 0 0 -1000 0
 -300 0 240 60 -0.23 300 -0.23 332.5 -1002 -530
 -3389 -3499 -2188 -5286 -3349 -1578 -4969 46.5 1864 -5273
 -1.003e+04 -1.339e+04 -3464 -1.33e+04 -1.169e+04 -5838 -1.449e+04 -3239 -8125 -9094
 -1.691e+04 -1.734e+04 -8547 -1.78e+04 -9423 -8895 -1.582e+04 -1.093e+04 -1.795e+04 -1.151e+04
 -7462 -1.425e+04 -8666 -1.989e+04 -1.071e+04 -6844 -1.435e+04 -7232 -1.112e+04 -1.048e+04
 -8156 -1.27e+04 -8366 -1.485e+04 -1.058e+04 -5587 -7131 -6206 -7534 -7912
 -2328 -7594 -8563 -1.184e+04 -1.396e+04 -2046 -1.101e+04 -7515 -1.712e+04 -8334
 -3245 -8329 -1.175e+04 -7602 -1.446e+04 -9527 -1.083e+04 -8996 -1.445e+04 -1.071e+04
 -1.156e+04 -1.231e+04 -1.593e+04 -1.336e+04 -1.27e+04 -1.578e+04 -1.967e+04 -1.058e+04 -1.49e+04 -1.692e+04
 -1.094e+04 -1.973e+04 -1.904e+04 -1.361e+04 -1.834e+04 -1.975e+04 -2.536e+04 -1.408e+04 -1.667e+04 -1.645e+04
 -1.01e+04 -1.454e+04 -1.514e+04 -8102 -1.035e+04 -1.82e+04 -1.781e+04 -1.197e+04 -3266 -9438
 -1408 -6234 -8269 4451 -6111 -7151 -7626 -3496 -5885 -6602
 -2580 -1580 -580 2230 -2580 -70 -3160 -2580 -2580 -2580
 -1000 -1000 3000 0 0 -1000 0 0 -1000 -1000
 -770 -1000 4140 -21 -1002 -2479 -1461 -371 -1439 -99.25
 -5251 -8281 -7324 -9303 -9716 -1975 -5789 -6611 -1830 -1051
 -1.527e+04 -1.694e+04 -1.591e+04 -2.498e+04 -1.335e+04 -3973 -1.614e+04 -1.535e+04 -1.331e+04 -5370
 -1.406e+04 -1.546e+04 -6086 -2.48e+04 -7280 -6338 -1.694e+04 -1.477e+04 -1.455e+04 -9970
 -1.279e+04 -1.452e+04 -4740 -1.874e+04 -1.189e+04 -3379 -1.199e+04 -1.749e+04 -7902 -2180
 -1.223e+04 -1.294e+04 -9934 -1.264e+04 -1.504e+04 -4067 -9870 -1.75e+04 -6551 -4872
 -1.622e+04 -1.018e+04 -9214 -1.143e+04 -1.532e+04 -7211 -9368 -1.474e+04 -1.073e+04 -2753
 -1.489e+04 -8580 -1.672e+04 -1.017e+04 -1.317e+04 -1.868e+04 -1.797e+04 -1.185e+04 -2.023e+04 -7093
 -1.399e+04 -1.783e+04 -1.819e+04 -1.204e+04 -1.378e+04 -2.696e+04 -2.234e+04 -1.821e+04 -1.352e+04 -1.457e+04
 -7659 -1.464e+04 -1.431e+04 -1.352e+04 -1.224e+04 -1.867e+04 -1.848e+04 -1.441e+04 -8573 -9383
 -310 -8770 -8981 -4523 -8711 -1.29e+04 -1.432e+04 -4758 -4157 -1.069e+04
 4501 -3659 -2801 2178 -3829 -6269 -2659 -3009 -4386 -2469
 1840 -1140 710 -700 -1140 -2000 0 -1150 -150 -150
 -230 -230 690 0 0 -230 0 0 -230 -230
 1770 -2008 982.5 -988.3 -1872 -761.4 -237.8 -217.5 -2114 -2684
 -5337 -9560 -1.448e+04 -1.233e+04 -4073 -3016 -6960 -7543 -7160 -4373
 -5548 -1.586e+04 -2.063e+04 -1.947e+04 -7140 -6052 -1.477e+04 -2.129e+04 -1.452e+04 -5466
 -1.382e+04 -1.548e+04 -1.814e+04 -1.653e+04 -7406 -8516 -1.131e+04 -2.057e+04 -3500 -8918
 -1.583e+04 -1.052e+04 -1.706e+04 -1.373e+04 -6367 -7620 -1.162e+04 -1.963e+04 -5424 -8623
 -1.028e+04 -9906 -1.73e+04 -1.095e+04 -1.052e+04 -1.072e+04 -1.352e+04 -1.692e+04 -9639 -4858
 -1.883e+04 -1.112e+04 -1.463e+04 -1.175e+04 -1.706e+04 -1.657e+04 -2.152e+04 -2.018e+04 -1.916e+04 -8111
 -2.108e+04 -1.503e+04 -2.106e+04 -1.468e+04 -1.386e+04 -1.843e+04 -2.136e+04 -1.432e+04 -1.573e+04 -1.084e+04
 -1.581e+04 -1.499e+04 -1.387e+04 -9589 -1.095e+04 -1.77e+04 -1.802e+04 -1.476e+04 -1.713e+04 -1.017e+04
 -5998 -1.044e+04 -1.134e+04 -9921 -9103 -1.322e+04 -1.634e+04 -8501 -1.315e+04 -5603
 1499 -5670 -2717 -6360 -733.8 -8342 -1.001e+04 -5370 -7248 -3369
 4096 -3000 -1971 -3142 -2006 -3930 -3006 -3014 -2988 -1006
 2230 0 770 -770 0 -2230 0 -770 0 0
 770 -1000 -1230 0 -770 0 0 0 -230 0
 2150 -1021 -5161 -3027 -1080 219 -467 -2831 -4767 1598
 -1218 -7960 -1.436e+04 -1.347e+04 -5078 -814 -8583 -9043 -1.442e+04 -6770
 -7656 -1.381e+04 -1.851e+04 -9828 -3090 -6403 -6940 -1.515e+04 -1.139e+04 -1.3e+04
 -8258 -1.751e+04 -2.385e+04 -1.567e+04 -7230 -2073 -1.397e+04 -1.674e+04 -1.354e+04 -1.36e+04
 -1.525e+04 -2.29e+04 -2.294e+04 -1.587e+04 -1.574e+04 -1.082e+04 -1.661e+04 -2.407e+04 -1.409e+04 -1.337e+04
 -2.399e+04 -1.548e+04 -1.818e+04 -1.543e+04 -1.725e+04 -1.109e+04 -2.38e+04 -2.243e+04 -1.422e+04 -1.417e+04
 -2.885e+04 -1.603e+04 -2.363e+04 -1.159e+04 -1.905e+04 -1.967e+04 -2.496e+04 -1.955e+04 -1.405e+04 -1.901e+04
 -2.184e+04 -8703 -1.736e+04 -9382 -1.17e+04 -1.5e+04 -1.736e+04 -1.78e+04 -1.147e+04 -1.216e+04
 -1.395e+04 -1.307e+04 -8110 -7215 -9645 -8970 -1.388e+04 -1.137e+04 -1.854e+04 -7307
 -5374 -7262 -4470 -6804 -1005 -5956 -1.14e+04 -3728 -1.355e+04 -9171
 651.8 -4039 -2618 -3478 -571.9 -8760 -7010 -6009 -7914 -7582
 6027 -2990 -4010 -855.5 -2619 -5615 -2941 -3260 -3001 -1007
 1000 0 0 0 0 -1000 0 0 0 0
 0 -1000 -3000 0 760 -1000 1000 0 -1000 -760
 3145 -3270 -8527 -3535 -1781 -8288 -1008 -4940 -6931 -2271
 -726.3 -5856 -6160 -7159 -1990 -1.253e+04 -6246 -7010 -1.116e+04 -7644
 -5423 -8914 -8903 -6723 -5320 -6371 -7627 -1.058e+04 -1.737e+04 -9158
 -1.241e+04 -1.939e+04 -1.339e+04 -1.323e+04 -1.019e+04 -1.102e+04 -1.017e+04 -1.787e+04 -7620 -1.631e+04
