# Created by Octave 5.2.0, Thu Sep 24 23:53:01 2020 CEST <jiwidi@land>
# name: w
# type: matrix
# rows: 197
# columns: 10
 -5900 -4800 -5200 -5400 -5000 -4400 -5100 -4900 -7100 -5100
 0 0 0 0 0 0 0 0 0 0
 0 0 0 0 0 0 0 0 0 0
 -100 0 -300 0 -200 300 -100 0 -200 -100
 -138 -284 -422 -84 -222 123 -138 615 -222 -353
 -100 -523 54 -238.3 -46 -346 -300 823 -330.7 -423
 -846 -800 -153.6 -210 217 -747.7 -561.7 454 -308 -1116
 -885 -1323 -531.1 -1101 -870 -1411 -977 -997 62 -525.9
 -1624 -2178 -1630 -1484 -1809 -1654 -1339 -1954 -993 -484.7
 -1916 -1340 -1509 -1359 -2470 -2038 -1870 -2393 -1203 -830
 -1875 -1031 -1150 -1394 -1960 -1663 -1261 -1561 -1114 -1160
 -1323 -549.3 -1191 -1273 -1293 -1114 -1154 -1526 -651 -1340
 -555 -45 -1047 -840 -393 54 -430 -306 -1186 -1063
 -554 0 -500 -708 69 585 -746 -500 -1046 -361
 0 0 0 0 0 0 0 0 0 0
 0 0 -62 -62 0 0 0 124 0 -124
 -12 0 -44.8 -112 0 24 -13.2 134 -100 -24
 -282 -177.5 -203.3 -279.5 -300.5 168.6 -576 290.8 -492.1 -364.4
 -632.7 -682.4 -513.1 -233.1 -611.4 -349.4 -813.9 414.8 -736.5 -1050
 -1698 -1778 -1352 -1008 -973.6 -1260 -2082 -569.3 -1506 -2253
 -2286 -3191 -2452 -2267 -2595 -2549 -2627 -1424 -2819 -2430
 -2621 -4018 -3074 -2433 -3361 -3381 -3126 -2294 -3175 -2539
 -3548 -4333 -3255 -3143 -4813 -3812 -3767 -2865 -3107 -2232
 -3451 -4177 -4069 -3444 -5245 -3413 -3416 -2818 -2720 -2144
 -4177 -3345 -3713 -3586 -4447 -3634 -3930 -2985 -3512 -2929
 -3000 -3045 -2716 -3446 -2429 -2649 -3250 -1765 -2531 -3516
 -2172 -1772 -2389 -2590 -1365 -1098 -2288 -1345 -2657 -2350
 -1092 -496.6 -1325 -616.9 -210.7 521.1 -1475 -500.7 -1636 -918.9
 -246 -177 -100 -277 -276 476 -399 100 -300 -300
 0 0 0 0 0 0 0 0 0 0
 -86 -0.47 255.3 -286.5 -0.47 -28.47 -386 58.78 -301.6 -171.7
 -283.6 -397.9 -226 -226.6 -512 -201.6 -530.9 -5.2 -227.8 -697.6
 -1004 -1217 -985.4 -751.6 -1226 -855.6 -1399 -714.1 -592 -1989
 -2102 -2773 -1664 -2193 -2025 -2525 -2811 -2136 -2551 -2045
 -2615 -3254 -3323 -2431 -2916 -3062 -2980 -3017 -2840 -2166
 -2203 -2783 -2764 -1902 -2545 -2467 -2529 -1750 -1938 -2429
 -1409 -2065 -2051 -1938 -2481 -1533 -2177 -1403 -1341 -2109
 -1152 -1547 -2060 -2101 -2733 -1589 -1979 -1614 -2897 -2555
 -2270 -2528 -3086 -3417 -2710 -3057 -3399 -2805 -2722 -3131
 -2224 -3135 -2660 -3022 -2584 -3767 -3899 -2200 -2616 -3184
 -1541 -2220 -2505 -1233 -1560 -1813 -2345 -1223 -1346 -1988
 -851.7 -782.5 -1336 9.1 -877.3 45.18 -850 -436.5 -364 -652
 -560 -170 -162 -112 -353 216 -270 -70 -42 -322
 0 0 100 0 0 0 0 0 -100 0
 -28.87 0 53.1 -30.05 -0.023 60 -30.23 -30.02 -146 -14
 -653.7 -647.5 -708.4 -1021 -624.6 -225.9 -609.6 51.67 -314.6 -992.3
 -1419 -2314 -1145 -2514 -1811 -1351 -2184 -1138 -1483 -1882
 -2624 -3159 -1806 -2836 -1684 -2183 -2573 -2241 -2603 -1767
 -1994 -2524 -1716 -2430 -1189 -1807 -2154 -1578 -1601 -1640
 -1415 -1992 -1227 -2355 -1440 -628.9 -1146 -1109 -1136 -1275
 -455.7 -1171 -1027 -2163 -1704 -130.2 -1410 -1522 -2188 -840.6
 -1162 -1044 -2069 -1442 -2187 -1625 -1967 -1286 -2128 -1592
 -2385 -2328 -3117 -2829 -2530 -3000 -3550 -2313 -2960 -2915
 -1915 -3249 -2836 -2341 -3212 -3340 -3939 -2563 -2669 -2428
 -1734 -1804 -1828 -1123 -1518 -2218 -2315 -1864 -804.8 -1324
 -212.6 -763.5 -1030 543 -596.4 -459.8 -595.7 -221.7 -315 -810.9
 -224 -358 -144 283 -358 57 -216 -158 -72 -258
 -100 -100 300 0 0 -100 0 0 -200 0
 22.5 -100 412.5 -104.4 -0.156 -245.3 -98 7.396 -289.8 44.08
 -936.2 -977.9 -1256 -1775 -871.3 7.97 -1035 -869.9 -515.7 -512.9
 -1973 -2503 -2157 -3588 -2279 -1372 -2445 -2419 -1990 -1299
 -2507 -3202 -2066 -3338 -1750 -1744 -2936 -2182 -2117 -2219
 -2014 -2089 -1174 -2618 -1749 -1230 -2097 -2527 -1549 -1191
 -1438 -1777 -1287 -2036 -1997 -655.5 -1552 -2278 -1177 -847.4
 -1855 -1426 -1433 -1491 -2002 -1245 -1296 -2180 -1288 -626.8
 -2621 -1755 -2400 -1942 -2325 -3458 -2878 -2296 -3267 -1923
 -2540 -2921 -3273 -2312 -2503 -4363 -3827 -2880 -3132 -2865
 -1422 -1916 -1938 -2123 -2166 -2582 -2806 -1824 -1652 -1584
 -276 -1158 -1238 -544.9 -916.1 -1751 -1715 -1004 -1044 -687.1
 617.1 -446.9 -97.2 -5.135 -466 -823.1 -402.9 -300.9 -441.4 -84.9
 299 -30 -29 30 -214 -414 -99 -114 -15 0
 -23 -23 69 0 0 -23 0 0 -46 0
 99.38 -154.8 -3.07 -425.8 61.3 -217.7 -323.6 -221.8 -324.8 -188.1
 -741.4 -1376 -1867 -1806 -296.3 -423.6 -714.4 -1359 -867 -1001
 -1442 -2324 -2979 -2337 -1060 -1105 -1967 -2839 -1975 -812.1
 -1617 -2222 -2972 -2720 -1420 -1462 -1700 -2774 -935.2 -1823
 -1623 -2034 -2438 -2400 -950.3 -1518 -1755 -2691 -981.1 -1570
 -1474 -2014 -2552 -1856 -1225 -1269 -2002 -2453 -1561 -934.1
 -2833 -2061 -2827 -2094 -2500 -2790 -3535 -3180 -2812 -1684
 -3374 -2678 -3353 -2791 -2754 -2999 -3729 -2658 -3506 -2315
 -2412 -2290 -1900 -1709 -1827 -2345 -2765 -2153 -2616 -1557
 -905.6 -1304 -1366 -1249 -1007 -1345 -2096 -1267 -1635 -974.4
 63.1 -911 -421.7 -705.6 -255.4 -1194 -1384 -809.2 -1113 -451.6
 655.4 -202.1 -251.6 -329.8 -375.1 -595 -446.6 -300.6 -198.8 -200.6
 357.4 0 0 -1.7 0 -278.7 -77 0 0 0
 269 -123 -223 0 46 -100 -292 -200 -123 -123
 -40.63 -342.7 -950.2 -669.7 64.43 101.5 -246.7 -569.1 -552.7 -155.7
 -315 -1082 -1839 -1562 -428.9 185.1 -862.4 -1319 -1722 -1081
 -1428 -2024 -2410 -1633 -918.2 -1147 -1219 -2100 -2107 -1442
 -1341 -2298 -3023 -2478 -1016 -758.9 -2087 -2320 -2335 -2190
 -2398 -2905 -3517 -2444 -2252 -1678 -2502 -3444 -1897 -2184
 -3654 -2944 -3099 -2747 -2894 -2207 -3694 -3384 -2663 -2524
 -4217 -3043 -3755 -2555 -2946 -3213 -3902 -3134 -2777 -3621
 -3097 -1668 -2550 -1929 -1963 -2730 -2973 -2666 -1776 -2455
 -1721 -1630 -1096 -1001 -1289 -1341 -1541 -1491 -2426 -1142
 -1182 -1045 -395.5 -1194 -326.3 -923.4 -1187 -810.3 -1816 -1273
 65.55 -811.9 -593.2 -441.9 -232.3 -1421 -911.7 -708.2 -1083 -889.2
 559 -200 -512 -38 -324.1 -767.8 -349 -313 -200 -200.1
 53.7 0 0 -23 0 -23 -7.7 0 0 0
 100 -200 -400 0 300 -100 -200 -200 -200 -300
 308.3 -526.3 -1127 -558.2 184.9 -949 -157.3 -749 -773.3 -426.1
 -493.4 -1122 -547.9 -1034 -257.8 -1044 -835.1 -863.2 -1582 -1156
 -976.9 -1437 -1226 -1078 -924.3 -1038 -1130 -1527 -2476 -1438
 -1704 -2720 -1994 -2418 -1502 -1642 -1564 -2490 -1268 -2106
 -2765 -2122 -2039 -2299 -1880 -1770 -2507 -2570 -1914 -2261
 -3381 -2325 -2963 -2501 -2746 -3006 -3332 -3091 -1787 -3610
 -2847 -2237 -3193 -2199 -2850 -2738 -3135 -2537 -2429 -2795
 -2630 -1403 -2191 -1760 -1920 -1953 -1786 -2146 -1484 -1801
 -1707 -1173 -1574 -1218 -904.8 -962 -671.5 -1493 -1954 -1056
 -1108 -1351 -1331 -811.8 -656.2 -1262 -840 -1188 -1861 -1682
 223.4 -667.9 -1227 -527 -482.9 -1150 -382 -845.3 -1084 -1206
 548 -297.8 -992.9 103.5 -305.7 -753.7 -211.3 -397.8 -198.5 -197.9
 48 0 -48 0 0 0 0 0 0 0
 400 -138 -438 134 -169 -269 -100 -169 -165 0
 242.4 -742.9 -480.2 -615.1 -867.6 -1416 -477.1 -728.1 -770 -640.5
 181.4 -572.8 -182.4 -953.9 -295.3 -1557 -276.3 -796.8 -187 -525.1
 -669.3 -1216 -551.1 -2143 -785.3 -2138 -337.8 -1359 -304.6 -1638
 -1658 -1354 -1008 -2913 -1209 -2663 -1110 -2025 -738.7 -2067
 -2307 -1468 -1970 -2524 -1642 -2802 -1641 -2274 -825.4 -2006
 -2658 -1734 -2005 -2504 -1665 -3118 -2273 -2432 -1529 -2228
 -3155 -2090 -1388 -2685 -1794 -2305 -1872 -2259 -2285 -2464
 -2581 -2034 -1707 -1885 -2083 -2277 -1053 -1981 -1669 -1711
 -1588 -1803 -1459 -1623 -1624 -1680 -1540 -1535 -1426 -2572
 -1177 -1410 -2328 -1085 -1133 -1027 -603.7 -1364 -1391 -1663
 -601.3 -894.9 -1629 -268.9 -1576 -1008 -486 -1060 -1599 -1414
 -83.75 -486 -716 -52.75 -645 -747.5 -160.8 -337.8 -613 -401.5
 -394 -321 138 -199 -396 -147 -396 -226 -543 -397
 -39 -377 -45 -303.3 -527 -95 -226 -252 -461.7 -344
 -535.2 -1057 -726.5 -376.1 -1190 -516.4 -1027 -1057 -1121 -1020
 -660.2 -1236 -219.5 -1436 -1426 -1525 -969.7 -1281 -487.9 -1856
 -1129 -1484 -873.8 -2595 -2045 -2382 -846.7 -1737 -375.8 -2208
 -2240 -1591 -1728 -2898 -2017 -2765 -1317 -2077 -1544 -2620
 -2611 -1755 -1485 -2910 -2030 -2651 -1652 -1835 -1821 -3256
 -2958 -1743 -1500 -2941 -1660 -2133 -1398 -1654 -2527 -2113
 -2707 -1793 -1304 -2154 -1369 -1472 -755.1 -1426 -2023 -1637
 -1609 -2137 -1082 -1656 -1616 -1691 -1384 -2054 -2036 -1464
