# Created by Octave 5.2.0, Thu Sep 24 23:53:17 2020 CEST <jiwidi@land>
# name: w
# type: matrix
# rows: 197
# columns: 10
 -4e+05 -3.1e+05 -3.2e+05 -3.8e+05 -3.6e+05 -3.1e+05 -3.6e+05 -3.2e+05 -5.3e+05 -3.4e+05
 0 0 0 0 0 0 0 0 0 0
 0 0 0 0 0 0 0 0 0 0
 -1e+04 0 -3e+04 -1e+04 -1e+04 3e+04 -1e+04 0 -2e+04 0
 -1.53e+04 -3.84e+04 -2.22e+04 -2.07e+04 -1.53e+04 1.23e+04 -1.38e+04 3.69e+04 -3.22e+04 -1.38e+04
 -1.46e+04 -4.307e+04 5400 -4.003e+04 -4600 -3.537e+04 -1e+04 9.543e+04 -2.23e+04 -4.08e+04
 -5.76e+04 -8.48e+04 -1.073e+04 -1.26e+04 4800 -7.477e+04 -5.23e+04 2.45e+04 -3.85e+04 -1.017e+05
 -4.31e+04 -7.85e+04 -2.69e+04 -5.77e+04 -7.31e+04 -9.08e+04 -8.77e+04 -6.97e+04 9900 -5.32e+04
 -1.046e+05 -1.194e+05 -1.153e+05 -7.697e+04 -1.146e+05 -7.89e+04 -1.001e+05 -1.386e+05 -5.88e+04 -4e+04
 -1.562e+05 -6.46e+04 -1.177e+05 -9.789e+04 -1.854e+05 -1.092e+05 -1.108e+05 -1.787e+05 -1.739e+04 -5.461e+04
 -1.468e+05 -4.31e+04 -7.75e+04 -8.66e+04 -1.614e+05 -1.277e+05 -8.28e+04 -8.47e+04 -8.45e+04 -7.09e+04
 -8.3e+04 -4.69e+04 -8.9e+04 -6.3e+04 -6.15e+04 -9.33e+04 -1.062e+05 -1.16e+05 -4.43e+04 -1.278e+05
 -6.24e+04 -3800 -5.85e+04 -2.477e+04 -2.08e+04 1.847e+04 -8.69e+04 -1.44e+04 -9.24e+04 -9.09e+04
 -4.77e+04 800 -6e+04 -4.77e+04 3e+04 4.92e+04 -5.46e+04 -3.77e+04 -6e+04 -1e+04
 0 0 0 -1e+04 0 1e+04 0 0 0 0
 0 0 0 0 0 0 0 6200 0 -6200
 0 0 -4600 -2.12e+04 0 2400 0 2.46e+04 -1e+04 -1200
 -2.17e+04 -1.77e+04 -2.044e+04 -3.276e+04 -2e+04 1.691e+04 -1.97e+04 2.918e+04 -4.935e+04 -2.369e+04
 -6.918e+04 -6.43e+04 -3.978e+04 -4.772e+04 -4.1e+04 -1.525e+04 -5.12e+04 4.558e+04 -7.595e+04 -8.581e+04
 -8.707e+04 -1.509e+05 -1.132e+05 -4.497e+04 -6.859e+04 -5.742e+04 -1.518e+05 -1.26e+04 -1.105e+05 -1.857e+05
 -1.509e+05 -2.213e+05 -1.653e+05 -1.419e+05 -1.484e+05 -1.765e+05 -2.04e+05 -3.656e+04 -1.844e+05 -1.94e+05
 -1.67e+05 -3.032e+05 -1.882e+05 -1.596e+05 -2.247e+05 -2.29e+05 -2.642e+05 -9.906e+04 -2.253e+05 -1.68e+05
 -2.363e+05 -2.962e+05 -1.752e+05 -2.283e+05 -3.458e+05 -2.611e+05 -2.937e+05 -1.457e+05 -2.216e+05 -1.41e+05
 -2.207e+05 -2.725e+05 -2.818e+05 -2.249e+05 -3.672e+05 -2.559e+05 -2.614e+05 -1.79e+05 -1.877e+05 -1.147e+05
 -2.639e+05 -2.36e+05 -2.727e+05 -2.674e+05 -3.308e+05 -2.57e+05 -2.867e+05 -1.871e+05 -2.31e+05 -1.901e+05
 -2.178e+05 -2.388e+05 -2.071e+05 -2.437e+05 -1.69e+05 -2.023e+05 -2.325e+05 -9.384e+04 -2.149e+05 -2.37e+05
 -1.233e+05 -1.194e+05 -1.846e+05 -1.686e+05 -7.029e+04 -7.398e+04 -1.836e+05 -1.177e+05 -1.918e+05 -1.781e+05
 -6.797e+04 2143 -8.053e+04 -1.902e+04 -1800 7.227e+04 -8.364e+04 -3.762e+04 -1.242e+05 -5.877e+04
 -1.91e+04 0 0 -1.07e+04 -1.17e+04 3.15e+04 -1e+04 -9100 -2e+04 -1e+04
 0 0 0 1e+04 0 0 0 0 0 -1e+04
 -1e+04 0 1.576e+04 -1.86e+04 0 -3102 -1.018e+04 1.448e+04 -2.022e+04 -1.854e+04
 -2.74e+04 -1.153e+04 -7313 -3.685e+04 -3.284e+04 -1.703e+04 -1.539e+04 6460 1.887e+04 -7.002e+04
 -8.413e+04 -9.08e+04 -7.68e+04 -4.895e+04 -1.118e+05 -6.54e+04 -1.223e+05 -2.168e+04 -2.815e+04 -1.326e+05
 -1.544e+05 -1.947e+05 -9.32e+04 -1.412e+05 -1.312e+05 -1.547e+05 -1.948e+05 -1.197e+05 -1.713e+05 -1.583e+05
 -1.637e+05 -2.282e+05 -2.107e+05 -2.061e+05 -2.068e+05 -1.993e+05 -2.123e+05 -1.681e+05 -1.658e+05 -1.389e+05
 -1.127e+05 -1.913e+05 -1.835e+05 -1.725e+05 -1.915e+05 -1.289e+05 -1.855e+05 -8.38e+04 -1.315e+05 -1.904e+05
 -1.007e+05 -1.313e+05 -1.417e+05 -1.334e+05 -1.975e+05 -1.019e+05 -1.618e+05 -9.788e+04 -8.183e+04 -1.533e+05
 -3.445e+04 -1.039e+05 -1.433e+05 -1.117e+05 -1.911e+05 -9.124e+04 -1.457e+05 -9.62e+04 -1.983e+05 -1.743e+05
 -1.57e+05 -1.649e+05 -1.77e+05 -2.34e+05 -1.773e+05 -2.155e+05 -2.121e+05 -2.058e+05 -1.655e+05 -2.4e+05
 -1.879e+05 -2.005e+05 -2.028e+05 -2.215e+05 -1.535e+05 -2.735e+05 -2.518e+05 -1.535e+05 -1.562e+05 -2.248e+05
 -1.271e+05 -1.525e+05 -2.051e+05 -8.413e+04 -1.172e+05 -1.013e+05 -1.607e+05 -5.95e+04 -9.206e+04 -1.727e+05
 -5.228e+04 -5.82e+04 -7.701e+04 5280 -8.52e+04 9473 -7.601e+04 -3.831e+04 -3.144e+04 -4.11e+04
 -3.22e+04 -9900 -2200 -3.45e+04 -1.91e+04 3.47e+04 -3.16e+04 -1.45e+04 -1.61e+04 -2.22e+04
 0 0 2e+04 0 0 -1e+04 -1e+04 0 -2e+04 0
 87.7 -2.3 1.531e+04 597.7 -2.3 -8602 -1e+04 -2.3 -2e+04 2598
 -1.969e+04 -4.475e+04 -3.226e+04 -8.966e+04 -4.136e+04 -1.388e+04 -7.086e+04 3.229e+04 -1.886e+04 -7.683e+04
 -1.125e+05 -1.442e+05 -7.665e+04 -1.809e+05 -1.255e+05 -9.676e+04 -1.735e+05 -7.21e+04 -1.008e+05 -1.412e+05
 -1.67e+05 -1.972e+05 -8.835e+04 -1.913e+05 -1.025e+05 -1.175e+05 -1.872e+05 -1.508e+05 -1.487e+05 -1.179e+05
 -8.79e+04 -2.151e+05 -9.301e+04 -1.827e+05 -7.733e+04 -1.015e+05 -1.433e+05 -8.7e+04 -1.077e+05 -1.276e+05
 -9.55e+04 -1.458e+05 -9.085e+04 -1.502e+05 -1.014e+05 -3.461e+04 -8.818e+04 -8.648e+04 -9.435e+04 -7.161e+04
 -275 -8.447e+04 -6.452e+04 -1.166e+05 -1.331e+05 3.008e+04 -1.074e+05 -1.104e+05 -1.6e+05 -5.766e+04
 -2.74e+04 -8.069e+04 -1.207e+05 -8.143e+04 -1.341e+05 -9.835e+04 -1.411e+05 -9.461e+04 -1.685e+05 -1.045e+05
 -1.475e+05 -1.568e+05 -2.071e+05 -1.946e+05 -1.538e+05 -1.981e+05 -2.486e+05 -1.398e+05 -2.306e+05 -1.944e+05
 -1.454e+05 -2.088e+05 -2.135e+05 -1.449e+05 -1.906e+05 -2.529e+05 -2.819e+05 -1.453e+05 -2.226e+05 -1.545e+05
 -1.357e+05 -1.458e+05 -1.294e+05 -6.634e+04 -1.086e+05 -1.67e+05 -1.882e+05 -1.35e+05 -1.92e+04 -8.617e+04
 -7787 -6.655e+04 -6.126e+04 4.162e+04 -5.23e+04 -6.108e+04 -7.237e+04 -3.813e+04 -2.197e+04 -5.875e+04
 -1.27e+04 -3.44e+04 5600 2e+04 -1.58e+04 -4300 -4.16e+04 -2e+04 -4400 -2.58e+04
 0 -1e+04 1e+04 0 0 0 0 0 0 0
 1.229e+04 -2.021e+04 3.08e+04 -1.022e+04 -1.001e+04 -2.861e+04 -2.901e+04 889.6 -2.359e+04 -1001
 -3.381e+04 -7.253e+04 -9.544e+04 -1.085e+05 -5.82e+04 1.754e+04 -7.407e+04 -6.53e+04 -2.27e+04 -3.696e+04
 -1.486e+05 -1.768e+05 -1.654e+05 -2.85e+05 -1.704e+05 -7.811e+04 -2.009e+05 -1.85e+05 -1.392e+05 -5.615e+04
 -1.694e+05 -1.867e+05 -9.996e+04 -2.677e+05 -8.709e+04 -9.283e+04 -2.208e+05 -1.46e+05 -1.381e+05 -1.33e+05
 -1.398e+05 -1.328e+05 -6.39e+04 -1.96e+05 -1.152e+05 -5.338e+04 -1.342e+05 -1.998e+05 -1.034e+05 -2.849e+04
 -8.99e+04 -1.361e+05 -7.732e+04 -1.137e+05 -1.479e+05 -1.73e+04 -1.055e+05 -1.762e+05 -8.851e+04 -3.546e+04
 -1.111e+05 -8.924e+04 -7.72e+04 -8.533e+04 -1.489e+05 -7.433e+04 -5.861e+04 -1.52e+05 -9.312e+04 -7226
 -1.974e+05 -1.377e+05 -1.986e+05 -1.723e+05 -1.762e+05 -2.203e+05 -2.118e+05 -1.862e+05 -2.277e+05 -1.172e+05
 -1.821e+05 -1.901e+05 -2.113e+05 -1.303e+05 -1.761e+05 -3.254e+05 -2.816e+05 -2.184e+05 -2.396e+05 -1.825e+05
 -9.528e+04 -1.614e+05 -1.213e+05 -1.36e+05 -1.434e+05 -1.819e+05 -2.162e+05 -1.175e+05 -1.238e+05 -9.431e+04
 -3.033e+04 -8.723e+04 -1.026e+05 -3.426e+04 -7.145e+04 -1.297e+05 -1.453e+05 -7.255e+04 -2.54e+04 -7.216e+04
 5.467e+04 -3.473e+04 -3540 1.108e+04 -2.829e+04 -7.358e+04 -4.909e+04 -4.009e+04 -3.01e+04 -2.469e+04
 2.84e+04 -3000 7100 3000 -1500 -3.99e+04 -1.14e+04 -2.14e+04 -1500 -1500
 0 -2300 2300 0 0 0 0 0 0 0
 3.514e+04 -2.788e+04 -2680 -1.978e+04 -5228 -7645 -3.226e+04 -2.218e+04 -2.238e+04 -3.023e+04
 -4.373e+04 -8.771e+04 -1.381e+05 -1.277e+05 -1.602e+04 -1.634e+04 -3.18e+04 -9.56e+04 -4.844e+04 -5.905e+04
 -9.367e+04 -1.587e+05 -2.341e+05 -1.905e+05 -7.841e+04 -7.578e+04 -1.605e+05 -2.341e+05 -1.685e+05 -2.771e+04
 -1.385e+05 -1.56e+05 -2.3e+05 -1.926e+05 -4.67e+04 -9.628e+04 -9.987e+04 -2.057e+05 -4.202e+04 -1.129e+05
 -9.43e+04 -1.225e+05 -1.774e+05 -1.88e+05 -2.902e+04 -7.034e+04 -8.653e+04 -2.218e+05 -4.749e+04 -9.194e+04
 -8.578e+04 -1.354e+05 -1.654e+05 -1.057e+05 -9.304e+04 -6.847e+04 -1.147e+05 -1.9e+05 -1.389e+05 -2.408e+04
 -1.989e+05 -1.363e+05 -2.061e+05 -1.398e+05 -1.953e+05 -2.08e+05 -2.44e+05 -2.622e+05 -2.026e+05 -8.399e+04
 -2.533e+05 -1.689e+05 -2.303e+05 -1.445e+05 -1.905e+05 -2.088e+05 -2.533e+05 -2.025e+05 -2.282e+05 -1.695e+05
 -1.819e+05 -1.818e+05 -1.299e+05 -1.186e+05 -1.152e+05 -1.929e+05 -2.038e+05 -1.641e+05 -1.893e+05 -6.522e+04
 -6.298e+04 -1.172e+05 -1.165e+05 -9.928e+04 -8.353e+04 -1.073e+05 -1.984e+05 -9.013e+04 -1.2e+05 -4.311e+04
