# Created by Octave 5.2.0, Thu Sep 24 23:53:15 2020 CEST <jiwidi@land>
# name: w
# type: matrix
# rows: 197
# columns: 10
 -3.8e+05 -3.3e+05 -3.5e+05 -3.7e+05 -3.4e+05 -2.8e+05 -3.3e+05 -3.3e+05 -5.1e+05 -3.3e+05
 0 0 0 0 0 0 0 0 0 0
 0 0 0 0 0 0 0 0 0 0
 -1e+04 -1e+04 -3e+04 0 -1e+04 2e+04 0 1e+04 -2e+04 -1e+04
 -1.38e+04 -2.46e+04 -3.22e+04 -8400 -1.53e+04 6900 -6900 3.46e+04 -2.07e+04 -1.92e+04
 -1e+04 -2e+04 2.54e+04 -2.46e+04 -4600 -2e+04 -3e+04 3.08e+04 -3e+04 -2.62e+04
 -6.54e+04 -6.077e+04 -1.843e+04 -3e+04 -5200 -9.94e+04 -5.617e+04 -5000 -3.85e+04 -9.21e+04
 -5.77e+04 -7.69e+04 -4e+04 -7.851e+04 -8.84e+04 -1.044e+05 -8.54e+04 -7.511e+04 -4000 -5.009e+04
 -8.463e+04 -1.115e+05 -1.337e+05 -8.391e+04 -1.261e+05 -1.024e+05 -6.86e+04 -1.586e+05 -3.14e+04 -1.463e+04
 -1.1e+05 -7.61e+04 -9.46e+04 -7.57e+04 -1.862e+05 -1.538e+05 -1.176e+05 -1.862e+05 -5.29e+04 -4.45e+04
 -1.022e+05 -8e+04 -5.98e+04 -1.222e+05 -1.499e+05 -1.144e+05 -1.051e+05 -8.15e+04 -8.517e+04 -7.733e+04
 -1.207e+05 -6.99e+04 -6.06e+04 -1.288e+05 -8.01e+04 -7.33e+04 -1.047e+05 -1.045e+05 -2.43e+04 -1.222e+05
 -9.087e+04 -2.69e+04 -8.39e+04 -6.47e+04 -2.62e+04 7770 -7e+04 -3800 -9.317e+04 -7.24e+04
 -4e+04 1e+04 -4e+04 -6.08e+04 -8500 6.39e+04 -4.46e+04 -2e+04 -6e+04 -2e+04
 -1e+04 0 0 0 0 1e+04 0 0 -1e+04 0
 0 0 0 0 0 0 0 1.24e+04 0 -1.24e+04
 0 -4800 -4600 -1200 0 1200 -1200 1.94e+04 -1e+04 0
 -2e+04 -3.35e+04 -2.044e+04 -2847 -2.021e+04 8406 -2.79e+04 3.354e+04 -5.9e+04 -3.549e+04
 -4.557e+04 -6.082e+04 -3.578e+04 -2.925e+04 -5.133e+04 -1.545e+04 -6.139e+04 4.915e+04 -5.949e+04 -7.882e+04
 -9.6e+04 -1.489e+05 -9.889e+04 -5.566e+04 -6.649e+04 -5.313e+04 -1.476e+05 -2207 -9.747e+04 -1.882e+05
 -1.528e+05 -2.172e+05 -1.825e+05 -1.432e+05 -1.788e+05 -1.559e+05 -1.717e+05 -7.57e+04 -1.73e+05 -1.562e+05
 -1.797e+05 -2.886e+05 -2.047e+05 -2.013e+05 -2.529e+05 -2.267e+05 -2.372e+05 -1.605e+05 -2.338e+05 -1.518e+05
 -2.523e+05 -3.092e+05 -1.948e+05 -2.147e+05 -3.506e+05 -2.621e+05 -2.693e+05 -2.157e+05 -2.432e+05 -1.309e+05
 -2.307e+05 -2.903e+05 -2.836e+05 -2.353e+05 -3.825e+05 -2.634e+05 -2.6e+05 -1.938e+05 -2.084e+05 -1.36e+05
 -2.607e+05 -2.502e+05 -2.601e+05 -2.699e+05 -3.162e+05 -2.321e+05 -2.665e+05 -2.046e+05 -2.519e+05 -1.837e+05
 -2.174e+05 -2.201e+05 -2.308e+05 -2.73e+05 -1.931e+05 -1.772e+05 -2.361e+05 -1.218e+05 -2.239e+05 -2.425e+05
 -1.668e+05 -1.492e+05 -2.078e+05 -1.524e+05 -8.378e+04 -6.948e+04 -1.98e+05 -1.175e+05 -2.349e+05 -1.946e+05
 -8.136e+04 -1.288e+04 -5.943e+04 -4790 8724 4.61e+04 -6.795e+04 -1.576e+04 -1.155e+05 -7.418e+04
 -2.82e+04 0 -1500 -1.46e+04 -1e+04 4.13e+04 -1e+04 1e+04 -1.67e+04 -2e+04
 0 0 0 1e+04 0 0 0 0 0 -1e+04
 0 0 1.558e+04 1353 -47 -1702 -1.86e+04 4431 -2.999e+04 -9944
 -1.37e+04 -2.349e+04 -7470 -1.687e+04 -4.144e+04 -2.45e+04 -3.864e+04 1.36e+04 -4072 -6.506e+04
 -8.013e+04 -9.368e+04 -5.361e+04 -4.464e+04 -1.229e+05 -8.89e+04 -9.926e+04 -2.681e+04 -4.682e+04 -1.203e+05
 -1.412e+05 -2.1e+05 -6.836e+04 -1.261e+05 -1.567e+05 -1.398e+05 -1.994e+05 -1.246e+05 -1.706e+05 -1.426e+05
 -1.971e+05 -2.534e+05 -2.198e+05 -1.926e+05 -2.007e+05 -1.957e+05 -2.031e+05 -1.928e+05 -1.575e+05 -1.439e+05
 -1.462e+05 -2.018e+05 -1.968e+05 -1.45e+05 -1.732e+05 -1.745e+05 -1.632e+05 -1.024e+05 -1.734e+05 -1.694e+05
 -1.019e+05 -1.114e+05 -1.43e+05 -1.35e+05 -1.786e+05 -9.451e+04 -1.576e+05 -8.459e+04 -1.255e+05 -1.83e+05
 -4.33e+04 -1.07e+05 -1.448e+05 -1.423e+05 -2.03e+05 -1.331e+05 -1.348e+05 -7.699e+04 -1.894e+05 -1.964e+05
 -1.33e+05 -1.398e+05 -1.888e+05 -2.296e+05 -1.54e+05 -2.323e+05 -2.237e+05 -1.881e+05 -1.399e+05 -2.639e+05
 -1.621e+05 -1.946e+05 -1.767e+05 -1.986e+05 -1.373e+05 -2.721e+05 -2.853e+05 -9.972e+04 -1.832e+05 -2.158e+05
 -1.269e+05 -1.58e+05 -1.89e+05 -6.962e+04 -1.127e+05 -1.499e+05 -2.082e+05 -8.71e+04 -1.327e+05 -1.684e+05
 -6.334e+04 -5.385e+04 -6.065e+04 9870 -7.659e+04 -2.942e+04 -8.315e+04 -2.935e+04 -2.02e+04 -7.82e+04
 -6.14e+04 -9900 -2.83e+04 -5300 -1.47e+04 2.47e+04 -2.7e+04 -5300 -6900 -3.37e+04
 0 0 1e+04 0 0 -1e+04 0 0 -1e+04 0
 -160 0 5240 595.4 -2.3 -1.16e+04 -2842 -2.3 -9995 5598
 -3.969e+04 -3.491e+04 -4.941e+04 -9.053e+04 -5.96e+04 -3.913e+04 -4.286e+04 -6902 1343 -4.808e+04
 -1.142e+05 -1.544e+05 -7.414e+04 -1.803e+05 -1.325e+05 -1.068e+05 -1.6e+05 -8.363e+04 -1.186e+05 -1.265e+05
 -1.726e+05 -2.242e+05 -1.031e+05 -1.815e+05 -1.166e+05 -1.217e+05 -1.88e+05 -1.464e+05 -1.812e+05 -1.314e+05
 -1.237e+05 -1.918e+05 -1.058e+05 -2.013e+05 -7.699e+04 -1.476e+05 -1.613e+05 -7.546e+04 -1.148e+05 -1.425e+05
 -9.136e+04 -1.396e+05 -7.885e+04 -1.841e+05 -1.01e+05 -1.081e+04 -9.242e+04 -6.914e+04 -1.049e+05 -9.23e+04
 -3.672e+04 -9.394e+04 -8.43e+04 -1.341e+05 -1.281e+05 -1.508e+04 -9.301e+04 -1.28e+05 -1.377e+05 -8.227e+04
 -6.188e+04 -7.189e+04 -1.36e+05 -9.283e+04 -1.445e+05 -1.161e+05 -1.287e+05 -9.74e+04 -1.415e+05 -1.165e+05
 -1.378e+05 -1.312e+05 -1.843e+05 -1.875e+05 -1.537e+05 -1.911e+05 -2.208e+05 -1.197e+05 -2.131e+05 -1.861e+05
 -1.407e+05 -2.193e+05 -1.821e+05 -1.36e+05 -1.781e+05 -2.293e+05 -2.812e+05 -1.394e+05 -1.812e+05 -1.43e+05
 -1.612e+05 -1.658e+05 -1.412e+05 -6.279e+04 -1.269e+05 -1.756e+05 -1.839e+05 -1.401e+05 -5.77e+04 -9.981e+04
 -6077 -6.266e+04 -6.145e+04 5.627e+04 -7.037e+04 -6.661e+04 -5.147e+04 -1.922e+04 -2.331e+04 -8.922e+04
 -4100 -3.44e+04 -2.26e+04 2.92e+04 -1.58e+04 -2.25e+04 -1.58e+04 -1e+04 1400 -2.58e+04
 0 -1e+04 1e+04 0 0 0 0 0 0 0
 -4779 -1e+04 3.405e+04 -1.023e+04 -1.001e+04 -3.857e+04 -2608 -9258 -4382 8992
 -4.611e+04 -6.281e+04 -1.178e+05 -1.429e+05 -7.61e+04 -1.677e+04 -5.875e+04 -7.97e+04 -1.939e+04 -2.261e+04
 -1.349e+05 -1.642e+05 -1.576e+05 -2.903e+05 -1.728e+05 -8.084e+04 -1.824e+05 -1.979e+05 -1.603e+05 -4.828e+04
 -1.642e+05 -1.885e+05 -1.302e+05 -2.618e+05 -8.751e+04 -8.844e+04 -2.024e+05 -1.747e+05 -1.264e+05 -1.23e+05
 -1.603e+05 -1.256e+05 -7.17e+04 -2.008e+05 -1.216e+05 -5.699e+04 -1.502e+05 -1.792e+05 -7.516e+04 -7.815e+04
 -1.268e+05 -1.033e+05 -1.014e+05 -1.287e+05 -1.66e+05 -2.591e+04 -9.852e+04 -1.679e+05 -1.067e+05 -6.271e+04
 -1.532e+05 -6.427e+04 -9.815e+04 -7.547e+04 -1.722e+05 -7.192e+04 -8.145e+04 -1.658e+05 -1.199e+05 -3.421e+04
 -1.921e+05 -1.143e+05 -1.885e+05 -1.353e+05 -1.468e+05 -2.352e+05 -2.19e+05 -1.559e+05 -2.075e+05 -1.147e+05
 -1.69e+05 -1.708e+05 -2.076e+05 -1.292e+05 -1.304e+05 -3.022e+05 -2.334e+05 -1.757e+05 -1.84e+05 -1.812e+05
 -1.201e+05 -1.604e+05 -1.256e+05 -1.289e+05 -1.378e+05 -1.875e+05 -1.864e+05 -1.301e+05 -1.001e+05 -8.566e+04
 -2.27e+04 -8.836e+04 -7.285e+04 -5.146e+04 -6.851e+04 -1.59e+05 -1.383e+05 -6.944e+04 -5.254e+04 -6.632e+04
 4.551e+04 -3.013e+04 -2876 2976 -3.059e+04 -9.073e+04 -3.009e+04 -3.009e+04 -4.089e+04 -1.949e+04
 2.99e+04 -1.14e+04 -1400 1500 -1500 -3.99e+04 -9900 -1.14e+04 -1500 -1500
 0 -2300 2300 0 0 0 0 0 0 0
 2.011e+04 -2.008e+04 -7980 -1.978e+04 1.361e+04 -3.61e+04 -2365 -3.208e+04 -5045 -8290
 -5.314e+04 -6.561e+04 -1.481e+05 -1.351e+05 -2.516e+04 -3.523e+04 -3.999e+04 -1.056e+05 -6.729e+04 -4.98e+04
 -9.19e+04 -1.559e+05 -2.404e+05 -2.013e+05 -1.013e+05 -1.133e+05 -1.541e+05 -1.953e+05 -1.755e+05 -2.033e+04
 -9.575e+04 -1.606e+05 -2.484e+05 -1.761e+05 -5.034e+04 -7.581e+04 -1.282e+05 -2.113e+05 -3.075e+04 -9.939e+04
 -1.149e+05 -1.342e+05 -1.915e+05 -1.767e+05 -7.118e+04 -6.435e+04 -1.078e+05 -1.995e+05 -5.344e+04 -1.267e+05
 -1.036e+05 -1.348e+05 -2.05e+05 -1.24e+05 -1.124e+05 -1.022e+05 -1.163e+05 -1.902e+05 -1.299e+05 -5.835e+04
 -1.79e+05 -1.358e+05 -1.81e+05 -1.574e+05 -1.901e+05 -2.199e+05 -2.687e+05 -2.446e+05 -2.3e+05 -9.593e+04
 -2.457e+05 -1.554e+05 -2.149e+05 -1.536e+05 -1.567e+05 -2.116e+05 -2.716e+05 -1.741e+05 -1.95e+05 -1.611e+05
 -1.904e+05 -1.668e+05 -1.578e+05 -1.244e+05 -1.226e+05 -1.498e+05 -2.001e+05 -1.566e+05 -1.805e+05 -4.542e+04
 -7.741e+04 -1.179e+05 -1.212e+05 -9.858e+04 -1.074e+05 -1.055e+05 -1.606e+05 -9.873e+04 -1.003e+05 -4.703e+04
 1.667e+04 -5e+04 -2.494e+04 -8.178e+04 833.8 -8.795e+04 -9.651e+04 -4.682e+04 -9.769e+04 -5.194e+04
