# Created by Octave 5.2.0, Thu Sep 24 23:52:37 2020 CEST <jiwidi@land>
# name: w
# type: matrix
# rows: 197
# columns: 10
 -400 -310 -320 -380 -360 -310 -360 -320 -530 -340
 0 0 0 0 0 0 0 0 0 0
 0 0 0 0 0 0 0 0 0 0
 -10 0 -30 -10 -10 30 -10 0 -20 0
 -15.3 -38.4 -22.2 -20.7 -15.3 12.3 -13.8 36.9 -32.2 -13.8
 -14.6 -43.07 5.4 -40.03 -4.6 -35.37 -10 95.43 -22.3 -40.8
 -57.6 -84.8 -10.73 -12.6 4.8 -74.77 -52.3 24.5 -38.5 -101.7
 -43.1 -78.5 -26.9 -57.7 -73.1 -90.8 -87.7 -69.7 9.9 -53.2
 -104.6 -119.4 -115.3 -76.97 -114.6 -78.9 -100.1 -138.6 -58.8 -40
 -156.2 -64.6 -117.7 -97.89 -185.4 -109.2 -110.8 -178.7 -17.39 -54.61
 -146.8 -43.1 -77.5 -86.6 -161.4 -127.7 -82.8 -84.7 -84.5 -70.9
 -83 -46.9 -89 -63 -61.5 -93.3 -106.2 -116 -44.3 -127.8
 -62.4 -3.8 -58.5 -24.77 -20.8 18.47 -86.9 -14.4 -92.4 -90.9
 -47.7 0.8 -60 -47.7 30 49.2 -54.6 -37.7 -60 -10
 0 0 0 -10 0 10 0 0 0 0
 0 0 0 0 0 0 0 6.2 0 -6.2
 0 0 -4.6 -21.2 0 2.4 0 24.6 -10 -1.2
 -21.7 -17.7 -20.44 -32.76 -20 16.91 -19.7 29.18 -49.35 -23.69
 -69.18 -64.3 -39.78 -47.72 -41 -15.25 -51.2 45.58 -75.95 -85.81
 -87.07 -150.9 -113.2 -44.97 -68.59 -57.42 -151.8 -12.6 -110.5 -185.7
 -150.9 -221.3 -165.3 -141.9 -148.4 -176.5 -204 -36.56 -184.4 -194
 -167 -303.2 -188.2 -159.6 -224.7 -229 -264.2 -99.06 -225.3 -168
 -236.3 -296.2 -175.2 -228.3 -345.8 -261.1 -293.7 -145.7 -221.6 -141
 -220.7 -272.5 -281.8 -224.9 -367.2 -255.9 -261.4 -179 -187.7 -114.7
 -263.9 -236 -272.7 -267.4 -330.8 -257 -286.7 -187.1 -231 -190.1
 -217.8 -238.8 -207.1 -243.7 -169 -202.3 -232.5 -93.84 -214.9 -237
 -123.3 -119.4 -184.6 -168.6 -70.29 -73.98 -183.6 -117.7 -191.8 -178.1
 -67.97 2.143 -80.53 -19.02 -1.8 72.27 -83.64 -37.62 -124.2 -58.77
 -19.1 0 0 -10.7 -11.7 31.5 -10 -9.1 -20 -10
 0 0 0 10 0 0 0 0 0 -10
 -10 0 15.76 -18.6 0 -3.102 -10.18 14.48 -20.22 -18.54
 -27.4 -11.53 -7.313 -36.85 -32.84 -17.03 -15.39 6.46 18.87 -70.02
 -84.13 -90.8 -76.8 -48.95 -111.8 -65.4 -122.3 -21.68 -28.15 -132.6
 -154.4 -194.7 -93.19 -141.2 -131.2 -154.7 -194.8 -119.7 -171.3 -158.3
 -163.7 -228.2 -210.7 -206.1 -206.8 -199.3 -212.3 -168.1 -165.8 -138.9
 -112.7 -191.3 -183.5 -172.5 -191.5 -128.9 -185.5 -83.8 -131.5 -190.4
 -100.7 -131.3 -141.7 -133.4 -197.5 -101.9 -161.8 -97.88 -81.83 -153.3
 -34.45 -103.9 -143.3 -111.7 -191.1 -91.24 -145.7 -96.2 -198.3 -174.3
 -157 -164.9 -176.9 -234 -177.3 -215.5 -212.1 -205.8 -165.5 -240
 -187.9 -200.5 -202.8 -221.5 -153.5 -273.5 -251.8 -153.5 -156.2 -224.8
 -127.1 -152.5 -205.1 -84.13 -117.2 -101.3 -160.7 -59.5 -92.06 -172.7
 -52.28 -58.2 -77.01 5.28 -85.2 9.473 -76.01 -38.31 -31.44 -41.1
 -32.2 -9.9 -2.2 -34.5 -19.1 34.7 -31.6 -14.5 -16.1 -22.2
 0 0 20 0 0 -10 -10 0 -20 0
 0.0877 -0.0023 15.31 0.5977 -0.0023 -8.602 -10 -0.0023 -20 2.598
 -19.69 -44.75 -32.26 -89.66 -41.36 -13.88 -70.87 32.29 -18.86 -76.83
 -112.5 -144.2 -76.65 -180.9 -125.5 -96.76 -173.5 -72.1 -100.8 -141.2
 -167 -197.2 -88.35 -191.3 -102.5 -117.5 -187.2 -150.8 -148.7 -117.9
 -87.9 -215.1 -93.01 -182.7 -77.33 -101.5 -143.3 -87 -107.7 -127.6
 -95.5 -145.8 -90.85 -150.2 -101.4 -34.61 -88.19 -86.48 -94.35 -71.61
 -0.275 -84.47 -64.52 -116.6 -133.1 30.08 -107.4 -110.4 -160 -57.66
 -27.4 -80.69 -120.7 -81.43 -134.1 -98.35 -141.1 -94.61 -168.5 -104.5
 -147.5 -156.8 -207.1 -194.6 -153.8 -198.1 -248.6 -139.8 -230.6 -194.4
 -145.4 -208.8 -213.5 -144.9 -190.6 -252.9 -281.9 -145.3 -222.6 -154.5
 -135.7 -145.8 -129.4 -66.34 -108.6 -167 -188.2 -135 -19.2 -86.17
 -7.787 -66.55 -61.26 41.62 -52.3 -61.08 -72.37 -38.13 -21.97 -58.75
 -12.7 -34.4 5.6 20 -15.8 -4.3 -41.6 -20 -4.4 -25.8
 0 -10 10 0 0 0 0 0 0 0
 12.29 -20.21 30.8 -10.22 -10.01 -28.61 -29.01 0.8896 -23.59 -1.001
 -33.81 -72.53 -95.44 -108.5 -58.2 17.54 -74.07 -65.3 -22.7 -36.96
 -148.7 -176.8 -165.4 -285 -170.4 -78.11 -200.9 -185 -139.2 -56.15
 -169.4 -186.7 -99.96 -267.7 -87.09 -92.83 -220.8 -146 -138.1 -133
 -139.8 -132.8 -63.9 -196 -115.2 -53.38 -134.2 -199.8 -103.4 -28.49
 -89.9 -136.1 -77.32 -113.7 -147.9 -17.3 -105.5 -176.2 -88.51 -35.46
 -111.1 -89.24 -77.2 -85.33 -148.9 -74.33 -58.61 -152 -93.12 -7.226
 -197.4 -137.7 -198.6 -172.3 -176.2 -220.3 -211.8 -186.2 -227.7 -117.2
 -182.1 -190.1 -211.3 -130.3 -176.1 -325.4 -281.6 -218.4 -239.7 -182.5
 -95.28 -161.4 -121.3 -136 -143.4 -181.9 -216.2 -117.5 -123.8 -94.31
 -30.33 -87.23 -102.6 -34.26 -71.45 -129.7 -145.3 -72.55 -25.4 -72.16
 54.67 -34.73 -3.54 11.08 -28.29 -73.58 -49.09 -40.09 -30.1 -24.69
 28.4 -3 7.1 3 -1.5 -39.9 -11.4 -21.4 -1.5 -1.5
 0 -2.3 2.3 0 0 0 0 0 0 0
 35.14 -27.88 -2.68 -19.78 -5.228 -7.645 -32.27 -22.17 -22.38 -30.23
 -43.73 -87.71 -138.1 -127.7 -16.02 -16.34 -31.8 -95.6 -48.44 -59.05
 -93.67 -158.7 -234.1 -190.5 -78.41 -75.78 -160.5 -234.1 -168.5 -27.71
 -138.5 -156 -230 -192.6 -46.7 -96.28 -99.87 -205.7 -42.02 -112.9
 -94.3 -122.5 -177.4 -188 -29.02 -70.33 -86.53 -221.8 -47.49 -91.94
 -85.78 -135.4 -165.4 -105.7 -93.04 -68.47 -114.7 -190 -138.9 -24.08
 -198.9 -136.3 -206.1 -139.8 -195.3 -208 -244 -262.1 -202.6 -83.99
 -253.3 -168.9 -230.3 -144.5 -190.5 -208.8 -253.3 -202.5 -228.2 -169.5
 -181.9 -181.8 -129.9 -118.6 -115.2 -192.9 -203.8 -164.1 -189.3 -65.22
 -62.98 -117.2 -116.5 -99.28 -83.53 -107.3 -198.4 -90.13 -120 -43.11
 10.39 -53.4 -40.21 -60.12 2.862 -72.8 -107.3 -31.03 -91.79 -41.94
 48.67 -20 -8.873 -20.04 -10.01 -39.81 -40.06 -40.17 -19.88 -20.07
 20.17 0 7.7 0 0 -20.17 0 -7.7 0 0
 15.4 0 -22.3 0 4.6 -10 -10 -10 -2.3 -2.3
 -1.963 -0.21 -58.31 -20.27 12.4 1.35 3.09 -46.91 -36.97 9.29
 -7.147 -73.02 -147.9 -134.7 -21.04 22.08 -49.43 -104.2 -116.1 -66.24
 -70.89 -134.7 -209.4 -144.5 -54.21 -51.97 -95.7 -185.5 -140.6 -122.3
 -67.29 -164.6 -219.7 -179.4 -99.3 -18.82 -153.7 -215.8 -165.3 -167
 -152.2 -218.2 -220.9 -156.5 -143.8 -82.8 -144.7 -280.9 -155.5 -137
 -244.1 -174.6 -209.7 -144.1 -172.1 -179.9 -232 -255.5 -191.3 -155.3
 -298.2 -169.8 -248 -140.1 -200.5 -238.9 -277.1 -261.8 -147.4 -206.9
 -227.6 -99.7 -207.9 -149.9 -151.7 -181.8 -189.1 -192.9 -141.4 -118.3
 -127.5 -121.9 -74.33 -79.26 -91.89 -124.1 -121.8 -84 -217.5 -50.84
 -71.44 -74.09 -0.652 -84.19 -35.69 -73.09 -108.2 -38.3 -164.5 -90.23
 6.205 -42.58 -42.34 -36.27 -20.49 -96.02 -61.77 -41.47 -92.83 -66.62
 53.97 -20 -30.3 -0.155 -16.51 -66.26 -22.8 -42.5 -20 -20.05
 2.3 0 0 0 0 -2.3 0 0 0 0
 0 0 -30 0 20 -20 0 -10 -10 -10
 21.78 -29.33 -84.45 -39.35 17.06 -57.44 -6.951 -64.9 -61.4 -39.23
 -23.46 -77.92 -50.69 -66.29 -10.34 -130.5 -71.47 -83.31 -105.1 -107.5
 -52 -92.71 -103.9 -88.42 -35.34 -66.64 -87.54 -116.3 -168.4 -113.7
 -123.4 -206 -137.5 -120 -112.4 -93.35 -81.25 -185.6 -117.3 -162.8
 -211.7 -172.4 -152.3 -125 -158.2 -130.3 -192.2 -183.4 -147.9 -173.6
 -238.6 -166.7 -225.6 -168.4 -219.6 -191.3 -226.2 -198.1 -95.11 -230.5
 -175.6 -151.3 -230 -123 -177.8 -183 -205.5 -168.8 -181 -190
 -205.1 -53.61 -187.8 -111.3 -132.6 -147.4 -102.8 -156.3 -142 -156.4
 -103.6 -96.69 -97.95 -94.9 -51.8 -95.12 -44.31 -123.1 -172.4 -83.86
 -96.36 -112.9 -99.56 -86.54 -64.56 -95.71 -74.69 -78.21 -160.6 -145.9
 7.783 -55.8 -132.2 -36.23 -55.23 -97.3 2.79 -61.63 -81.15 -84
 61.59 -19.78 -69.86 4.15 -15.18 -72.89 7.267 -37.61 -19.78 -23.58
 4.8 0 -4.8 0 0 0 0 0 0 0
 23.1 -13.8 -33.8 13.8 3.1 -30 -6.9 -16.9 -6.9 -16.9
 31.9 -53.63 -31.26 -35.41 -46.48 -139.4 -35.81 -54.06 -73.69 -55.7
 9.818 -67.44 -48.39 -70.22 -22.41 -149.2 -25.2 -98.15 -24.89 -76.04
 -46.71 -123.3 -73.74 -162.3 -65.4 -155 2.448 -105.7 -22.88 -138.1
 -142.8 -122.6 -64.72 -189.2 -107.3 -217.5 -57.24 -117.2 -42.46 -156.5
 -148.4 -117.1 -150.4 -178.1 -141.6 -250.1 -128.3 -119.6 -55.64 -169.6
 -162.3 -114.1 -94.19 -165.3 -128.8 -228 -144.4 -181.9 -96.19 -158
 -218.1 -115.5 -104.4 -178.7 -132.6 -161 -125.6 -159.8 -145.2 -146.8
 -213.7 -113.4 -83.8 -159.2 -145 -168.7 -55.75 -118.3 -95.62 -112.7
 -114.6 -96.02 -75.58 -115.9 -85.65 -101.4 -106.3 -100.3 -116 -184.3
 -67.43 -117.5 -163.6 -77.6 -87.1 -100.1 -58.78 -118.5 -147.4 -131.4
 -36.8 -68.9 -125 -35.15 -117.1 -96.09 -67.51 -84.86 -119.2 -105.6
 4.2 -18.6 -37.15 9.725 -35.4 -55.05 13.7 -21.55 -39.3 -19.88
 -9.9 -12.3 31.9 -19.9 -29.7 -9.8 -39.7 -10 -49.8 -10
