# Created by Octave 5.2.0, Thu Sep 24 23:53:22 2020 CEST <jiwidi@land>
# name: w
# type: matrix
# rows: 197
# columns: 10
 -3.9e+06 -3e+06 -3.1e+06 -3.5e+06 -3.4e+06 -2.7e+06 -3.3e+06 -3e+06 -4.6e+06 -3.1e+06
 0 0 0 0 0 0 0 0 0 0
 0 0 0 0 0 0 0 0 0 0
 -1e+05 0 -2e+05 0 -1e+05 2e+05 0 0 -2e+05 0
 -1.38e+05 -1.69e+05 -2.53e+05 -1.84e+05 -1.53e+05 6.9e+04 -6.9e+04 4.15e+05 -3.22e+05 -1.69e+05
 -1.693e+05 -1.77e+05 5.4e+04 -3.46e+05 -1.46e+05 -3e+05 -2e+05 5.153e+05 -3.46e+05 -3e+05
 -3.54e+05 -7.48e+05 -1.153e+05 -3e+05 2.5e+04 -6.71e+05 -5.077e+05 1.773e+05 -1.85e+05 -8.407e+05
 -3.39e+05 -6.46e+05 -4.734e+05 -5.16e+05 -2.84e+05 -6.85e+05 -7.77e+05 -5.117e+05 1.09e+05 -6.369e+05
 -9.593e+05 -1.009e+06 -1.084e+06 -9.464e+05 -8.23e+05 -1.158e+06 -5.857e+05 -1.071e+06 -6.023e+05 4.57e+04
 -9.54e+05 -8.3e+05 -9.92e+05 -4.28e+05 -1.685e+06 -1.201e+06 -8.92e+05 -1.469e+06 -2.869e+05 -5.397e+05
 -1.208e+06 -5.38e+05 -5.91e+05 -7.36e+05 -1.422e+06 -1.253e+06 -7.28e+05 -1.114e+06 -6.29e+05 -8.4e+05
 -7.31e+05 -6.383e+05 -1.183e+06 -8.46e+05 -3.617e+05 -5.87e+05 -7.38e+05 -8.22e+05 -4.81e+05 -1.155e+06
 -6.77e+05 -2.14e+05 -5.24e+05 -3.93e+05 7000 2.53e+05 -8e+05 -1.84e+05 -6.63e+05 -7.86e+05
 -5.54e+05 4.6e+04 -2e+05 -6.08e+05 1.5e+04 5e+05 -4.46e+05 -2.923e+05 -6.61e+05 -2.227e+05
 0 0 0 0 0 0 0 0 0 0
 0 0 0 -6.2e+04 -6.2e+04 0 0 1.24e+05 0 -1.24e+05
 -1.2e+04 0 -5.8e+04 -1.2e+04 0 1.2e+04 0 2.46e+05 -1e+05 -1.12e+05
 -2.97e+05 -1.639e+05 -1.233e+05 -2.282e+05 -2.97e+05 8.406e+04 -1.97e+05 3.853e+05 -5.621e+05 -4.364e+05
 -6.086e+05 -6.074e+05 -2.291e+05 -5.193e+05 -5.1e+05 -2e+05 -4.67e+05 1.541e+05 -6.895e+05 -7.46e+05
 -8.89e+05 -1.297e+06 -8.599e+05 -3.934e+05 -6.778e+05 -5.013e+05 -1.185e+06 2.284e+04 -8.723e+05 -1.472e+06
 -1.464e+06 -1.998e+06 -1.086e+06 -1.037e+06 -1.449e+06 -1.264e+06 -1.722e+06 -3.617e+05 -1.491e+06 -1.319e+06
 -1.759e+06 -2.552e+06 -1.381e+06 -1.632e+06 -2.206e+06 -2.405e+06 -2.165e+06 -1.208e+06 -2.335e+06 -1.054e+06
 -2.151e+06 -2.718e+06 -1.708e+06 -1.777e+06 -3.254e+06 -2.652e+06 -2.64e+06 -1.689e+06 -1.76e+06 -8.854e+05
 -1.841e+06 -2.563e+06 -2.761e+06 -2.364e+06 -3.225e+06 -2.574e+06 -2.566e+06 -1.699e+06 -1.759e+06 -8.14e+05
 -2.087e+06 -2.41e+06 -2.439e+06 -2.462e+06 -2.836e+06 -2.424e+06 -2.569e+06 -1.789e+06 -1.964e+06 -1.624e+06
 -2.351e+06 -1.969e+06 -2.05e+06 -2.488e+06 -1.417e+06 -1.825e+06 -2.08e+06 -1.028e+06 -1.819e+06 -1.931e+06
 -1.611e+06 -1.325e+06 -1.564e+06 -1.773e+06 -7.278e+05 -7.761e+05 -1.746e+06 -9.225e+05 -1.979e+06 -1.788e+06
 -8.039e+05 -2.085e+05 -5.769e+05 -5.083e+05 -2.993e+05 7.071e+05 -8.17e+05 -2.554e+05 -1.17e+06 -7.216e+05
 -1.15e+05 0 -7.6e+04 -3.07e+05 -2.17e+05 3.39e+05 -1e+05 2e+05 -1e+05 -2e+05
 0 0 0 1e+05 0 0 0 0 0 -1e+05
 -1.86e+05 -470 6.933e+04 -8.6e+04 -1e+05 -1.4e+04 -1e+05 2.445e+05 -3.009e+05 -2.85e+05
 -2.142e+05 -2.767e+05 -3.356e+04 -1.843e+05 -2.534e+05 -1.973e+05 -4.484e+05 -1070 5.929e+04 -5.68e+05
 -6.613e+05 -7.5e+05 -5.761e+05 -1.222e+05 -7.487e+05 -5.284e+05 -1.065e+06 -1.405e+05 -2.732e+05 -9.984e+05
 -1.36e+06 -1.687e+06 -9.937e+05 -8.429e+05 -1.183e+06 -1.35e+06 -1.881e+06 -8.379e+05 -1.24e+06 -1.18e+06
 -1.52e+06 -2.105e+06 -2.081e+06 -1.768e+06 -2.005e+06 -1.698e+06 -1.905e+06 -1.53e+06 -1.653e+06 -9.1e+05
 -1.198e+06 -1.68e+06 -1.373e+06 -1.308e+06 -1.836e+06 -1.511e+06 -1.616e+06 -8.393e+05 -1.535e+06 -1.452e+06
 -1.011e+06 -9.909e+05 -1.166e+06 -1.128e+06 -1.976e+06 -9.442e+05 -1.394e+06 -6.34e+05 -1.325e+06 -1.542e+06
 -4.493e+05 -9.484e+05 -1.318e+06 -1.455e+06 -1.836e+06 -1.144e+06 -1.602e+06 -7.875e+05 -2.148e+06 -1.807e+06
 -1.168e+06 -1.459e+06 -1.61e+06 -2.39e+06 -1.512e+06 -1.864e+06 -2.136e+06 -1.526e+06 -1.714e+06 -2.019e+06
 -1.657e+06 -1.664e+06 -1.788e+06 -1.62e+06 -1.35e+06 -2.153e+06 -2.004e+06 -1.098e+06 -1.503e+06 -1.968e+06
 -1.355e+06 -1.311e+06 -1.798e+06 -8.244e+05 -1.29e+06 -1.15e+06 -1.788e+06 -8.813e+05 -1.104e+06 -1.587e+06
 -7.245e+05 -5.815e+05 -7.288e+05 -2.52e+04 -6.935e+05 8.52e+04 -9.2e+05 -3.9e+05 -6.097e+05 -7.4e+05
 -3.91e+05 -9.9e+04 -1.14e+05 -4.5e+04 -1.22e+05 1.99e+05 -3.53e+05 -1.22e+05 -6.9e+04 -1.45e+05
 0 0 1e+05 0 0 0 0 0 -1e+05 0
 -3e+04 0 2.4e+04 6000 -23 3e+04 -23 3.325e+04 -1.002e+05 -5.3e+04
 -3.389e+05 -3.499e+05 -2.188e+05 -5.286e+05 -3.349e+05 -1.578e+05 -4.969e+05 4650 1.864e+05 -5.273e+05
 -1.003e+06 -1.339e+06 -3.464e+05 -1.33e+06 -1.169e+06 -5.838e+05 -1.449e+06 -3.239e+05 -8.125e+05 -9.094e+05
 -1.691e+06 -1.734e+06 -8.547e+05 -1.78e+06 -9.423e+05 -8.895e+05 -1.582e+06 -1.093e+06 -1.795e+06 -1.151e+06
 -7.462e+05 -1.425e+06 -8.666e+05 -1.989e+06 -1.071e+06 -6.844e+05 -1.435e+06 -7.232e+05 -1.112e+06 -1.048e+06
 -8.156e+05 -1.27e+06 -8.366e+05 -1.485e+06 -1.058e+06 -5.587e+05 -7.131e+05 -6.206e+05 -7.534e+05 -7.912e+05
 -2.328e+05 -7.594e+05 -8.563e+05 -1.184e+06 -1.396e+06 -2.046e+05 -1.101e+06 -7.515e+05 -1.712e+06 -8.334e+05
 -3.245e+05 -8.329e+05 -1.175e+06 -7.602e+05 -1.446e+06 -9.527e+05 -1.083e+06 -8.996e+05 -1.445e+06 -1.071e+06
 -1.156e+06 -1.231e+06 -1.593e+06 -1.336e+06 -1.27e+06 -1.578e+06 -1.967e+06 -1.058e+06 -1.49e+06 -1.692e+06
 -1.094e+06 -1.973e+06 -1.904e+06 -1.361e+06 -1.834e+06 -1.975e+06 -2.536e+06 -1.408e+06 -1.667e+06 -1.645e+06
 -1.01e+06 -1.454e+06 -1.514e+06 -8.102e+05 -1.035e+06 -1.82e+06 -1.781e+06 -1.197e+06 -3.266e+05 -9.438e+05
 -1.408e+05 -6.234e+05 -8.269e+05 4.451e+05 -6.111e+05 -7.15e+05 -7.626e+05 -3.496e+05 -5.885e+05 -6.602e+05
 -2.58e+05 -1.58e+05 -5.8e+04 2.23e+05 -2.58e+05 -7000 -3.16e+05 -2.58e+05 -2.58e+05 -2.58e+05
 -1e+05 -1e+05 3e+05 0 0 -1e+05 0 0 -1e+05 -1e+05
 -7.7e+04 -1e+05 4.14e+05 -2100 -1.002e+05 -2.479e+05 -1.461e+05 -3.71e+04 -1.439e+05 -9925
 -5.251e+05 -8.281e+05 -7.324e+05 -9.303e+05 -9.716e+05 -1.975e+05 -5.789e+05 -6.611e+05 -1.83e+05 -1.051e+05
 -1.527e+06 -1.694e+06 -1.591e+06 -2.498e+06 -1.335e+06 -3.973e+05 -1.614e+06 -1.535e+06 -1.331e+06 -5.37e+05
 -1.406e+06 -1.546e+06 -6.086e+05 -2.48e+06 -7.28e+05 -6.338e+05 -1.694e+06 -1.477e+06 -1.455e+06 -9.97e+05
 -1.279e+06 -1.452e+06 -4.74e+05 -1.874e+06 -1.189e+06 -3.379e+05 -1.199e+06 -1.749e+06 -7.902e+05 -2.18e+05
 -1.223e+06 -1.294e+06 -9.934e+05 -1.264e+06 -1.504e+06 -4.067e+05 -9.87e+05 -1.75e+06 -6.551e+05 -4.872e+05
 -1.622e+06 -1.018e+06 -9.214e+05 -1.143e+06 -1.532e+06 -7.211e+05 -9.368e+05 -1.474e+06 -1.073e+06 -2.753e+05
 -1.489e+06 -8.58e+05 -1.672e+06 -1.017e+06 -1.317e+06 -1.868e+06 -1.797e+06 -1.185e+06 -2.023e+06 -7.093e+05
 -1.399e+06 -1.783e+06 -1.819e+06 -1.204e+06 -1.378e+06 -2.696e+06 -2.234e+06 -1.821e+06 -1.352e+06 -1.457e+06
 -7.659e+05 -1.464e+06 -1.431e+06 -1.352e+06 -1.224e+06 -1.867e+06 -1.848e+06 -1.441e+06 -8.573e+05 -9.383e+05
 -3.1e+04 -8.77e+05 -8.981e+05 -4.523e+05 -8.711e+05 -1.29e+06 -1.432e+06 -4.758e+05 -4.157e+05 -1.069e+06
 4.501e+05 -3.659e+05 -2.801e+05 2.178e+05 -3.829e+05 -6.269e+05 -2.659e+05 -3.009e+05 -4.386e+05 -2.469e+05
 1.84e+05 -1.14e+05 7.1e+04 -7e+04 -1.14e+05 -2e+05 0 -1.15e+05 -1.5e+04 -1.5e+04
 -2.3e+04 -2.3e+04 6.9e+04 0 0 -2.3e+04 0 0 -2.3e+04 -2.3e+04
 1.77e+05 -2.008e+05 9.825e+04 -9.883e+04 -1.872e+05 -7.614e+04 -2.378e+04 -2.175e+04 -2.114e+05 -2.684e+05
 -5.337e+05 -9.56e+05 -1.448e+06 -1.233e+06 -4.073e+05 -3.016e+05 -6.96e+05 -7.543e+05 -7.16e+05 -4.373e+05
 -5.548e+05 -1.586e+06 -2.063e+06 -1.947e+06 -7.14e+05 -6.052e+05 -1.477e+06 -2.129e+06 -1.452e+06 -5.466e+05
 -1.382e+06 -1.548e+06 -1.814e+06 -1.653e+06 -7.406e+05 -8.516e+05 -1.131e+06 -2.057e+06 -3.5e+05 -8.918e+05
 -1.583e+06 -1.052e+06 -1.706e+06 -1.373e+06 -6.367e+05 -7.62e+05 -1.162e+06 -1.963e+06 -5.424e+05 -8.623e+05
 -1.028e+06 -9.906e+05 -1.73e+06 -1.095e+06 -1.052e+06 -1.072e+06 -1.352e+06 -1.692e+06 -9.639e+05 -4.858e+05
 -1.883e+06 -1.112e+06 -1.463e+06 -1.175e+06 -1.706e+06 -1.657e+06 -2.152e+06 -2.018e+06 -1.916e+06 -8.111e+05
 -2.108e+06 -1.503e+06 -2.106e+06 -1.468e+06 -1.386e+06 -1.843e+06 -2.136e+06 -1.432e+06 -1.573e+06 -1.084e+06
 -1.581e+06 -1.499e+06 -1.387e+06 -9.589e+05 -1.095e+06 -1.77e+06 -1.802e+06 -1.476e+06 -1.713e+06 -1.017e+06
