# Created by Octave 5.2.0, Thu Sep 24 23:51:32 2020 CEST <jiwidi@land>
# name: w
# type: matrix
# rows: 197
# columns: 10
 -7551 -7008 -7556 -7500 -7078 -7044 -7238 -7357 -7875 -7302
 0 0 0 0 0 0 0 0 0 0
 0 0 0 0 0 0 0 0 0 0
 -42.18 -61.64 -60.02 -37.86 -48.1 -15.57 -31.87 21.64 -44.14 -51.04
 -184.9 -277.5 -304.6 -305.4 -227.5 -166.3 -140.3 345.5 -257.3 -344
 -205.2 -319.1 -247.3 -369.5 -234.5 -240.2 -224 254.4 -316.6 -381
 -607.5 -693.3 -560.4 -525.5 -442.1 -630.6 -591.3 -47.06 -624.1 -832
 -947.4 -1201 -864.7 -780.1 -1083 -1110 -1107 -818.7 -844.7 -898.1
 -1662 -1909 -1762 -1439 -2075 -1913 -1626 -1899 -1509 -899.6
 -2142 -2182 -2293 -2040 -2725 -2530 -2098 -2474 -1937 -1445
 -2252 -1863 -2337 -2140 -2657 -2560 -2101 -2330 -2159 -1901
 -1835 -1446 -1970 -1749 -1647 -1968 -1872 -1873 -1893 -2065
 -991 -889.7 -1084 -1051 -732.7 -738.5 -1094 -820.9 -1191 -1270
 -449.8 -375.2 -435.3 -382.9 -160.5 23.75 -484 -376.2 -474 -467
 -40 -19 -30.2 -40 -34.2 40 -40 -21.1 -36.8 -40
 -9.548 -12.4 -12.4 -12.4 -12.4 -12.4 -8.184 12.4 -12.4 -12.4
 -35.85 -48.18 -69.65 -73.39 -63.55 -33.48 -31.35 79.55 -56.41 -75.79
 -295.9 -462.4 -345.9 -398.7 -378.7 -250.9 -291.7 304 -427 -531.8
 -802.6 -1159 -960.2 -894.8 -994.4 -723.6 -848.1 322.1 -1003 -1346
 -1890 -2451 -2014 -1756 -1924 -1880 -2040 -760 -1997 -2384
 -3002 -3578 -2956 -2678 -3157 -3035 -3082 -2025 -2961 -2684
 -3713 -4537 -3718 -3581 -4400 -4147 -3865 -3008 -3544 -3064
 -4382 -5163 -4393 -4218 -5463 -4919 -4438 -3804 -4027 -3630
 -4799 -5154 -4999 -4747 -5888 -5210 -4767 -4275 -4468 -4134
 -5005 -4864 -5200 -5048 -5865 -5197 -5142 -4608 -4878 -4488
 -4471 -4365 -4778 -4581 -4369 -4329 -4762 -3945 -4543 -4654
 -3183 -3119 -3273 -2845 -2485 -2330 -3404 -2481 -2978 -3505
 -1405 -1315 -1281 -764.4 -1100 -306.6 -1494 -1158 -1400 -1416
 -333.1 -307.9 -253.9 -215.9 -313.4 164 -319.7 -208 -324.1 -295.2
 -20 -20 -20 20 -20 -20 -19.9 -20 -20 -20
 -151 -171.3 -78.55 -95.43 -185.3 -119.3 -151.5 -0.6646 -184.7 -204.2
 -562.5 -704.2 -492.6 -593.1 -695.6 -556 -618.5 32.55 -601.3 -787.7
 -1547 -1876 -1486 -1480 -1796 -1507 -1619 -638.7 -1457 -1851
 -3095 -3556 -2776 -2908 -3027 -3019 -3174 -2438 -3057 -2568
 -3664 -4301 -3554 -3715 -3852 -3636 -3800 -3412 -3482 -2918
 -3245 -3804 -3323 -3359 -3739 -3118 -3434 -2983 -3113 -3332
 -3003 -3289 -3014 -3144 -3670 -2626 -3037 -2635 -3154 -3589
 -2869 -2823 -3070 -3291 -3711 -2638 -3274 -2752 -3590 -3737
 -3840 -3688 -4279 -4450 -4381 -4038 -4702 -3956 -4536 -4379
 -4050 -4410 -4570 -4685 -4049 -4307 -5080 -3892 -4587 -4500
 -2809 -3211 -2995 -2577 -2662 -2629 -3454 -2416 -2497 -3186
 -1315 -1396 -1249 -659.6 -1278 -835 -1531 -1280 -1156 -1374
 -385.8 -327.2 -257.5 -144.4 -330.3 17.7 -342.1 -295.3 -335 -308.4
 -20 -20 20 -12.7 -20 -20 -20 -20 -20 -20
 -87.97 -95.85 -36.59 -78.86 -115 -80.98 -87.12 17.56 -103.8 -96.37
 -656.1 -847.3 -711.5 -942.8 -836 -729 -736.3 -277.4 -632.5 -893.3
 -2019 -2380 -2021 -2463 -2154 -1918 -2169 -1715 -1896 -1599
 -3218 -3707 -2979 -3582 -2871 -2934 -3391 -3265 -3136 -2290
 -2533 -3115 -2546 -3091 -2445 -2448 -2938 -2842 -2516 -2685
 -2108 -2534 -2231 -2768 -2483 -1580 -2032 -2196 -2304 -2469
 -1566 -1860 -1830 -2370 -2332 -1495 -1915 -2082 -2524 -2175
 -2013 -1536 -2552 -2745 -2804 -2281 -2635 -2596 -2927 -2552
 -3439 -3356 -4072 -4253 -3618 -3985 -4459 -3623 -4203 -3826
 -3289 -4188 -3929 -3830 -3572 -4146 -4442 -3359 -3704 -3764
 -1987 -2451 -2225 -1884 -2119 -2565 -2772 -2223 -1736 -2246
 -703.9 -1006 -824.2 -454.2 -952.1 -1033 -1166 -973 -852.6 -927.2
 -169.1 -245.3 -169.6 -81.45 -236.1 -211.1 -278.9 -242 -232.8 -218.3
 -20 -20 20 -20 -20 -20 -20 -20 -20 -20
 -53 -134.6 -44.17 -145.2 -136.6 -174 -133.5 -154.4 -122.9 -137.4
 -697.9 -899.8 -996 -1163 -842.4 -714.2 -863.6 -794.4 -742.8 -798.1
 -2260 -2707 -2611 -3020 -2173 -1939 -2468 -2536 -2365 -1466
 -2740 -3341 -3007 -3580 -2344 -2596 -3037 -3097 -2633 -2389
 -2251 -2722 -2624 -2969 -2290 -1954 -2331 -2567 -2106 -2330
 -1578 -2017 -1991 -2118 -2062 -1651 -1562 -1947 -1901 -1687
 -1679 -1236 -1850 -1763 -2035 -1929 -1684 -2138 -2032 -1518
 -3076 -2366 -3310 -3080 -3208 -3673 -3545 -3248 -3435 -2849
 -3969 -3980 -4295 -3740 -3688 -4888 -4554 -3866 -4061 -3869
 -2600 -3231 -2889 -2682 -2728 -3605 -3477 -2770 -2644 -2789
 -832.6 -1487 -1327 -1122 -1254 -2036 -1939 -1572 -1210 -1383
 43.11 -392.3 -271.5 -274.1 -384.3 -720.9 -614.8 -410.9 -506.9 -346.5
 141.1 -68.56 -54.33 -117.8 -84.28 -196.8 -123.1 -65.85 -88.36 -64.59
 -4.6 -4.6 4.6 -4.6 -4.6 -4.6 -4.6 -4.6 -4.6 -4.6
 -52.76 -258.8 -277.6 -351.6 -134 -251.9 -284.4 -359.3 -310.7 -333.8
 -892.9 -1187 -1396 -1448 -628.6 -839.9 -1167 -1274 -1186 -1102
 -2145 -2683 -2766 -2957 -1778 -1925 -2348 -2771 -2519 -1757
 -2894 -3430 -3574 -3568 -2667 -2253 -2905 -3457 -2647 -2379
 -2738 -3119 -3325 -3003 -2748 -2298 -2473 -3164 -2262 -2276
 -2542 -2540 -2776 -2221 -2736 -2438 -2450 -3103 -2411 -1897
 -3621 -2571 -3602 -2874 -3687 -3437 -3755 -4031 -3340 -2782
 -4609 -3784 -4458 -3756 -4120 -4440 -4716 -4218 -4261 -3889
 -3903 -3771 -3546 -3118 -3290 -3828 -4013 -3420 -3595 -3342
 -1703 -1966 -1645 -1722 -1727 -2242 -2430 -1825 -1908 -1755
 -35.72 -843.1 -557.6 -971 -678.9 -1182 -1335 -908.1 -1042 -836.5
 325.6 -242.7 -157.2 -438 -282.4 -498.6 -478 -269 -341.7 -237.3
 134.9 -40.88 -53.18 -89.18 -57.98 -144.9 -95.14 -42.22 -65.93 -45.65
 33.27 -32.8 -92.2 -54.56 -26.05 -67.78 -41.45 -62.03 -45.05 -48.9
 -175 -486 -646.3 -642.8 -88.13 -396 -514.2 -639.4 -602.5 -537.6
 -709.8 -1166 -1523 -1508 -391 -879 -1153 -1398 -1480 -1311
 -2049 -2452 -2691 -2528 -1219 -1634 -2175 -2640 -2688 -2019
 -3025 -3412 -3628 -3298 -2511 -2144 -2813 -3560 -3237 -2648
 -3820 -4035 -3990 -3276 -3451 -2837 -3398 -4288 -2935 -3084
 -4272 -3516 -4121 -3189 -3879 -3243 -4277 -4558 -3170 -3536
 -5000 -3785 -4724 -3751 -4283 -4281 -4813 -4558 -4056 -4321
 -4676 -4010 -4392 -3608 -3652 -4204 -4624 -4121 -4508 -4050
 -2996 -2828 -2294 -1974 -2144 -2479 -2900 -2556 -3155 -2383
 -1363 -1503 -1033 -1371 -1142 -1473 -1804 -1400 -1920 -1648
 -99.25 -902.3 -852 -937.2 -618.3 -1190 -1140 -967.4 -1156 -1002
 308.4 -274.2 -382.3 -449.9 -303.6 -573.7 -457.6 -368.2 -423.9 -356.9
 84.3 -21.68 -56.17 -51.53 -29.7 -57.33 -62.49 -34.3 -44.86 -30.29
 -25.16 -84.83 -160.9 -121.1 7.946 -150.7 -57.27 -120.1 -103.4 -130.5
 66.42 -473 -668.4 -629.2 -75.56 -673.5 -502.3 -625.5 -601.5 -561.4
 -573 -1045 -1197 -1268 -156.9 -1319 -991.8 -1165 -1361 -1278
 -1531 -1926 -2061 -1999 -784 -1891 -1464 -1961 -2091 -1998
 -2616 -2972 -2691 -2557 -1580 -2668 -2046 -2897 -2121 -2748
 -3337 -3069 -3134 -2717 -2348 -3019 -3076 -3532 -2177 -3472
 -4305 -3146 -3922 -3608 -3229 -3773 -4134 -4014 -2954 -4272
 -4505 -3687 -4173 -4210 -3740 -4233 -4293 -3893 -4012 -4006
 -3716 -3300 -3079 -3126 -2721 -3466 -3146 -3365 -3573 -2966
 -2811 -2395 -2033 -1830 -1761 -2235 -2058 -2394 -2967 -2385
 -1705 -1811 -1720 -1122 -1512 -1750 -1543 -1757 -2250 -2025
 -384.2 -988.2 -1230 -926.6 -885.2 -1135 -987.9 -1089 -1353 -1161
 243.1 -293.2 -594 -406.2 -376.8 -557.1 -381.3 -434.1 -446.3 -410.5
 54.11 -16.65 -41.08 -36.16 -20.95 -38.91 -43.68 -31.58 -31.34 -23.78
 42.39 -129.8 -233.9 -138.5 -155.8 -165.9 -126.9 -190.4 -168.9 -176.2
 45.03 -546 -505.3 -750.2 -469.1 -827.2 -624.5 -678.5 -740.2 -657.5
 -438.8 -956.5 -967.9 -1284 -739.3 -1606 -892.7 -1034 -977.2 -1090
 -1581 -1974 -1559 -2175 -1300 -2415 -1289 -1910 -1233 -2038
 -2363 -2399 -1970 -2634 -1791 -2743 -1961 -2509 -1226 -2619
 -2906 -2123 -2260 -2986 -2275 -2981 -2816 -2706 -1908 -3025
 -4143 -3254 -3438 -4225 -3280 -3995 -3791 -3511 -3541 -3799
 -4188 -3563 -3313 -4331 -3125 -3783 -3261 -3452 -3744 -3579
 -3227 -2664 -2259 -2973 -2296 -2833 -1929 -2749 -2660 -2335
 -2460 -2250 -1910 -1751 -1896 -2107 -1739 -2134 -2382 -2364
 -1500 -1836 -2001 -1226 -1745 -1765 -1375 -1754 -2257 -1993
 -646.6 -969 -1403 -775.3 -1097 -1113 -775.8 -1095 -1376 -1185
 -126.3 -383.3 -587.4 -370.3 -490.5 -525.1 -334.3 -512.8 -537.8 -487.8
 -72.19 -96.35 -56.11 -132.3 -111 -53.58 -89.08 -124.8 -110.9 -125.1
