# Created by Octave 5.2.0, Thu Sep 24 23:52:04 2020 CEST <jiwidi@land>
# name: w
# type: matrix
# rows: 197
# columns: 10
 -1969 -1756 -1816 -1930 -1884 -1698 -1827 -1806 -2327 -1854
 0 0 0 0 0 0 0 0 0 0
 0 0 0 0 0 0 0 0 0 0
 -10 -15.16 -53 -13.16 -38 46 -6 -22.84 -46.08 -9.164
 -22.05 -90.14 -88.5 -57.89 -47.07 7.89 -13.45 107.1 -58.64 -60.98
 -36.01 -117.7 -12.16 -95.01 -26.61 -58.38 -72.16 150.9 -73.92 -109.2
 -136.1 -190.1 -107.2 -110.6 -34.74 -173.6 -122.6 89.14 -81.47 -312.4
 -237 -291.2 -221.3 -258.4 -258.9 -366.5 -295.5 -240.6 -148.5 -213.2
 -458.7 -457.3 -491 -440.7 -515.8 -514.5 -452.3 -599.3 -373.6 -179.2
 -572.6 -372.7 -537.7 -460.8 -652.7 -544.3 -565.8 -686.5 -454.7 -318.8
 -641.1 -558.4 -505 -540.3 -699.5 -605.2 -533.7 -518.2 -533.9 -479.2
 -476.7 -412.4 -457.5 -495.2 -415.6 -483.9 -488.2 -524.9 -427.5 -499.9
 -289.7 -134.2 -297 -223.1 -180.4 -146.1 -247.1 -126.9 -321.4 -329.8
 -121.2 -11.98 -169.2 -189.9 -56.89 91.33 -172.8 -122.1 -146.7 -94.64
 -5 -2 -3 -9 -3 10 -5 -3 -4 -8
 -1.24 -1.86 -8.06 -24.18 -1.86 -2.48 -0.62 24.8 -2.48 -22.94
 -4.19 -18.12 -7.72 -25.34 -10.02 -1.553 -4.567 37.49 -5.732 -10.14
 -64.19 -97.17 -53.88 -73.49 -82.98 -1.968 -80.96 52.9 -123 -88.25
 -187.3 -238.8 -166.9 -109.1 -190.8 -103 -193.5 6.887 -217.6 -279.3
 -466.7 -631.7 -444.5 -351.8 -359.5 -403.1 -606.8 -307.8 -430.5 -677.5
 -785.1 -995.4 -776.1 -740.1 -755.7 -785.8 -833.7 -467.8 -801.4 -869.1
 -942.2 -1209 -973.7 -897.2 -1038 -1018 -1041 -714 -1048 -809.9
 -1148 -1354 -1106 -1105 -1426 -1194 -1219 -980 -1110 -824.7
 -1148 -1312 -1277 -1214 -1544 -1231 -1219 -1047 -1099 -861.2
 -1260 -1277 -1266 -1260 -1444 -1258 -1302 -1044 -1246 -1074
 -1056 -1067 -1040 -1108 -966.9 -982.5 -1046 -809.3 -1004 -1118
 -670.6 -601.3 -790.2 -740.4 -539.8 -476.3 -723.4 -579.4 -773.7 -745.9
 -331.1 -182.9 -305 -200.7 -206.2 48.29 -325.7 -213.2 -358.9 -272.6
 -46.97 -39.89 -49.09 -94.02 -47.9 77.15 -47.33 4.23 -46.26 -75.81
 -13 -5 -6 18 -4 -12 -2 -4 -4 -17
 -44.99 -25.4 35.52 -21.5 -32.07 -39.34 -72.13 -6.411 -61.8 -52.33
 -104.2 -118.9 -65.65 -127.5 -152.1 -126.4 -142.8 -81.49 -80.99 -165.3
 -378.2 -383.7 -312 -260.6 -391.5 -326 -399.2 -196.9 -273.1 -484.7
 -728.7 -895.6 -669.1 -759.8 -723 -774.7 -852.9 -668.5 -769.4 -753.8
 -831.5 -1024 -917 -883.2 -937.3 -893.6 -888.3 -794.3 -784.7 -781.3
 -753.1 -916 -807.3 -707 -814.5 -765.2 -797.5 -539.3 -691 -856.1
 -626.8 -646 -633.1 -668 -784.8 -582.1 -679.5 -549.2 -563.7 -760.9
 -580.2 -576.6 -695.3 -694.5 -882.6 -651.2 -746.2 -560.4 -805.1 -915.8
 -906.4 -989 -1119 -1173 -1057 -1094 -1119 -1060 -979.1 -1106
 -1001 -1131 -1046 -1109 -941.4 -1185 -1171 -921.1 -1038 -1149
 -573.1 -677 -759.7 -479.8 -583.4 -559.4 -683 -459.8 -483.1 -624.5
 -258.3 -240.3 -306.2 -66.76 -329 -138.7 -282.9 -189.6 -149.8 -247.9
 -96.32 -60.75 -70.32 -55.58 -63.07 40.13 -64.55 -29.01 -19.31 -83.9
 -2 -5 37 -1 -23 -8 -28 -3 -37 -6
 -16.63 -14.45 33.35 -15.78 -38.5 -17.09 -44.1 -9.361 -53.86 -3.293
 -168.8 -170 -176 -283.3 -210.8 -109.7 -190.9 -113.3 -104.9 -218
 -526.5 -608.5 -407.9 -703.8 -563.1 -492.1 -642.2 -425.7 -511.2 -563.9
 -861.9 -1016 -718.4 -938.4 -687.9 -713.2 -846.7 -736.3 -799.3 -735.2
 -664.6 -869.6 -606.2 -778.4 -589 -646.3 -714.8 -590.2 -626.1 -642
 -464 -606 -473 -637.5 -508.6 -361.3 -430.1 -459.7 -524.2 -476.8
 -258 -404.2 -433.6 -541.8 -583 -212.3 -528.8 -530.8 -603.3 -344.7
 -541.7 -570.7 -740.9 -592 -761.6 -609.7 -738.5 -502.4 -732.7 -780.7
 -987.4 -976.5 -1160 -1126 -1016 -1101 -1200 -958.4 -1164 -1045
 -789.1 -994 -910.6 -883.2 -944.3 -963.7 -1132 -798.8 -910.9 -906.3
 -523.7 -557.1 -481.4 -392.6 -505.3 -588.4 -619.8 -569.4 -344.7 -447.5
 -169.3 -237.1 -273.7 52.35 -251.1 -246.6 -255.3 -165.6 -199.9 -229.4
 -70.53 -103.7 -80.77 20.89 -95.89 -70.01 -109.4 -62.79 -50.76 -82.74
 -29 -27 32 -5 -22 -32 -19 -21 -24 -12
 -12.97 -49.47 28.03 -25.9 -58.76 -77.64 -58.04 -70.92 -55.12 -11.65
 -200.7 -212.3 -277.8 -364.1 -250.7 -66.44 -214.3 -236.8 -121.7 -174.2
 -635.7 -753.3 -656.4 -906.2 -665 -487.8 -694.8 -676.3 -620.1 -376.7
 -772.5 -950.5 -681.5 -945.6 -618.6 -601.9 -840.3 -716.2 -737.8 -807.3
 -725.7 -714.9 -536 -860.4 -629.6 -480.5 -723.3 -888 -594.2 -436.2
 -531.3 -612.3 -535 -591.1 -646.1 -344.4 -560.8 -777.3 -453.1 -300.4
 -647 -513.5 -568.2 -541.6 -680.5 -496.6 -557.9 -783.4 -534.9 -265.6
 -988.5 -710.1 -974.3 -837.4 -916.2 -1124 -1000 -911.5 -1084 -839.2
 -972.3 -1039 -1090 -940.2 -997.3 -1300 -1229 -1101 -1066 -986.3
 -533.5 -704.7 -668.1 -691.7 -762.2 -749.7 -849.9 -667 -622.6 -594.6
 -158.2 -317 -337.9 -202.1 -291.4 -413.4 -448.7 -299.8 -313.5 -227.7
 29.88 -105.5 -50.25 18.57 -79.45 -217.5 -108.1 -74.41 -104 -66.77
 79.12 -10.58 -6.62 -9.42 -11.41 -92.22 -15.41 -9.77 -10.42 -8.42
 -6.67 -6.21 7.36 -1.15 -5.06 -7.36 -4.37 -4.83 -5.52 -2.76
 -10.16 -91.03 -41.98 -104.5 3.061 -54.37 -39.48 -64.69 -64.98 -98.24
 -242.5 -350.4 -379.7 -403.9 -114 -214.7 -221.7 -287.4 -215.8 -252.6
 -503.1 -684.6 -738.1 -658.6 -408.3 -471.9 -585.8 -800.6 -582 -348.2
 -764.4 -849.1 -1000 -843.8 -551.4 -606 -734.5 -917.8 -578.2 -673.9
 -668 -738.7 -788.4 -759.4 -421.8 -608.5 -611.9 -905.7 -538.3 -577.8
 -540 -619.6 -758.6 -574.7 -525.8 -557.2 -693.2 -838.1 -549.3 -475.8
 -1029 -814.9 -991.8 -844.4 -943.3 -1048 -1059 -1097 -953.2 -745.1
 -1156 -1033 -1133 -1010 -1041 -1146 -1214 -1137 -1196 -957.2
 -833.2 -855.9 -765.7 -681 -734.4 -868.7 -893.7 -803.2 -881.7 -559.5
 -343 -390.5 -443.1 -367.9 -383.1 -458.9 -578.3 -414.2 -406.5 -209.7
 -10.1 -180.5 -132.4 -178.7 -82.25 -264.2 -326.5 -176.6 -272.5 -126.6
 99.6 -36.79 -34.82 -86.01 -32.23 -111.5 -63.4 -39.74 -39.43 -27.73
 67.87 -4.254 -3.501 -11.3 -6.891 -71.95 -12.04 -5.254 -6.501 -5.254
 13.64 -13.66 -46.79 -9.24 10.19 -13.41 5.876 -10.76 -11.59 -9.846
 -56.9 -118 -164.7 -183.8 3.62 -47.09 -61.07 -173.1 -161 -40.84
 -123.3 -229.1 -381.5 -325.5 -132.5 -59.98 -216.4 -301.1 -388 -205.4
 -513.3 -637.5 -690.6 -479 -324.5 -437.5 -428.2 -705.4 -596.5 -505.4
 -621.8 -775.5 -939.8 -814.5 -543.5 -505 -778.3 -886.6 -807 -776.7
 -871.7 -958.4 -1087 -888.9 -884.2 -717.8 -922.7 -1140 -859.6 -795.7
 -1200 -1066 -1075 -960.9 -1064 -941 -1219 -1199 -1076 -1021
 -1319 -1070 -1277 -1108 -1167 -1263 -1268 -1300 -1135 -1179
 -1048 -836 -1083 -885.3 -910.7 -1010 -1054 -1080 -841 -915.9
 -644.5 -536.6 -525 -463.2 -482.4 -549.3 -573.7 -549.2 -668.8 -458.7
 -330.9 -300 -215.9 -308.7 -156.2 -275.4 -388.2 -243.2 -442.3 -324.1
 -55.83 -166.1 -178 -153.4 -96.06 -312.3 -179.8 -176.3 -278.6 -201.8
 63.63 -40.86 -87.77 -45.56 -52.66 -155.4 -49.03 -55.1 -52.77 -43.5
 14.08 -2.617 -5.017 -11.62 -2.847 -7.937 -8.017 -2.787 -3.017 -2.787
 -31.7 -48.76 -75.82 -22.82 80.76 -48.82 15.18 -19.82 -38.82 -49.82
 22.94 -107.8 -217.5 -118.4 61.66 -177.4 -31.47 -160.5 -169.9 -69.38
 -144.7 -239.7 -180.1 -240 -59.42 -363.4 -247.4 -249 -394.1 -245.1
 -377.3 -430.4 -416.6 -388.6 -313.4 -422.3 -386.4 -463.3 -554.1 -448.5
 -679.3 -830.3 -631.3 -677.4 -491.2 -641.4 -567.5 -768.1 -551.8 -662.7
 -853.5 -809 -765.4 -692.1 -764.5 -786.2 -856 -889.8 -757 -810.1
 -1128 -968.9 -1038 -1004 -1064 -1082 -1130 -1142 -864.3 -1117
 -1083 -944.9 -1146 -957.9 -1046 -1008 -1063 -1031 -1037 -1041
 -847.6 -571.7 -841.9 -704.5 -728.5 -784.5 -750.4 -757 -728.7 -743
 -500.1 -444.5 -546.4 -405.4 -394.1 -426.5 -414.7 -533.7 -588.7 -439
 -322.9 -361.8 -370 -275.6 -277.8 -352.3 -328.5 -348.6 -493.6 -464.8
 -41.29 -176.2 -305.8 -156 -147.9 -222.4 -110.4 -191.3 -272.3 -249.4
 61.61 -55.87 -186.8 -7.157 -59.94 -153 -1.482 -70.12 -52.84 -55.14
 17.61 -0.15 -14.61 -4.57 -0.15 -6.53 -6.09 -3.01 -1.09 -1.57
 49.12 -38.24 -103.9 -27.84 -24.93 -53.1 2.956 -48.28 -28.11 -25.15
 49.02 -134.4 -79.44 -153.6 -134.1 -298.9 -98.98 -125.4 -177.9 -141.3
 -15.29 -150.9 -167.3 -259.8 -67.04 -384.4 -121.3 -194.3 -118.4 -179.3
 -272.9 -461.9 -337 -631.4 -293.2 -615.2 -274.4 -428 -255 -466
 -567 -545.7 -523.9 -798.3 -484.4 -811.9 -483.4 -602.5 -450.8 -626.5
 -729.2 -593.6 -731.4 -769.2 -651.9 -917.5 -681.5 -682.1 -520.1 -773.8
 -933.4 -812.8 -834.1 -1004 -770.4 -1010 -931.4 -973.5 -734.1 -948.8
