# Created by Octave 5.2.0, Thu Sep 24 23:53:00 2020 CEST <jiwidi@land>
# name: w
# type: matrix
# rows: 197
# columns: 10
 -4000 -3100 -3200 -3800 -3600 -3100 -3600 -3200 -5300 -3400
 0 0 0 0 0 0 0 0 0 0
 0 0 0 0 0 0 0 0 0 0
 -100 0 -300 -100 -100 300 -100 0 -200 0
 -153 -384 -222 -207 -153 123 -138 369 -322 -138
 -146 -430.7 54 -400.3 -46 -353.7 -100 954.3 -223 -408
 -576 -848 -107.3 -126 48 -747.7 -523 245 -385 -1017
 -431 -785 -269 -577 -731 -908 -877 -697 99 -532
 -1046 -1194 -1153 -769.7 -1146 -789 -1001 -1386 -588 -400
 -1562 -646 -1177 -978.9 -1854 -1092 -1108 -1787 -173.9 -546.1
 -1468 -431 -775 -866 -1614 -1277 -828 -847 -845 -709
 -830 -469 -890 -630 -615 -933 -1062 -1160 -443 -1278
 -624 -38 -585 -247.7 -208 184.7 -869 -144 -924 -909
 -477 8 -600 -477 300 492 -546 -377 -600 -100
 0 0 0 -100 0 100 0 0 0 0
 0 0 0 0 0 0 0 62 0 -62
 0 0 -46 -212 0 24 0 246 -100 -12
 -217 -177 -204.4 -327.6 -200 169.1 -197 291.8 -493.5 -236.9
 -691.8 -643 -397.8 -477.2 -410 -152.5 -512 455.8 -759.5 -858.1
 -870.7 -1509 -1132 -449.7 -685.9 -574.2 -1518 -126 -1105 -1857
 -1509 -2213 -1653 -1419 -1484 -1765 -2040 -365.6 -1844 -1940
 -1670 -3032 -1882 -1596 -2247 -2290 -2642 -990.5 -2253 -1680
 -2363 -2962 -1752 -2283 -3458 -2611 -2937 -1457 -2216 -1410
 -2207 -2725 -2818 -2249 -3672 -2559 -2614 -1790 -1877 -1147
 -2639 -2360 -2727 -2674 -3308 -2570 -2867 -1871 -2310 -1901
 -2178 -2388 -2071 -2437 -1690 -2023 -2325 -938.4 -2149 -2370
 -1233 -1194 -1846 -1686 -702.9 -739.8 -1836 -1177 -1918 -1781
 -679.7 21.43 -805.3 -190.2 -18 722.7 -836.4 -376.2 -1242 -587.7
 -191 0 0 -107 -117 315 -100 -91 -200 -100
 0 0 0 100 0 0 0 0 0 -100
 -100 0 157.6 -186 0 -31.02 -101.8 144.8 -202.2 -185.4
 -274 -115.3 -73.13 -368.5 -328.4 -170.3 -153.9 64.6 188.7 -700.2
 -841.3 -908 -768 -489.5 -1118 -654 -1223 -216.8 -281.5 -1326
 -1544 -1947 -932 -1412 -1312 -1547 -1948 -1197 -1713 -1583
 -1637 -2282 -2107 -2061 -2068 -1993 -2123 -1681 -1658 -1389
 -1127 -1913 -1835 -1725 -1915 -1289 -1855 -838 -1315 -1904
 -1007 -1313 -1417 -1334 -1975 -1019 -1618 -978.8 -818.3 -1533
 -344.5 -1039 -1433 -1117 -1911 -912.4 -1457 -962 -1983 -1743
 -1570 -1649 -1770 -2340 -1773 -2155 -2121 -2058 -1655 -2400
 -1879 -2005 -2028 -2215 -1535 -2735 -2518 -1535 -1562 -2248
 -1271 -1525 -2051 -841.3 -1172 -1013 -1607 -595 -920.6 -1727
 -522.8 -582 -770.1 52.8 -852 94.73 -760.1 -383.1 -314.4 -411
 -322 -99 -22 -345 -191 347 -316 -145 -161 -222
 0 0 200 0 0 -100 -100 0 -200 0
 0.877 -0.023 153.1 5.977 -0.023 -86.02 -100 -0.023 -200 25.98
 -196.9 -447.5 -322.6 -896.6 -413.6 -138.8 -708.7 322.9 -188.6 -768.3
 -1125 -1442 -766.5 -1809 -1255 -967.6 -1735 -721 -1008 -1412
 -1670 -1972 -883.5 -1913 -1025 -1175 -1872 -1508 -1487 -1179
 -879 -2151 -930.1 -1827 -773.3 -1015 -1433 -870 -1077 -1276
 -955 -1458 -908.5 -1502 -1014 -346.1 -881.9 -864.8 -943.5 -716.1
 -2.75 -844.7 -645.2 -1166 -1331 300.8 -1074 -1104 -1600 -576.6
 -274 -806.9 -1207 -814.3 -1341 -983.5 -1411 -946.1 -1685 -1045
 -1475 -1568 -2071 -1946 -1538 -1981 -2486 -1398 -2306 -1944
 -1454 -2088 -2135 -1449 -1906 -2529 -2819 -1453 -2226 -1545
 -1357 -1458 -1294 -663.4 -1086 -1670 -1882 -1350 -192 -861.7
 -77.87 -665.5 -612.6 416.2 -523 -610.8 -723.7 -381.3 -219.7 -587.5
 -127 -344 56 200 -158 -43 -416 -200 -44 -258
 0 -100 100 0 0 0 0 0 0 0
 122.9 -202.1 308 -102.2 -100.1 -286.1 -290.1 8.896 -235.9 -10.01
 -338.1 -725.3 -954.4 -1085 -582 175.4 -740.7 -653 -227 -369.6
 -1486 -1768 -1654 -2850 -1704 -781.1 -2009 -1850 -1392 -561.5
 -1694 -1867 -999.6 -2677 -870.9 -928.3 -2208 -1460 -1381 -1330
 -1398 -1328 -639 -1960 -1152 -533.8 -1342 -1998 -1034 -284.9
 -899 -1361 -773.2 -1137 -1479 -173 -1055 -1762 -885.1 -354.6
 -1111 -892.4 -772 -853.3 -1489 -743.3 -586.1 -1520 -931.2 -72.26
 -1974 -1377 -1986 -1723 -1762 -2203 -2118 -1862 -2277 -1172
 -1821 -1901 -2113 -1303 -1761 -3254 -2816 -2184 -2396 -1825
 -952.8 -1614 -1213 -1360 -1434 -1819 -2162 -1175 -1238 -943.1
 -303.3 -872.3 -1026 -342.6 -714.5 -1297 -1453 -725.5 -254 -721.6
 546.7 -347.3 -35.41 110.8 -282.9 -735.8 -490.9 -400.9 -301 -246.9
 284 -30 71 30 -15 -399 -114 -214 -15 -15
 0 -23 23 0 0 0 0 0 0 0
 351.4 -278.8 -26.8 -197.8 -52.28 -76.45 -322.6 -221.8 -223.8 -302.3
 -437.3 -877.1 -1381 -1277 -160.2 -163.4 -318 -956 -484.4 -590.5
 -936.7 -1587 -2341 -1905 -784.1 -757.8 -1605 -2341 -1685 -277.1
 -1385 -1560 -2300 -1926 -467 -962.8 -998.7 -2057 -420.2 -1129
 -943 -1225 -1774 -1880 -290.2 -703.4 -865.3 -2218 -474.9 -919.4
 -857.8 -1354 -1654 -1057 -930.4 -684.7 -1147 -1900 -1389 -240.8
 -1989 -1363 -2061 -1398 -1953 -2080 -2440 -2622 -2026 -839.9
 -2533 -1689 -2303 -1445 -1905 -2088 -2533 -2025 -2282 -1695
 -1819 -1818 -1299 -1186 -1152 -1929 -2038 -1641 -1893 -652.2
 -629.8 -1172 -1165 -992.8 -835.3 -1073 -1984 -901.3 -1200 -431.1
 103.9 -534 -402.1 -601.2 28.62 -728 -1073 -310.3 -917.9 -419.4
 486.7 -200 -88.73 -200.4 -100 -398.1 -400.6 -401.7 -198.8 -200.6
 201.7 0 77 0 0 -201.7 0 -77 0 0
 154 0 -223 0 46 -100 -100 -100 -23 -23
 -19.63 -2.1 -583.1 -202.7 124 13.5 30.9 -469.1 -369.7 92.9
 -71.47 -730.2 -1479 -1347 -210.4 220.8 -494.3 -1042 -1161 -662.4
 -708.9 -1347 -2094 -1445 -542.1 -519.7 -957 -1855 -1406 -1223
 -672.9 -1646 -2197 -1794 -993 -188.2 -1537 -2158 -1653 -1670
 -1522 -2182 -2209 -1565 -1438 -828 -1447 -2809 -1555 -1370
 -2441 -1746 -2097 -1441 -1721 -1799 -2320 -2555 -1913 -1553
 -2982 -1698 -2480 -1401 -2005 -2389 -2771 -2618 -1474 -2069
 -2276 -997 -2079 -1499 -1517 -1818 -1891 -1929 -1414 -1183
 -1275 -1219 -743.3 -792.6 -918.9 -1241 -1218 -840 -2175 -508.4
 -714.4 -740.9 -6.52 -841.9 -356.9 -730.9 -1082 -383 -1645 -902.2
 62.05 -425.8 -423.4 -362.7 -204.9 -960.2 -617.7 -414.7 -928.3 -666.2
 539.7 -200 -303 -1.55 -165.1 -662.6 -228 -425 -200 -200.6
 23 0 0 0 0 -23 0 0 0 0
 0 0 -300 0 200 -200 0 -100 -100 -100
 217.8 -293.3 -844.5 -393.5 170.6 -574.4 -69.51 -649 -614 -392.3
 -234.6 -779.2 -506.9 -662.9 -103.3 -1305 -714.7 -833.1 -1051 -1075
 -520 -927.1 -1039 -884.2 -353.4 -666.4 -875.4 -1163 -1684 -1137
 -1234 -2060 -1375 -1200 -1124 -933.5 -812.5 -1856 -1173 -1628
 -2117 -1724 -1523 -1250 -1582 -1303 -1922 -1834 -1479 -1736
 -2386 -1667 -2256 -1684 -2196 -1913 -2262 -1981 -951 -2305
 -1756 -1513 -2300 -1230 -1778 -1830 -2055 -1688 -1810 -1900
 -2051 -536.1 -1878 -1113 -1326 -1474 -1028 -1563 -1420 -1564
 -1036 -966.9 -979.5 -949 -518 -951.2 -443.1 -1231 -1724 -838.6
 -963.5 -1129 -995.6 -865.4 -645.5 -957.1 -746.9 -782.1 -1606 -1459
 77.83 -558 -1322 -362.3 -552.3 -973 27.9 -616.3 -811.5 -840
 615.9 -197.8 -698.6 41.5 -151.8 -728.9 72.67 -376.1 -197.8 -235.8
 48 0 -48 0 0 0 0 0 0 0
 231 -138 -338 138 31 -300 -69 -169 -69 -169
 319 -536.3 -312.6 -354.1 -464.8 -1394 -358.1 -540.6 -736.9 -557
 98.18 -674.4 -483.9 -702.2 -224.1 -1492 -252 -981.5 -248.9 -760.4
 -467.1 -1233 -737.4 -1623 -654 -1550 24.48 -1057 -228.8 -1381
 -1428 -1226 -647.2 -1892 -1073 -2175 -572.4 -1172 -424.6 -1565
 -1484 -1171 -1504 -1781 -1416 -2501 -1283 -1196 -556.4 -1696
 -1623 -1141 -941.9 -1653 -1288 -2280 -1444 -1819 -961.9 -1580
 -2181 -1155 -1044 -1787 -1326 -1610 -1256 -1598 -1452 -1468
 -2137 -1134 -838 -1592 -1450 -1687 -557.5 -1183 -956.2 -1127
 -1146 -960.2 -755.9 -1159 -856.5 -1014 -1063 -1003 -1160 -1843
 -674.3 -1175 -1636 -776 -871 -1001 -587.8 -1185 -1474 -1314
 -368 -689 -1250 -351.5 -1171 -960.9 -675.1 -848.6 -1192 -1056
 42 -186 -371.5 97.25 -354 -550.5 137 -215.5 -393 -198.8
 -99 -123 319 -199 -297 -98 -397 -100 -498 -100
 57 -158 55 -259 -508 -132 -116 -85 -350 -250
 133.5 -858.3 -601.1 -480.4 -1079 -298.4 -788.4 -825.3 -1042 -831.4
 -455.3 -1038 -147 -1293 -1206 -1099 -815.5 -1033 -399.3 -1556
 -1198 -1317 -724.5 -2131 -1517 -1935 -519.5 -1069 -231.1 -1865
 -1545 -1322 -1029 -1987 -1270 -2243 -1183 -1247 -513 -1903
 -1879 -1206 -729.8 -2084 -1228 -1986 -1341 -1111 -1621 -2219
 -2116 -1140 -620.2 -2185 -1356 -1428 -658.2 -1054 -1422 -1748
 -2235 -1238 -1077 -1673 -1455 -1018 -631.5 -896.8 -1780 -1078
 -1426 -1308 -615.7 -1247 -882.2 -1345 -1037 -1302 -1443 -736.7
