# Created by Octave 5.2.0, Thu Sep 24 23:53:17 2020 CEST <jiwidi@land>
# name: w
# type: matrix
# rows: 197
# columns: 10
 -3.9e+05 -3e+05 -3.1e+05 -3.5e+05 -3.4e+05 -2.7e+05 -3.3e+05 -3e+05 -4.6e+05 -3.1e+05
 0 0 0 0 0 0 0 0 0 0
 0 0 0 0 0 0 0 0 0 0
 -1e+04 0 -2e+04 0 -1e+04 2e+04 0 0 -2e+04 0
 -1.38e+04 -1.69e+04 -2.53e+04 -1.84e+04 -1.53e+04 6900 -6900 4.15e+04 -3.22e+04 -1.69e+04
 -1.693e+04 -1.77e+04 5400 -3.46e+04 -1.46e+04 -3e+04 -2e+04 5.153e+04 -3.46e+04 -3e+04
 -3.54e+04 -7.48e+04 -1.153e+04 -3e+04 2500 -6.71e+04 -5.077e+04 1.773e+04 -1.85e+04 -8.407e+04
 -3.39e+04 -6.46e+04 -4.734e+04 -5.16e+04 -2.84e+04 -6.85e+04 -7.77e+04 -5.117e+04 1.09e+04 -6.369e+04
 -9.593e+04 -1.009e+05 -1.084e+05 -9.464e+04 -8.23e+04 -1.158e+05 -5.857e+04 -1.071e+05 -6.023e+04 4570
 -9.54e+04 -8.3e+04 -9.92e+04 -4.28e+04 -1.685e+05 -1.201e+05 -8.92e+04 -1.469e+05 -2.869e+04 -5.397e+04
 -1.208e+05 -5.38e+04 -5.91e+04 -7.36e+04 -1.422e+05 -1.253e+05 -7.28e+04 -1.114e+05 -6.29e+04 -8.4e+04
 -7.31e+04 -6.383e+04 -1.183e+05 -8.46e+04 -3.617e+04 -5.87e+04 -7.38e+04 -8.22e+04 -4.81e+04 -1.155e+05
 -6.77e+04 -2.14e+04 -5.24e+04 -3.93e+04 700 2.53e+04 -8e+04 -1.84e+04 -6.63e+04 -7.86e+04
 -5.54e+04 4600 -2e+04 -6.08e+04 1500 5e+04 -4.46e+04 -2.923e+04 -6.61e+04 -2.227e+04
 0 0 0 0 0 0 0 0 0 0
 0 0 0 -6200 -6200 0 0 1.24e+04 0 -1.24e+04
 -1200 0 -5800 -1200 0 1200 0 2.46e+04 -1e+04 -1.12e+04
 -2.97e+04 -1.639e+04 -1.233e+04 -2.282e+04 -2.97e+04 8406 -1.97e+04 3.853e+04 -5.621e+04 -4.364e+04
 -6.086e+04 -6.074e+04 -2.291e+04 -5.193e+04 -5.1e+04 -2e+04 -4.67e+04 1.541e+04 -6.895e+04 -7.46e+04
 -8.89e+04 -1.297e+05 -8.599e+04 -3.934e+04 -6.778e+04 -5.013e+04 -1.185e+05 2284 -8.723e+04 -1.472e+05
 -1.464e+05 -1.998e+05 -1.086e+05 -1.037e+05 -1.449e+05 -1.264e+05 -1.722e+05 -3.617e+04 -1.491e+05 -1.319e+05
 -1.759e+05 -2.552e+05 -1.381e+05 -1.632e+05 -2.206e+05 -2.405e+05 -2.165e+05 -1.208e+05 -2.335e+05 -1.054e+05
 -2.151e+05 -2.718e+05 -1.708e+05 -1.777e+05 -3.254e+05 -2.652e+05 -2.64e+05 -1.689e+05 -1.76e+05 -8.854e+04
 -1.841e+05 -2.563e+05 -2.761e+05 -2.364e+05 -3.225e+05 -2.574e+05 -2.566e+05 -1.699e+05 -1.759e+05 -8.14e+04
 -2.087e+05 -2.41e+05 -2.439e+05 -2.462e+05 -2.836e+05 -2.424e+05 -2.569e+05 -1.789e+05 -1.964e+05 -1.624e+05
 -2.351e+05 -1.969e+05 -2.05e+05 -2.488e+05 -1.417e+05 -1.825e+05 -2.08e+05 -1.028e+05 -1.819e+05 -1.931e+05
 -1.611e+05 -1.325e+05 -1.564e+05 -1.773e+05 -7.278e+04 -7.761e+04 -1.746e+05 -9.225e+04 -1.979e+05 -1.788e+05
 -8.039e+04 -2.085e+04 -5.769e+04 -5.083e+04 -2.993e+04 7.071e+04 -8.17e+04 -2.554e+04 -1.17e+05 -7.216e+04
 -1.15e+04 0 -7600 -3.07e+04 -2.17e+04 3.39e+04 -1e+04 2e+04 -1e+04 -2e+04
 0 0 0 1e+04 0 0 0 0 0 -1e+04
 -1.86e+04 -47 6933 -8600 -1e+04 -1400 -1e+04 2.445e+04 -3.009e+04 -2.85e+04
 -2.142e+04 -2.767e+04 -3356 -1.843e+04 -2.534e+04 -1.973e+04 -4.484e+04 -107 5929 -5.68e+04
 -6.613e+04 -7.5e+04 -5.761e+04 -1.222e+04 -7.487e+04 -5.284e+04 -1.065e+05 -1.405e+04 -2.732e+04 -9.984e+04
 -1.36e+05 -1.687e+05 -9.937e+04 -8.429e+04 -1.183e+05 -1.35e+05 -1.881e+05 -8.379e+04 -1.24e+05 -1.18e+05
 -1.52e+05 -2.105e+05 -2.081e+05 -1.768e+05 -2.005e+05 -1.698e+05 -1.905e+05 -1.53e+05 -1.653e+05 -9.1e+04
 -1.198e+05 -1.68e+05 -1.373e+05 -1.308e+05 -1.836e+05 -1.511e+05 -1.616e+05 -8.393e+04 -1.535e+05 -1.452e+05
 -1.011e+05 -9.909e+04 -1.166e+05 -1.128e+05 -1.976e+05 -9.442e+04 -1.394e+05 -6.34e+04 -1.325e+05 -1.542e+05
 -4.493e+04 -9.484e+04 -1.318e+05 -1.455e+05 -1.836e+05 -1.144e+05 -1.602e+05 -7.875e+04 -2.148e+05 -1.807e+05
 -1.168e+05 -1.459e+05 -1.61e+05 -2.39e+05 -1.512e+05 -1.864e+05 -2.136e+05 -1.526e+05 -1.714e+05 -2.019e+05
 -1.657e+05 -1.664e+05 -1.788e+05 -1.62e+05 -1.35e+05 -2.153e+05 -2.004e+05 -1.098e+05 -1.503e+05 -1.968e+05
 -1.355e+05 -1.311e+05 -1.798e+05 -8.244e+04 -1.29e+05 -1.15e+05 -1.788e+05 -8.813e+04 -1.104e+05 -1.587e+05
 -7.245e+04 -5.815e+04 -7.288e+04 -2520 -6.935e+04 8520 -9.2e+04 -3.9e+04 -6.097e+04 -7.4e+04
 -3.91e+04 -9900 -1.14e+04 -4500 -1.22e+04 1.99e+04 -3.53e+04 -1.22e+04 -6900 -1.45e+04
 0 0 1e+04 0 0 0 0 0 -1e+04 0
 -3000 0 2400 600 -2.3 3000 -2.3 3325 -1.002e+04 -5300
 -3.389e+04 -3.499e+04 -2.188e+04 -5.286e+04 -3.349e+04 -1.578e+04 -4.969e+04 465 1.864e+04 -5.273e+04
 -1.003e+05 -1.339e+05 -3.464e+04 -1.33e+05 -1.169e+05 -5.838e+04 -1.449e+05 -3.239e+04 -8.125e+04 -9.094e+04
 -1.691e+05 -1.734e+05 -8.547e+04 -1.78e+05 -9.423e+04 -8.895e+04 -1.582e+05 -1.093e+05 -1.795e+05 -1.151e+05
 -7.462e+04 -1.425e+05 -8.666e+04 -1.989e+05 -1.071e+05 -6.844e+04 -1.435e+05 -7.232e+04 -1.112e+05 -1.048e+05
 -8.156e+04 -1.27e+05 -8.366e+04 -1.485e+05 -1.058e+05 -5.587e+04 -7.131e+04 -6.206e+04 -7.534e+04 -7.912e+04
 -2.328e+04 -7.594e+04 -8.563e+04 -1.184e+05 -1.396e+05 -2.046e+04 -1.101e+05 -7.515e+04 -1.712e+05 -8.334e+04
 -3.245e+04 -8.329e+04 -1.175e+05 -7.602e+04 -1.446e+05 -9.527e+04 -1.083e+05 -8.996e+04 -1.445e+05 -1.071e+05
 -1.156e+05 -1.231e+05 -1.593e+05 -1.336e+05 -1.27e+05 -1.578e+05 -1.967e+05 -1.058e+05 -1.49e+05 -1.692e+05
 -1.094e+05 -1.973e+05 -1.904e+05 -1.361e+05 -1.834e+05 -1.975e+05 -2.536e+05 -1.408e+05 -1.667e+05 -1.645e+05
 -1.01e+05 -1.454e+05 -1.514e+05 -8.102e+04 -1.035e+05 -1.82e+05 -1.781e+05 -1.197e+05 -3.266e+04 -9.438e+04
 -1.408e+04 -6.234e+04 -8.269e+04 4.451e+04 -6.111e+04 -7.15e+04 -7.626e+04 -3.496e+04 -5.885e+04 -6.602e+04
 -2.58e+04 -1.58e+04 -5800 2.23e+04 -2.58e+04 -700 -3.16e+04 -2.58e+04 -2.58e+04 -2.58e+04
 -1e+04 -1e+04 3e+04 0 0 -1e+04 0 0 -1e+04 -1e+04
 -7700 -1e+04 4.14e+04 -210 -1.002e+04 -2.479e+04 -1.461e+04 -3710 -1.439e+04 -992.5
 -5.251e+04 -8.281e+04 -7.324e+04 -9.303e+04 -9.716e+04 -1.975e+04 -5.789e+04 -6.611e+04 -1.83e+04 -1.051e+04
 -1.527e+05 -1.694e+05 -1.591e+05 -2.498e+05 -1.335e+05 -3.973e+04 -1.614e+05 -1.535e+05 -1.331e+05 -5.37e+04
 -1.406e+05 -1.546e+05 -6.086e+04 -2.48e+05 -7.28e+04 -6.338e+04 -1.694e+05 -1.477e+05 -1.455e+05 -9.97e+04
 -1.279e+05 -1.452e+05 -4.74e+04 -1.874e+05 -1.189e+05 -3.379e+04 -1.199e+05 -1.749e+05 -7.902e+04 -2.18e+04
 -1.223e+05 -1.294e+05 -9.934e+04 -1.264e+05 -1.504e+05 -4.067e+04 -9.87e+04 -1.75e+05 -6.551e+04 -4.872e+04
 -1.622e+05 -1.018e+05 -9.214e+04 -1.143e+05 -1.532e+05 -7.211e+04 -9.368e+04 -1.474e+05 -1.073e+05 -2.753e+04
 -1.489e+05 -8.58e+04 -1.672e+05 -1.017e+05 -1.317e+05 -1.868e+05 -1.797e+05 -1.185e+05 -2.023e+05 -7.093e+04
 -1.399e+05 -1.783e+05 -1.819e+05 -1.204e+05 -1.378e+05 -2.696e+05 -2.234e+05 -1.821e+05 -1.352e+05 -1.457e+05
 -7.659e+04 -1.464e+05 -1.431e+05 -1.352e+05 -1.224e+05 -1.867e+05 -1.848e+05 -1.441e+05 -8.573e+04 -9.383e+04
 -3100 -8.77e+04 -8.981e+04 -4.523e+04 -8.711e+04 -1.29e+05 -1.432e+05 -4.758e+04 -4.157e+04 -1.069e+05
 4.501e+04 -3.659e+04 -2.801e+04 2.178e+04 -3.829e+04 -6.269e+04 -2.659e+04 -3.009e+04 -4.386e+04 -2.469e+04
 1.84e+04 -1.14e+04 7100 -7000 -1.14e+04 -2e+04 0 -1.15e+04 -1500 -1500
 -2300 -2300 6900 0 0 -2300 0 0 -2300 -2300
 1.77e+04 -2.008e+04 9825 -9883 -1.872e+04 -7614 -2378 -2175 -2.114e+04 -2.684e+04
 -5.337e+04 -9.56e+04 -1.448e+05 -1.233e+05 -4.073e+04 -3.016e+04 -6.96e+04 -7.543e+04 -7.16e+04 -4.373e+04
 -5.548e+04 -1.586e+05 -2.063e+05 -1.947e+05 -7.14e+04 -6.052e+04 -1.477e+05 -2.129e+05 -1.452e+05 -5.466e+04
 -1.382e+05 -1.548e+05 -1.814e+05 -1.653e+05 -7.406e+04 -8.516e+04 -1.131e+05 -2.057e+05 -3.5e+04 -8.918e+04
 -1.583e+05 -1.052e+05 -1.706e+05 -1.373e+05 -6.367e+04 -7.62e+04 -1.162e+05 -1.963e+05 -5.424e+04 -8.623e+04
 -1.028e+05 -9.906e+04 -1.73e+05 -1.095e+05 -1.052e+05 -1.072e+05 -1.352e+05 -1.692e+05 -9.639e+04 -4.858e+04
 -1.883e+05 -1.112e+05 -1.463e+05 -1.175e+05 -1.706e+05 -1.657e+05 -2.152e+05 -2.018e+05 -1.916e+05 -8.111e+04
 -2.108e+05 -1.503e+05 -2.106e+05 -1.468e+05 -1.386e+05 -1.843e+05 -2.136e+05 -1.432e+05 -1.573e+05 -1.084e+05
 -1.581e+05 -1.499e+05 -1.387e+05 -9.589e+04 -1.095e+05 -1.77e+05 -1.802e+05 -1.476e+05 -1.713e+05 -1.017e+05
 -5.998e+04 -1.044e+05 -1.134e+05 -9.921e+04 -9.103e+04 -1.322e+05 -1.634e+05 -8.501e+04 -1.315e+05 -5.603e+04
