# Created by Octave 5.2.0, Thu Sep 24 23:52:59 2020 CEST <jiwidi@land>
# name: w
# type: matrix
# rows: 197
# columns: 10
 -3800 -3300 -3500 -3700 -3400 -2800 -3300 -3300 -5100 -3300
 0 0 0 0 0 0 0 0 0 0
 0 0 0 0 0 0 0 0 0 0
 -100 -100 -300 0 -100 200 0 100 -200 -100
 -138 -246 -322 -84 -153 69 -69 346 -207 -192
 -100 -200 254 -246 -46 -200 -300 308 -300 -262
 -654 -607.7 -184.3 -300 -52 -994 -561.7 -50 -385 -921
 -577 -769 -400 -785.1 -884 -1044 -854 -751.1 -40 -500.9
 -846.3 -1115 -1337 -839.1 -1261 -1024 -686 -1586 -314 -146.3
 -1100 -761 -946 -757 -1862 -1538 -1176 -1862 -529 -445
 -1022 -800 -598 -1222 -1499 -1144 -1051 -815 -851.7 -773.3
 -1207 -699 -606 -1288 -801 -733 -1047 -1045 -243 -1222
 -908.7 -269 -839 -647 -262 77.7 -700 -38 -931.7 -724
 -400 100 -400 -608 -85 639 -446 -200 -600 -200
 -100 0 0 0 0 100 0 0 -100 0
 0 0 0 0 0 0 0 124 0 -124
 0 -48 -46 -12 0 12 -12 194 -100 0
 -200 -335 -204.4 -28.47 -202.1 84.06 -279 335.4 -590 -354.9
 -455.7 -608.2 -357.8 -292.5 -513.3 -154.5 -613.9 491.5 -594.9 -788.2
 -960 -1489 -988.9 -556.6 -664.9 -531.3 -1476 -22.07 -974.7 -1882
 -1528 -2172 -1825 -1432 -1788 -1559 -1717 -757 -1730 -1562
 -1797 -2886 -2047 -2013 -2529 -2267 -2372 -1605 -2338 -1518
 -2523 -3092 -1948 -2147 -3506 -2621 -2693 -2157 -2432 -1309
 -2307 -2903 -2836 -2353 -3825 -2634 -2600 -1938 -2084 -1360
 -2607 -2502 -2601 -2699 -3162 -2321 -2665 -2046 -2519 -1837
 -2174 -2201 -2308 -2730 -1931 -1772 -2361 -1218 -2239 -2425
 -1668 -1492 -2078 -1524 -837.8 -694.8 -1980 -1175 -2349 -1946
 -813.6 -128.8 -594.3 -47.9 87.24 461 -679.5 -157.6 -1155 -741.8
 -282 0 -15 -146 -100 413 -100 100 -167 -200
 0 0 0 100 0 0 0 0 0 -100
 0 0 155.8 13.53 -0.47 -17.02 -186 44.31 -299.9 -99.44
 -137 -234.9 -74.7 -168.7 -414.4 -245 -386.4 136 -40.72 -650.6
 -801.3 -936.8 -536.1 -446.4 -1229 -888.9 -992.7 -268.1 -468.2 -1203
 -1412 -2100 -683.6 -1261 -1567 -1398 -1994 -1246 -1706 -1426
 -1971 -2534 -2198 -1926 -2007 -1957 -2031 -1928 -1575 -1439
 -1462 -2018 -1968 -1450 -1732 -1745 -1632 -1024 -1735 -1693
 -1019 -1114 -1430 -1350 -1786 -945.1 -1576 -845.9 -1255 -1830
 -433 -1070 -1448 -1423 -2030 -1331 -1348 -769.9 -1894 -1964
 -1330 -1398 -1888 -2296 -1540 -2323 -2237 -1881 -1399 -2639
 -1621 -1946 -1767 -1986 -1373 -2721 -2853 -997.2 -1832 -2158
 -1269 -1580 -1890 -696.2 -1127 -1499 -2082 -871 -1327 -1684
 -633.4 -538.5 -606.5 98.7 -765.9 -294.2 -831.5 -293.5 -202 -782
 -614 -99 -283 -53 -147 247 -270 -53 -69 -337
 0 0 100 0 0 -100 0 0 -100 0
 -1.6 0 52.4 5.954 -0.023 -116 -28.42 -0.023 -99.95 55.98
 -396.9 -349.1 -494.1 -905.3 -596 -391.3 -428.6 -69.02 13.43 -480.8
 -1142 -1544 -741.4 -1803 -1325 -1068 -1600 -836.3 -1186 -1265
 -1726 -2242 -1031 -1815 -1166 -1217 -1880 -1464 -1812 -1314
 -1237 -1918 -1058 -2013 -769.9 -1476 -1613 -754.6 -1148 -1425
 -913.6 -1396 -788.5 -1841 -1010 -108.1 -924.2 -691.4 -1049 -923
 -367.2 -939.4 -843 -1341 -1281 -150.8 -930.1 -1280 -1377 -822.7
 -618.8 -718.9 -1360 -928.3 -1445 -1161 -1287 -974 -1415 -1165
 -1377 -1312 -1843 -1875 -1537 -1911 -2208 -1197 -2131 -1861
 -1407 -2193 -1821 -1360 -1781 -2293 -2812 -1394 -1812 -1430
 -1612 -1658 -1412 -627.9 -1269 -1756 -1839 -1401 -577 -998.1
 -60.77 -626.6 -614.5 562.7 -703.7 -666.1 -514.7 -192.2 -233.1 -892.2
 -41 -344 -226 292 -158 -225 -158 -100 14 -258
 0 -100 100 0 0 0 0 0 0 0
 -47.79 -100 340.5 -102.3 -100.1 -385.7 -26.08 -92.58 -43.81 89.92
 -461.1 -628.1 -1178 -1429 -761 -167.7 -587.5 -797 -193.9 -226.1
 -1349 -1642 -1576 -2903 -1728 -808.4 -1824 -1979 -1603 -482.8
 -1642 -1885 -1302 -2618 -875.1 -884.4 -2024 -1747 -1264 -1230
 -1603 -1256 -717 -2008 -1216 -569.9 -1502 -1792 -751.6 -781.5
 -1268 -1033 -1014 -1287 -1660 -259.1 -985.2 -1679 -1067 -627.1
 -1532 -642.7 -981.5 -754.7 -1722 -719.2 -814.5 -1658 -1199 -342.1
 -1921 -1143 -1885 -1353 -1468 -2352 -2190 -1559 -2075 -1147
 -1690 -1708 -2076 -1292 -1304 -3022 -2334 -1757 -1840 -1812
 -1201 -1604 -1256 -1289 -1378 -1875 -1864 -1301 -1001 -856.6
 -227 -883.6 -728.5 -514.6 -685.1 -1590 -1383 -694.4 -525.4 -663.2
 455.1 -301.3 -28.76 29.77 -305.9 -907.3 -300.9 -300.9 -408.9 -194.9
 299 -114 -14 15 -15 -399 -99 -114 -15 -15
 0 -23 23 0 0 0 0 0 0 0
 201.1 -200.8 -79.8 -197.8 136.1 -361 -23.65 -320.8 -50.45 -82.9
 -531.4 -656.1 -1481 -1351 -251.6 -352.3 -399.9 -1056 -672.9 -498
 -919 -1559 -2404 -2013 -1013 -1133 -1541 -1953 -1755 -203.3
 -957.5 -1606 -2484 -1761 -503.4 -758.1 -1282 -2113 -307.5 -993.9
 -1149 -1342 -1915 -1767 -711.8 -643.5 -1078 -1995 -534.4 -1267
 -1036 -1348 -2050 -1240 -1124 -1022 -1163 -1902 -1299 -583.5
 -1790 -1358 -1810 -1574 -1901 -2199 -2687 -2446 -2300 -959.3
 -2457 -1554 -2149 -1536 -1567 -2116 -2716 -1741 -1950 -1611
 -1904 -1668 -1578 -1244 -1226 -1498 -2001 -1566 -1805 -454.1
 -774.1 -1179 -1212 -985.8 -1074 -1055 -1606 -987.3 -1003 -470.3
 166.7 -500 -249.4 -817.8 8.338 -879.5 -965.1 -468.2 -976.9 -519.4
 299.4 -300.6 -100.1 -304.8 -103.5 -398.6 -300.6 -300.6 -197.9 -200.6
 201.7 0 0 0 0 -201.7 0 0 0 0
 31 -100 -169 0 46 -100 -31 -100 -46 0
 -35.5 -102.1 -736.1 -169.7 17.9 16.5 153.3 -502.1 -553.7 33.9
 -315.5 -634 -1688 -1173 -378.4 239.8 -640.2 -1101 -1376 -589.6
 -739.4 -1167 -1765 -1004 -508 -541.1 -740.2 -1622 -1366 -1127
 -892.5 -1172 -2262 -1614 -870.1 -99.07 -1334 -1902 -1432 -1340
 -1551 -1860 -2523 -1619 -1427 -865.2 -1528 -2717 -1463 -1515
 -2404 -1861 -2232 -1649 -1941 -1452 -2550 -2204 -1765 -1454
 -2824 -1813 -2195 -1408 -2084 -2077 -2682 -2172 -1315 -2153
 -2276 -913.9 -1878 -788 -1132 -1740 -1923 -1543 -837 -1276
 -1662 -941.7 -1190 -678.2 -1327 -1073 -1530 -883.3 -1563 -845.4
 -692 -823.6 -294.2 -895.2 -268.5 -648.9 -1237 -529.2 -1751 -836.2
 -47.25 -613.2 -355.4 -81.67 -26.89 -926.6 -578.7 -514.2 -1061 -681.2
 371.7 -299 -312 13.55 -199.2 -618.6 -338 -313 -200 -200.6
 23 0 0 0 0 -23 0 0 0 0
 0 -100 -300 0 276 -200 100 -100 -200 -76
 315.3 -327 -945 -360.5 212.9 -807.7 -2.26 -748 -792 -253
 -10.51 -628 -250.1 -664.9 -205.2 -1134 -707.9 -700.2 -1243 -936.1
 -126.4 -728.7 -547.5 -674.8 -561.3 -596.4 -529.6 -790.5 -1675 -831.9
 -1142 -1916 -1195 -1654 -1102 -1210 -1240 -1785 -871.8 -1757
 -1813 -1530 -1316 -1559 -1403 -1303 -1919 -1915 -1228 -1773
 -2159 -1722 -1637 -1707 -1541 -2025 -2281 -1943 -844.5 -2008
 -1824 -1358 -1902 -1317 -1368 -1621 -1879 -1196 -1520 -1756
 -1907 -580.1 -1407 -1029 -1220 -1402 -1250 -1194 -1150 -1452
 -1230 -570.9 -1284 -758.8 -714.5 -914 -679.5 -1171 -1607 -966.7
 -1042 -936 -1266 -712.5 -407.7 -842 -975.4 -645.8 -1534 -1428
 -135.4 -779 -1396 -245.2 -250.2 -970.1 -178 -584.3 -1156 -784.3
 513.2 -297.8 -792.9 140.2 -197.7 -658.1 -53.05 -397.8 -197.8 -235.8
 0 0 0 0 0 0 0 0 0 0
 0 -169 -476.7 -31 -69 -192.3 100 -169 -69 -76.7
 453.8 -502 -124.6 -454.3 -214.9 -1273 -527.1 -583 -817.9 -503.7
 347.4 -593.5 -324.2 -811.3 -310.6 -1164 -279 -869.1 -349.5 -478.6
 -479.5 -1277 -468.1 -1620 -756.9 -1623 -93.42 -1103 -493.4 -1246
 -973.9 -1451 -713.6 -2131 -954.9 -2315 -987.3 -1533 -719.7 -1576
 -1376 -970.2 -1424 -1884 -1115 -2446 -1150 -1355 -673.1 -1235
 -1673 -876.5 -1223 -2108 -1031 -2189 -1261 -1623 -669.1 -1416
 -2173 -967 -562 -2012 -938.2 -1495 -1431 -1375 -1081 -1442
 -2060 -1358 -699.9 -1743 -1492 -1844 -923.4 -1633 -1040 -1094
 -1507 -964.7 -952.5 -947.5 -923.4 -993.3 -1189 -746.5 -972.3 -1796
 -858 -1195 -1753 -617.2 -785.5 -857.1 -568 -980.2 -1511 -1303
 -407.1 -905 -1419 -161.5 -1074 -974.2 -454.9 -758.3 -1477 -1088
 -85 -323 -362 134.2 -400 -588.2 45.25 -237 -302 -298
 -272 -222 291 -199 -297 -98 -197 -127 -298 -199
 -176 -152 -163 -167 -450 -97 -1 -100 -277 -252
 -152.2 -757.6 -620 -444.7 -805.3 -249.2 -749.7 -705.3 -1127 -881.3
 -423.6 -1077 -295.2 -1476 -907 -1021 -943.4 -931.2 -567.8 -1411
 -937.5 -1378 -642.4 -1962 -1463 -1982 -636.3 -1259 -250.8 -1862
 -1305 -1234 -1129 -2104 -1545 -2251 -897.3 -1381 -488.5 -1776
 -1797 -1222 -1186 -2281 -1086 -2107 -1158 -1059 -1371 -2060
 -2065 -1210 -871.7 -1799 -1204 -1509 -753.2 -747.9 -1674 -1429
 -1819 -1098 -971.7 -1827 -915.6 -1094 -620 -958.8 -1564 -1462
