# Created by Octave 5.2.0, Thu Sep 24 23:53:00 2020 CEST <jiwidi@land>
# name: w
# type: matrix
# rows: 197
# columns: 10
 -3900 -3000 -3100 -3500 -3400 -2700 -3300 -3000 -4600 -3100
 0 0 0 0 0 0 0 0 0 0
 0 0 0 0 0 0 0 0 0 0
 -100 0 -200 0 -100 200 0 0 -200 0
 -138 -169 -253 -184 -153 69 -69 415 -322 -169
 -169.3 -177 54 -346 -146 -300 -200 515.3 -346 -300
 -354 -748 -115.3 -300 25 -671 -507.7 177.3 -185 -840.7
 -339 -646 -473.4 -516 -284 -685 -777 -511.7 109 -636.9
 -959.3 -1009 -1084 -946.4 -823 -1158 -585.7 -1071 -602.3 45.7
 -954 -830 -992 -428 -1685 -1201 -892 -1469 -286.9 -539.7
 -1208 -538 -591 -736 -1422 -1253 -728 -1114 -629 -840
 -731 -638.3 -1183 -846 -361.7 -587 -738 -822 -481 -1155
 -677 -214 -524 -393 7 253 -800 -184 -663 -786
 -554 46 -200 -608 15 500 -446 -292.3 -661 -222.7
 0 0 0 0 0 0 0 0 0 0
 0 0 0 -62 -62 0 0 124 0 -124
 -12 0 -58 -12 0 12 0 246 -100 -112
 -297 -163.9 -123.3 -228.2 -297 84.06 -197 385.3 -562.1 -436.4
 -608.6 -607.4 -229.1 -519.3 -510 -200 -467 154.1 -689.5 -746
 -889 -1297 -859.9 -393.4 -677.8 -501.3 -1185 22.84 -872.3 -1472
 -1464 -1998 -1086 -1037 -1449 -1264 -1722 -361.7 -1491 -1319
 -1759 -2552 -1381 -1632 -2206 -2405 -2165 -1208 -2335 -1054
 -2151 -2718 -1708 -1777 -3254 -2652 -2640 -1689 -1760 -885.4
 -1841 -2563 -2761 -2364 -3225 -2574 -2566 -1699 -1759 -814
 -2087 -2410 -2439 -2462 -2836 -2424 -2569 -1789 -1964 -1624
 -2351 -1969 -2050 -2488 -1417 -1825 -2080 -1028 -1819 -1931
 -1611 -1325 -1564 -1773 -727.8 -776.1 -1746 -922.5 -1979 -1788
 -803.9 -208.5 -576.9 -508.3 -299.3 707.1 -817 -255.4 -1170 -721.6
 -115 0 -76 -307 -217 339 -100 200 -100 -200
 0 0 0 100 0 0 0 0 0 -100
 -186 -0.47 69.33 -86 -100 -14 -100 244.5 -300.9 -285
 -214.2 -276.7 -33.56 -184.3 -253.4 -197.3 -448.4 -1.07 59.29 -568
 -661.3 -750 -576.1 -122.2 -748.7 -528.4 -1065 -140.5 -273.2 -998.4
 -1360 -1687 -993.7 -842.9 -1183 -1350 -1881 -837.9 -1240 -1180
 -1520 -2105 -2081 -1768 -2005 -1698 -1905 -1530 -1653 -910
 -1198 -1680 -1373 -1308 -1836 -1511 -1616 -839.3 -1535 -1452
 -1011 -990.9 -1166 -1128 -1976 -944.2 -1394 -634 -1325 -1542
 -449.3 -948.4 -1318 -1455 -1836 -1144 -1602 -787.5 -2148 -1807
 -1168 -1459 -1610 -2390 -1512 -1864 -2136 -1526 -1714 -2019
 -1657 -1664 -1788 -1620 -1350 -2153 -2004 -1098 -1503 -1968
 -1355 -1311 -1798 -824.4 -1290 -1150 -1788 -881.3 -1104 -1587
 -724.5 -581.5 -728.8 -25.2 -693.5 85.2 -920 -390 -609.7 -740
 -391 -99 -114 -45 -122 199 -353 -122 -69 -145
 0 0 100 0 0 0 0 0 -100 0
 -30 0 24 6 -0.023 30 -0.023 33.25 -100.2 -53
 -338.9 -349.9 -218.8 -528.6 -334.9 -157.8 -496.9 4.65 186.4 -527.3
 -1003 -1339 -346.4 -1330 -1169 -583.8 -1449 -323.9 -812.5 -909.4
 -1691 -1734 -854.7 -1780 -942.3 -889.5 -1582 -1093 -1795 -1151
 -746.2 -1425 -866.6 -1989 -1071 -684.4 -1435 -723.2 -1112 -1048
 -815.6 -1270 -836.6 -1485 -1058 -558.7 -713.1 -620.6 -753.4 -791.2
 -232.8 -759.4 -856.3 -1184 -1396 -204.6 -1101 -751.5 -1712 -833.4
 -324.5 -832.9 -1175 -760.2 -1446 -952.7 -1083 -899.6 -1445 -1071
 -1156 -1231 -1593 -1336 -1270 -1578 -1967 -1058 -1490 -1692
 -1094 -1973 -1904 -1361 -1834 -1975 -2536 -1408 -1667 -1645
 -1010 -1454 -1514 -810.2 -1035 -1820 -1781 -1197 -326.6 -943.8
 -140.8 -623.4 -826.9 445.1 -611.1 -715.1 -762.6 -349.6 -588.5 -660.2
 -258 -158 -58 223 -258 -7 -316 -258 -258 -258
 -100 -100 300 0 0 -100 0 0 -100 -100
 -77 -100 414 -2.1 -100.2 -247.9 -146.1 -37.1 -143.9 -9.925
 -525.1 -828.1 -732.4 -930.3 -971.6 -197.5 -578.9 -661.1 -183 -105.1
 -1527 -1694 -1591 -2498 -1335 -397.3 -1614 -1535 -1331 -537
 -1406 -1546 -608.6 -2480 -728 -633.8 -1694 -1477 -1455 -997
 -1279 -1452 -474 -1874 -1189 -337.9 -1199 -1749 -790.2 -218
 -1223 -1294 -993.4 -1264 -1504 -406.7 -987 -1750 -655.1 -487.2
 -1622 -1018 -921.4 -1143 -1532 -721.1 -936.8 -1474 -1073 -275.3
 -1489 -858 -1672 -1017 -1317 -1868 -1797 -1185 -2023 -709.3
 -1399 -1783 -1819 -1204 -1378 -2696 -2234 -1821 -1352 -1457
 -765.9 -1464 -1431 -1352 -1224 -1867 -1848 -1441 -857.3 -938.3
 -31 -877 -898.1 -452.3 -871.1 -1290 -1432 -475.8 -415.7 -1069
 450.1 -365.9 -280.1 217.8 -382.9 -626.9 -265.9 -300.9 -438.6 -246.9
 184 -114 71 -70 -114 -200 0 -115 -15 -15
 -23 -23 69 0 0 -23 0 0 -23 -23
 176.9 -200.8 98.25 -98.83 -187.2 -76.14 -23.78 -21.75 -211.4 -268.4
 -533.7 -956 -1448 -1233 -407.3 -301.6 -696 -754.3 -716 -437.3
 -554.8 -1586 -2063 -1947 -714 -605.2 -1477 -2129 -1452 -546.6
 -1382 -1548 -1814 -1653 -740.6 -851.6 -1131 -2057 -350 -891.8
 -1583 -1052 -1706 -1373 -636.7 -762 -1162 -1963 -542.4 -862.3
 -1028 -990.6 -1730 -1095 -1052 -1072 -1352 -1692 -963.9 -485.8
 -1883 -1112 -1463 -1175 -1706 -1657 -2152 -2018 -1916 -811.1
 -2108 -1503 -2106 -1468 -1386 -1843 -2136 -1432 -1573 -1084
 -1581 -1499 -1387 -958.9 -1095 -1770 -1802 -1476 -1713 -1017
 -599.8 -1044 -1134 -992.1 -910.3 -1322 -1634 -850.1 -1315 -560.3
 149.9 -567 -271.7 -636 -73.38 -834.2 -1001 -537 -724.8 -336.9
 409.6 -300 -197.1 -314.2 -200.6 -393.1 -300.6 -301.4 -298.8 -100.6
 223 0 77 -77 0 -223 0 -77 0 0
 77 -100 -123 0 -77 0 0 0 -23 0
 215 -102.1 -516.1 -302.7 -108 21.9 -46.7 -283.1 -476.7 159.8
 -121.8 -796 -1436 -1347 -507.8 -81.4 -858.3 -904.3 -1442 -677
 -765.6 -1381 -1851 -982.8 -309 -640.3 -694 -1515 -1139 -1300
 -825.8 -1751 -2385 -1567 -723 -207.3 -1397 -1674 -1354 -1360
 -1525 -2290 -2294 -1587 -1574 -1082 -1661 -2407 -1409 -1337
 -2399 -1548 -1818 -1543 -1725 -1109 -2380 -2243 -1422 -1417
 -2885 -1603 -2363 -1159 -1905 -1967 -2496 -1955 -1405 -1901
 -2184 -870.3 -1736 -938.2 -1170 -1500 -1736 -1780 -1147 -1217
 -1395 -1307 -811 -721.5 -964.5 -897 -1388 -1137 -1854 -730.7
 -537.4 -726.2 -447 -680.5 -100.5 -595.5 -1140 -372.8 -1355 -917.1
 65.18 -403.9 -261.8 -347.8 -57.19 -876 -701 -600.9 -791.4 -758.2
 602.7 -299 -401 -85.55 -261.9 -561.5 -294.1 -326 -300.1 -100.7
 100 0 0 0 0 -100 0 0 0 0
 0 -100 -300 0 76 -100 100 0 -100 -76
 314.5 -327 -852.7 -353.5 -178.1 -828.8 -100.8 -494 -693.1 -227.1
 -72.63 -585.6 -616 -715.9 -199 -1253 -624.6 -701 -1116 -764.4
 -542.3 -891.4 -890.3 -672.3 -532 -637.1 -762.7 -1058 -1737 -915.8
 -1241 -1939 -1339 -1323 -1019 -1102 -1017 -1787 -762 -1631
 -1846 -1277 -1152 -1374 -1425 -1056 -1802 -1894 -1082 -1537
 -2192 -1407 -1296 -1271 -1559 -1560 -2084 -1825 -1041 -1794
 -1770 -1186 -1844 -944.2 -1712 -1388 -1740 -1312 -1245 -1462
 -1892 -998.8 -1597 -1200 -1193 -1339 -1142 -1757 -1037 -1434
 -1266 -1233 -1116 -846.3 -787.5 -1136 -744.5 -1210 -1483 -685.9
 -767.3 -891 -786.3 -664.5 -501.8 -944 -865.4 -825.7 -1712 -1284
 281.6 -495.6 -1206 -463.6 -359.2 -698 -216.6 -556.3 -1020 -1040
 389.1 -297.8 -693.7 139.5 -251.7 -648.8 20.59 -274.8 -298.6 -135.9
 100 0 0 0 0 -100 0 0 0 0
 31 -169 -338 138 -169 -92.3 100 -69 -76.7 -76.7
 445.8 -502.3 -322.5 -418.6 -514.5 -1185 -249.2 -566.6 -717.9 -502.9
 293.7 -599.9 -492.1 -974.6 -275.7 -1519 -281.6 -708.9 -280.5 -312.3
 -326.2 -928.4 -480.9 -1692 -508.4 -1951 -324.7 -956.3 -375.5 -997.3
 -1287 -998.7 -667.3 -2031 -558.5 -2108 -879.3 -1321 -333.8 -1635
 -1416 -732.5 -1012 -1359 -799.4 -1849 -972.8 -1248 -238.3 -1400
 -1808 -794.2 -965.7 -1503 -1062 -1921 -1123 -1385 -603.8 -1458
 -2018 -1076 -884.8 -2025 -986.7 -1646 -1211 -1187 -1540 -1502
 -1903 -1066 -959.5 -1609 -1445 -1906 -736.9 -1529 -1316 -1309
 -1275 -1284 -968.3 -986.5 -1312 -1477 -821.8 -995.3 -967.9 -1928
 -594.2 -1247 -1525 -870 -884.5 -1118 -503.7 -1150 -1367 -1362
 -552.3 -615.3 -1096 -277 -1112 -667.8 -294.4 -891.3 -1274 -1107
 -340.8 -260 -315.2 106.8 -291 -622.2 198 -278.5 -451 -221.8
 -322 -222 166 -199 -198 -22 -198 -199 -421 -122
 -143 -210 73 -252 -508 -90 -92 -252 -377 -310
 -114.4 -705.6 -760 -178 -1032 -479.3 -828.5 -765 -1073 -767.3
 -187.5 -970.3 -415.3 -1140 -938 -963.8 -946.7 -936.1 -419.1 -1362
 -1087 -1462 -388.1 -2022 -1315 -1809 -553 -1230 -263.1 -2019
 -1128 -1144 -1119 -2001 -1471 -1926 -726.8 -1251 -588.8 -1879
 -1650 -966 -931.3 -2191 -1220 -1846 -1266 -1130 -923.6 -1899
 -2147 -1184 -844.7 -2279 -1419 -1507 -847 -872.7 -1301 -1377
 -1760 -1107 -1329 -1892 -1041 -1306 -985.5 -1057 -1427 -1426
