# Created by Octave 5.2.0, Thu Sep 24 23:53:19 2020 CEST <jiwidi@land>
# name: w
# type: matrix
# rows: 197
# columns: 10
 -3.8e+06 -3.3e+06 -3.5e+06 -3.7e+06 -3.4e+06 -2.8e+06 -3.3e+06 -3.3e+06 -5.1e+06 -3.3e+06
 0 0 0 0 0 0 0 0 0 0
 0 0 0 0 0 0 0 0 0 0
 -1e+05 -1e+05 -3e+05 0 -1e+05 2e+05 0 1e+05 -2e+05 -1e+05
 -1.38e+05 -2.46e+05 -3.22e+05 -8.4e+04 -1.53e+05 6.9e+04 -6.9e+04 3.46e+05 -2.07e+05 -1.92e+05
 -1e+05 -2e+05 2.54e+05 -2.46e+05 -4.6e+04 -2e+05 -3e+05 3.08e+05 -3e+05 -2.62e+05
 -6.54e+05 -6.077e+05 -1.843e+05 -3e+05 -5.2e+04 -9.94e+05 -5.617e+05 -5e+04 -3.85e+05 -9.21e+05
 -5.77e+05 -7.69e+05 -4e+05 -7.851e+05 -8.84e+05 -1.044e+06 -8.54e+05 -7.511e+05 -4e+04 -5.009e+05
 -8.463e+05 -1.115e+06 -1.337e+06 -8.391e+05 -1.261e+06 -1.024e+06 -6.86e+05 -1.586e+06 -3.14e+05 -1.463e+05
 -1.1e+06 -7.61e+05 -9.46e+05 -7.57e+05 -1.862e+06 -1.538e+06 -1.176e+06 -1.862e+06 -5.29e+05 -4.45e+05
 -1.022e+06 -8e+05 -5.98e+05 -1.222e+06 -1.499e+06 -1.144e+06 -1.051e+06 -8.15e+05 -8.517e+05 -7.733e+05
 -1.207e+06 -6.99e+05 -6.06e+05 -1.288e+06 -8.01e+05 -7.33e+05 -1.047e+06 -1.045e+06 -2.43e+05 -1.222e+06
 -9.087e+05 -2.69e+05 -8.39e+05 -6.47e+05 -2.62e+05 7.77e+04 -7e+05 -3.8e+04 -9.317e+05 -7.24e+05
 -4e+05 1e+05 -4e+05 -6.08e+05 -8.5e+04 6.39e+05 -4.46e+05 -2e+05 -6e+05 -2e+05
 -1e+05 0 0 0 0 1e+05 0 0 -1e+05 0
 0 0 0 0 0 0 0 1.24e+05 0 -1.24e+05
 0 -4.8e+04 -4.6e+04 -1.2e+04 0 1.2e+04 -1.2e+04 1.94e+05 -1e+05 0
 -2e+05 -3.35e+05 -2.044e+05 -2.847e+04 -2.021e+05 8.406e+04 -2.79e+05 3.354e+05 -5.9e+05 -3.549e+05
 -4.557e+05 -6.082e+05 -3.578e+05 -2.925e+05 -5.133e+05 -1.545e+05 -6.139e+05 4.915e+05 -5.949e+05 -7.882e+05
 -9.6e+05 -1.489e+06 -9.889e+05 -5.566e+05 -6.649e+05 -5.313e+05 -1.476e+06 -2.207e+04 -9.747e+05 -1.882e+06
 -1.528e+06 -2.172e+06 -1.825e+06 -1.432e+06 -1.788e+06 -1.559e+06 -1.717e+06 -7.57e+05 -1.73e+06 -1.562e+06
 -1.797e+06 -2.886e+06 -2.047e+06 -2.013e+06 -2.529e+06 -2.267e+06 -2.372e+06 -1.605e+06 -2.338e+06 -1.518e+06
 -2.523e+06 -3.092e+06 -1.948e+06 -2.147e+06 -3.506e+06 -2.621e+06 -2.693e+06 -2.157e+06 -2.432e+06 -1.309e+06
 -2.307e+06 -2.903e+06 -2.836e+06 -2.353e+06 -3.825e+06 -2.634e+06 -2.6e+06 -1.938e+06 -2.084e+06 -1.36e+06
 -2.607e+06 -2.502e+06 -2.601e+06 -2.699e+06 -3.162e+06 -2.321e+06 -2.665e+06 -2.046e+06 -2.519e+06 -1.837e+06
 -2.174e+06 -2.201e+06 -2.308e+06 -2.73e+06 -1.931e+06 -1.772e+06 -2.361e+06 -1.218e+06 -2.239e+06 -2.425e+06
 -1.668e+06 -1.492e+06 -2.078e+06 -1.524e+06 -8.378e+05 -6.948e+05 -1.98e+06 -1.175e+06 -2.349e+06 -1.946e+06
 -8.136e+05 -1.288e+05 -5.943e+05 -4.79e+04 8.724e+04 4.61e+05 -6.795e+05 -1.576e+05 -1.155e+06 -7.418e+05
 -2.82e+05 0 -1.5e+04 -1.46e+05 -1e+05 4.13e+05 -1e+05 1e+05 -1.67e+05 -2e+05
 0 0 0 1e+05 0 0 0 0 0 -1e+05
 0 0 1.558e+05 1.353e+04 -470 -1.702e+04 -1.86e+05 4.431e+04 -2.999e+05 -9.944e+04
 -1.37e+05 -2.349e+05 -7.47e+04 -1.687e+05 -4.144e+05 -2.45e+05 -3.864e+05 1.36e+05 -4.072e+04 -6.506e+05
 -8.013e+05 -9.368e+05 -5.361e+05 -4.464e+05 -1.229e+06 -8.89e+05 -9.926e+05 -2.681e+05 -4.682e+05 -1.203e+06
 -1.412e+06 -2.1e+06 -6.836e+05 -1.261e+06 -1.567e+06 -1.398e+06 -1.994e+06 -1.246e+06 -1.706e+06 -1.426e+06
 -1.971e+06 -2.534e+06 -2.198e+06 -1.926e+06 -2.007e+06 -1.957e+06 -2.031e+06 -1.928e+06 -1.575e+06 -1.439e+06
 -1.462e+06 -2.018e+06 -1.968e+06 -1.45e+06 -1.732e+06 -1.745e+06 -1.632e+06 -1.024e+06 -1.734e+06 -1.694e+06
 -1.019e+06 -1.114e+06 -1.43e+06 -1.35e+06 -1.786e+06 -9.451e+05 -1.576e+06 -8.459e+05 -1.255e+06 -1.83e+06
 -4.33e+05 -1.07e+06 -1.448e+06 -1.423e+06 -2.03e+06 -1.331e+06 -1.348e+06 -7.699e+05 -1.894e+06 -1.964e+06
 -1.33e+06 -1.398e+06 -1.888e+06 -2.296e+06 -1.54e+06 -2.323e+06 -2.237e+06 -1.881e+06 -1.399e+06 -2.639e+06
 -1.621e+06 -1.946e+06 -1.767e+06 -1.986e+06 -1.373e+06 -2.721e+06 -2.853e+06 -9.972e+05 -1.832e+06 -2.158e+06
 -1.269e+06 -1.58e+06 -1.89e+06 -6.962e+05 -1.127e+06 -1.499e+06 -2.082e+06 -8.71e+05 -1.327e+06 -1.684e+06
 -6.334e+05 -5.385e+05 -6.065e+05 9.87e+04 -7.659e+05 -2.942e+05 -8.315e+05 -2.935e+05 -2.02e+05 -7.82e+05
 -6.14e+05 -9.9e+04 -2.83e+05 -5.3e+04 -1.47e+05 2.47e+05 -2.7e+05 -5.3e+04 -6.9e+04 -3.37e+05
 0 0 1e+05 0 0 -1e+05 0 0 -1e+05 0
 -1600 0 5.24e+04 5954 -23 -1.16e+05 -2.842e+04 -23 -9.995e+04 5.598e+04
 -3.969e+05 -3.491e+05 -4.941e+05 -9.053e+05 -5.96e+05 -3.913e+05 -4.286e+05 -6.902e+04 1.343e+04 -4.808e+05
 -1.142e+06 -1.544e+06 -7.414e+05 -1.803e+06 -1.325e+06 -1.068e+06 -1.6e+06 -8.363e+05 -1.186e+06 -1.265e+06
 -1.726e+06 -2.242e+06 -1.031e+06 -1.815e+06 -1.166e+06 -1.217e+06 -1.88e+06 -1.464e+06 -1.812e+06 -1.314e+06
 -1.237e+06 -1.918e+06 -1.058e+06 -2.013e+06 -7.699e+05 -1.476e+06 -1.613e+06 -7.546e+05 -1.148e+06 -1.425e+06
 -9.136e+05 -1.396e+06 -7.885e+05 -1.841e+06 -1.01e+06 -1.081e+05 -9.242e+05 -6.914e+05 -1.049e+06 -9.23e+05
 -3.672e+05 -9.394e+05 -8.43e+05 -1.341e+06 -1.281e+06 -1.508e+05 -9.301e+05 -1.28e+06 -1.377e+06 -8.227e+05
 -6.188e+05 -7.189e+05 -1.36e+06 -9.283e+05 -1.445e+06 -1.161e+06 -1.287e+06 -9.74e+05 -1.415e+06 -1.165e+06
 -1.378e+06 -1.312e+06 -1.843e+06 -1.875e+06 -1.537e+06 -1.911e+06 -2.208e+06 -1.197e+06 -2.131e+06 -1.861e+06
 -1.407e+06 -2.193e+06 -1.821e+06 -1.36e+06 -1.781e+06 -2.293e+06 -2.812e+06 -1.394e+06 -1.812e+06 -1.43e+06
 -1.612e+06 -1.658e+06 -1.412e+06 -6.279e+05 -1.269e+06 -1.756e+06 -1.839e+06 -1.401e+06 -5.77e+05 -9.981e+05
 -6.077e+04 -6.266e+05 -6.145e+05 5.627e+05 -7.037e+05 -6.661e+05 -5.147e+05 -1.922e+05 -2.331e+05 -8.922e+05
 -4.1e+04 -3.44e+05 -2.26e+05 2.92e+05 -1.58e+05 -2.25e+05 -1.58e+05 -1e+05 1.4e+04 -2.58e+05
 0 -1e+05 1e+05 0 0 0 0 0 0 0
 -4.779e+04 -1e+05 3.405e+05 -1.023e+05 -1.001e+05 -3.857e+05 -2.608e+04 -9.258e+04 -4.382e+04 8.992e+04
 -4.611e+05 -6.281e+05 -1.178e+06 -1.429e+06 -7.61e+05 -1.677e+05 -5.875e+05 -7.97e+05 -1.939e+05 -2.261e+05
 -1.349e+06 -1.642e+06 -1.576e+06 -2.903e+06 -1.728e+06 -8.084e+05 -1.824e+06 -1.979e+06 -1.603e+06 -4.828e+05
 -1.642e+06 -1.885e+06 -1.302e+06 -2.618e+06 -8.751e+05 -8.844e+05 -2.024e+06 -1.747e+06 -1.264e+06 -1.23e+06
 -1.603e+06 -1.256e+06 -7.17e+05 -2.008e+06 -1.216e+06 -5.699e+05 -1.502e+06 -1.792e+06 -7.516e+05 -7.815e+05
 -1.268e+06 -1.033e+06 -1.014e+06 -1.287e+06 -1.66e+06 -2.591e+05 -9.852e+05 -1.679e+06 -1.067e+06 -6.271e+05
 -1.532e+06 -6.427e+05 -9.815e+05 -7.547e+05 -1.722e+06 -7.192e+05 -8.145e+05 -1.658e+06 -1.199e+06 -3.421e+05
 -1.921e+06 -1.143e+06 -1.885e+06 -1.353e+06 -1.468e+06 -2.352e+06 -2.19e+06 -1.559e+06 -2.075e+06 -1.147e+06
 -1.69e+06 -1.708e+06 -2.076e+06 -1.292e+06 -1.304e+06 -3.022e+06 -2.334e+06 -1.757e+06 -1.84e+06 -1.812e+06
 -1.201e+06 -1.604e+06 -1.256e+06 -1.289e+06 -1.378e+06 -1.875e+06 -1.864e+06 -1.301e+06 -1.001e+06 -8.566e+05
 -2.27e+05 -8.836e+05 -7.285e+05 -5.146e+05 -6.851e+05 -1.59e+06 -1.383e+06 -6.944e+05 -5.254e+05 -6.632e+05
 4.551e+05 -3.013e+05 -2.876e+04 2.976e+04 -3.059e+05 -9.073e+05 -3.009e+05 -3.009e+05 -4.089e+05 -1.949e+05
 2.99e+05 -1.14e+05 -1.4e+04 1.5e+04 -1.5e+04 -3.99e+05 -9.9e+04 -1.14e+05 -1.5e+04 -1.5e+04
 0 -2.3e+04 2.3e+04 0 0 0 0 0 0 0
 2.011e+05 -2.008e+05 -7.98e+04 -1.978e+05 1.361e+05 -3.61e+05 -2.365e+04 -3.208e+05 -5.045e+04 -8.29e+04
 -5.314e+05 -6.561e+05 -1.481e+06 -1.351e+06 -2.516e+05 -3.523e+05 -3.999e+05 -1.056e+06 -6.729e+05 -4.98e+05
 -9.19e+05 -1.559e+06 -2.404e+06 -2.013e+06 -1.013e+06 -1.133e+06 -1.541e+06 -1.953e+06 -1.755e+06 -2.033e+05
 -9.575e+05 -1.606e+06 -2.484e+06 -1.761e+06 -5.034e+05 -7.581e+05 -1.282e+06 -2.113e+06 -3.075e+05 -9.939e+05
 -1.149e+06 -1.342e+06 -1.915e+06 -1.767e+06 -7.118e+05 -6.435e+05 -1.078e+06 -1.995e+06 -5.344e+05 -1.267e+06
 -1.036e+06 -1.348e+06 -2.05e+06 -1.24e+06 -1.124e+06 -1.022e+06 -1.163e+06 -1.902e+06 -1.299e+06 -5.835e+05
 -1.79e+06 -1.358e+06 -1.81e+06 -1.574e+06 -1.901e+06 -2.199e+06 -2.687e+06 -2.446e+06 -2.3e+06 -9.593e+05
 -2.457e+06 -1.554e+06 -2.149e+06 -1.536e+06 -1.567e+06 -2.116e+06 -2.716e+06 -1.741e+06 -1.95e+06 -1.611e+06
 -1.904e+06 -1.668e+06 -1.578e+06 -1.244e+06 -1.226e+06 -1.498e+06 -2.001e+06 -1.566e+06 -1.805e+06 -4.542e+05
