# Created by Octave 5.2.0, Thu Sep 24 23:52:35 2020 CEST <jiwidi@land>
# name: w
# type: matrix
# rows: 197
# columns: 10
 -350 -300 -320 -340 -310 -260 -300 -310 -460 -300
 0 0 0 0 0 0 0 0 0 0
 0 0 0 0 0 0 0 0 0 0
 -10 0 -20 0 -10 10 0 0 -10 0
 -13.8 -16.9 -35.3 -8.4 -15.3 0 -6.9 36.9 -13.8 -12.3
 -10 -27.7 -4.6 -24.6 -4.6 -20 -20 48.5 -20 -26.2
 -55.4 -70 -33.06 -35.4 -17.5 -74.04 -56.17 -4.6 -71.6 -104.1
 -79.2 -72.3 -37.81 -88.4 -80 -95.4 -97.7 -69.79 -21.6 -63.9
 -86.13 -130 -112.2 -108.5 -120.9 -100.4 -103.9 -127 -41.1 -29.9
 -107.6 -96.1 -102.2 -91.1 -186.9 -135.2 -108.5 -157.7 -59 -67.76
 -96.8 -62.2 -75.3 -104.5 -136 -82.2 -78.2 -77 -78.5 -64.5
 -87 -50.3 -100.7 -83.9 -40 -67 -70.9 -108.7 -45.9 -119.3
 -50.87 9.2 -66.2 -67 -26.2 31.57 -71.5 -6.1 -67.77 -69.3
 -30 0 -30 -60 -6.2 44.6 -34.6 -33.8 -60 -20
 -10 0 0 0 0 10 0 0 -10 0
 0 0 0 0 0 0 0 6.2 0 -6.2
 -1.2 0 -5.8 -1.2 -1.2 1.2 -1.2 13.4 -10 -1.2
 -28.2 -13.5 -28.39 -8.2 -28.25 -1.594 -27.9 5.339 -43.01 -28.29
 -48.08 -50.41 -69.83 -38.92 -61.14 -25.64 -61.2 25.99 -66.19 -74.18
 -104.9 -130 -132 -61.12 -69.87 -60.33 -151.3 -22.72 -93.5 -197
 -147.7 -189.4 -146.9 -120.4 -152.8 -140 -199.8 -69.67 -140.7 -167.3
 -181.4 -269.6 -188.4 -200.4 -226.2 -219.2 -250.6 -126.8 -231.8 -161.8
 -216.3 -271.5 -203.4 -219.8 -333.5 -269.4 -229 -170.3 -198.3 -135.6
 -203.8 -253.4 -247.1 -225.6 -376.1 -216.3 -229.1 -171.8 -179.3 -124.9
 -221.1 -222.9 -229.9 -224.3 -298.2 -196.4 -237.5 -184.6 -185.3 -157.1
 -185.5 -199.9 -198.7 -233.6 -133.1 -166.5 -189.4 -72.89 -176.3 -212.8
 -136.2 -117.6 -163.5 -133 -86.98 -49.71 -163.5 -99.55 -202.3 -181.8
 -54.15 -23.3 -60.46 -8.53 -23.8 39.63 -38.73 -28.71 -105.8 -53.88
 -21.3 -1.7 0 -13.1 -10 36.1 -10 0 -16.7 -10
 0 0 0 0 0 0 0 0 0 0
 -8.6 0 -2.887 -8.6 -8.647 -1.522 -18.6 -4.047 -20.22 -8.619
 -24.4 -14.09 -31.21 -15.27 -51.44 -24.13 -35.54 -1.02 -6.671 -55.3
 -79.53 -77.57 -105 -50.71 -116.4 -61.01 -119.3 -29.53 -75.07 -131.3
 -143 -178.9 -75.12 -117.4 -109 -134.5 -176.6 -79.98 -123.5 -142.1
 -144.5 -227 -181.9 -179.7 -187 -171.8 -208.3 -124 -142.4 -108.6
 -115.2 -178.4 -157.1 -121.8 -154.2 -144 -130.5 -81.48 -129.2 -159.9
 -96.73 -106.1 -99.88 -103.8 -174.5 -98.69 -122.4 -59.63 -87.39 -149.7
 -102.6 -89.33 -122.6 -134 -201.7 -118.5 -143.9 -92.37 -195.2 -206.1
 -145.2 -162.6 -185.2 -187 -169.3 -189.7 -210.2 -176.4 -168 -233
 -156.6 -170.2 -176.2 -200.3 -105.4 -253.3 -227.6 -89.37 -175.2 -188.3
 -131.7 -164.1 -162.5 -83.18 -96.33 -109.3 -160.9 -59.29 -121 -172.9
 -45.85 -58.25 -51.05 11.98 -94.4 -11.93 -53.04 -38.25 -41.6 -42.9
 -38.4 -9.9 -9.9 -5.3 -23 29.2 -15.3 -7.6 -6.1 -12.2
 0 0 20 0 0 0 0 0 -20 0
 -2.91 0 12.31 -3.002 -3.002 -1.602 -3.002 1.598 -20 1.598
 -53.89 -44.91 -41.56 -80.53 -71.36 -19.53 -69.72 0.498 -27.67 -66.05
 -113.8 -168.3 -72.19 -153.2 -119.7 -82.94 -150 -45.38 -101.1 -148
 -135.3 -205.6 -60.04 -183.3 -92.79 -136 -158.6 -131.3 -151.9 -103.2
 -121.4 -178 -75.12 -167.5 -56.89 -108.8 -134.1 -91.66 -122.5 -96.77
 -74.19 -127.6 -88.29 -163.1 -102.8 -14.12 -58.5 -57.22 -63.54 -66.66
 -25.84 -80.82 -86.17 -128.3 -120.6 7.594 -95.53 -107.6 -149.2 -74.67
 -69.58 -59.44 -130.1 -98.72 -128.3 -93.93 -115.7 -48.02 -119.1 -128.2
 -127.1 -112 -191.5 -177.4 -124.6 -190.7 -218.5 -126.5 -169 -180
 -118.8 -194.4 -201.1 -145.8 -171.9 -201.6 -270.2 -117.3 -166.9 -138.8
 -137.7 -153.2 -144.6 -73.63 -127.4 -163.1 -177.8 -126.7 -41.3 -70.14
 -14.21 -46.46 -47.35 56.49 -81.27 -52.63 -47.17 -29.1 -30.08 -37.04
 -4.1 -25.8 -15.8 20 -24.4 -14.3 -11.6 -20 -11.4 -15.8
 -10 -10 10 0 0 0 0 0 0 0
 0 -10 32.9 -10.22 -6.616 -14.6 -9.808 2.29 -18.39 4.199
 -71.51 -78.61 -103.3 -132.9 -71.81 -6.594 -77.89 -59.9 -29.61 -37.74
 -123.6 -186.4 -152.4 -264.4 -171 -88.13 -188.3 -160.5 -94.28 -57.87
 -152.1 -187.7 -94.83 -255.7 -76.64 -106.2 -170.6 -142.8 -121.5 -123.7
 -157 -142.6 -92.4 -187.5 -129.5 -46.79 -123.3 -171.1 -86.46 -69.61
 -109.8 -114.5 -100.9 -123.3 -139.1 -8.928 -75.08 -165.7 -70.78 -34
 -90.78 -84.81 -103.3 -52.99 -150.2 -81.19 -64.27 -159.4 -57.94 0.1211
 -135.4 -60.81 -134.9 -123 -124.4 -214 -183 -113.8 -198.4 -87.96
 -132.8 -153 -186.6 -145.8 -130.5 -285.3 -231.5 -144.9 -193.3 -143.6
 -112.3 -155.1 -105.8 -132.6 -127.6 -198.2 -186.1 -114.5 -104.4 -102.5
 -38.2 -86.46 -74.25 -27.21 -78.05 -133 -142.9 -81.65 -66.19 -40.94
 25.01 -40.09 -20.3 -5.534 -39.33 -65.49 -31.99 -40.09 -35.72 -20.09
 28.4 -12.9 -2.9 -7 -1.5 -39.9 -9.9 -12.9 -3 -1.5
 -2.3 -2.3 2.3 0 0 0 0 0 0 0
 9.98 -20.07 2.12 -19.82 12.31 -7.685 -12.37 -14.27 -2.475 -25.78
 -63.9 -80.1 -118.6 -147.7 -22.84 -32.26 -68 -113.8 -49.24 -19.73
 -115.2 -166.5 -212.5 -187.3 -79.41 -105.9 -142 -226.6 -161 -41.38
 -109.5 -140.6 -214.2 -172.2 -64.15 -59.42 -113.3 -191.6 -35.06 -105.9
 -102.8 -125.8 -146 -146 -56.49 -80.07 -106.5 -168.1 -72.08 -72.22
 -57.88 -107.4 -139.2 -96.66 -107.9 -96.13 -126.6 -176.6 -121.4 -20.73
 -146.2 -111.6 -142.6 -98.88 -169.8 -205.4 -202.1 -182.6 -148.5 -60.96
 -218.7 -110.2 -172.7 -131 -157.2 -207.8 -231.4 -164.6 -188.8 -78.59
 -199 -145.6 -158.5 -115.2 -111.3 -198.1 -173.5 -155.2 -186.8 -53.78
 -93.08 -118.2 -83.85 -69.67 -82.75 -99.27 -186.2 -78.63 -117.9 -65.77
 -1.82 -76.7 -13.32 -60.99 -25.89 -58.89 -102 -53.94 -83.6 -51.93
 38.34 -30.07 -18.55 -30.21 -10.36 -49.87 -20.07 -30.05 -9.849 -20.07
 17.87 0 0 -7.7 0 -17.87 0 0 0 0
 20 -10 -20 0 2.3 -10 -10 -10 -2.3 0
 16.45 -18.71 -46.91 -26.97 18.09 6.65 2.03 -40.21 -30.97 9.99
 -26.41 -71.2 -116.8 -128.4 -32.13 5.683 -42.72 -102.7 -114.9 -26.72
 -88.54 -125.7 -172.8 -107 -60.91 -79.81 -66.99 -183.4 -102.2 -67.6
 -74.71 -133.2 -202.9 -127.3 -76.1 -31.87 -129.6 -177.4 -140.4 -125
 -136.1 -140.2 -225 -141.6 -134.1 -72.7 -122.7 -254.8 -154.9 -124.2
 -197.4 -146.5 -184.5 -132.5 -184.9 -121.9 -183.7 -211.2 -152.5 -97.56
 -272.1 -138.3 -225.7 -129.3 -164.6 -166.6 -212.7 -212.8 -147.2 -193.3
 -220.2 -83.27 -174.5 -108.2 -118 -169.3 -175.6 -143.4 -96.65 -134.2
 -161.5 -108.3 -116.9 -47.52 -113.7 -111.2 -124.4 -74.11 -154.2 -46.57
 -79.52 -93.1 -33.56 -49.37 -35.05 -46.64 -132.9 -33.87 -155.7 -70.09
 -7.325 -63.62 -20.28 -14.14 -8.492 -64.84 -57.92 -41.32 -89.46 -70.12
 52.59 -29.9 -32.3 -10 -10 -70.79 -20.4 -29.9 -10 -20
 2.3 0 0 0 0 -2.3 0 0 0 0
 20 -10 -30 0 20 -20 0 -10 -10 -10
 41.73 -40.4 -56.09 -56.05 25.65 -81.86 -13.44 -48.98 -59.3 -32.7
 -8.409 -56.1 -43.77 -86.54 -12.81 -113.8 -32.4 -59.44 -82.31 -61.52
 -43.69 -71.89 -77.43 -84.99 -53.9 -78.01 -49.25 -82.79 -109.6 -71.59
 -107 -173 -107 -121.1 -103.3 -122.1 -102.6 -171.1 -100 -146.1
 -152.6 -141.6 -112.2 -136.1 -102.3 -113.4 -167.6 -151.5 -87.81 -159.3
 -228 -163 -183.3 -159.3 -112.2 -150.8 -177.2 -180.5 -74.94 -197.2
 -187.2 -102.9 -185.2 -129 -137.6 -140.6 -175.4 -124.3 -106.6 -194.2
 -204.4 -64.2 -145.8 -111.1 -123.3 -104.3 -97.83 -127.7 -95.46 -130.6
 -116.7 -69.43 -129.2 -80.28 -41.3 -88.23 -56.05 -101.1 -157 -80.97
 -86.7 -90 -95.46 -36.1 -58.21 -78.8 -89.99 -64.18 -153.7 -108.8
 -8.24 -75.6 -98.05 -21.62 -39.02 -66.86 -36.32 -54.53 -106.8 -74
 42.52 -29.98 -49.29 1.72 -9.58 -74.36 -7.941 -29.78 -9.78 -19.78
 4.8 0 -4.8 0 0 0 0 0 0 0
 13.1 -23.8 -44.57 13.8 3.1 -19.23 0 -23.8 -13.8 -17.67
 13.27 -52.7 -14.3 -63.21 -36.07 -95.39 -53.3 -40.8 -52.54 -50.33
 22.29 -49.24 -57.88 -82.57 -12.72 -137.6 -8.197 -68.61 -29.59 -56.99
 -42.78 -92.28 -43.09 -167.1 -43.92 -162 -17.01 -97.15 -26.2 -112.4
 -110.8 -126.3 -44.28 -198.7 -77.18 -189.1 -42.48 -127 -52.99 -151.2
 -143.1 -96.55 -120.3 -156.3 -81.47 -195.8 -100.9 -125.2 -67.86 -113
 -160.1 -89.02 -97.82 -167.2 -70.34 -205.6 -117.1 -129.8 -71.97 -151.9
 -217.2 -111.5 -91.47 -172.6 -88.72 -154.4 -94.31 -102.1 -133.2 -152.4
 -204.8 -126.9 -66.97 -155 -167.3 -167.4 -48.24 -136.9 -104.5 -120.9
 -87.83 -103.9 -73.78 -90.95 -94.92 -65.84 -91.25 -84.37 -105.7 -179.7
 -79.02 -108.7 -145.6 -67.47 -87.2 -80.6 -81.97 -119.7 -118.3 -127.1
 -45.04 -81.4 -99.24 -10.1 -103 -99.12 -61.04 -79.16 -136.7 -99
 -19.57 -32.3 -10.17 3.625 -20.07 -63.62 -7.475 -13.77 -19.3 -20.07
 -12.2 -22.2 22 -19.9 -29.7 -19.8 -9.8 -10 -29.9 -19.9
