# Created by Octave 5.2.0, Thu Sep 24 23:51:56 2020 CEST <jiwidi@land>
# name: w
# type: matrix
# rows: 197
# columns: 10
 -59 -48 -52 -54 -50 -44 -51 -49 -71 -51
 0 0 0 0 0 0 0 0 0 0
 0 0 0 0 0 0 0 0 0 0
 -1 0 -3 0 -2 3 -1 0 -2 -1
 -1.38 -2.84 -4.22 -0.84 -2.22 1.23 -1.38 6.15 -2.22 -3.53
 -1 -5.23 0.54 -2.383 -0.46 -3.46 -3 8.23 -3.307 -4.23
 -8.46 -8 -1.536 -2.1 2.17 -7.477 -5.617 4.54 -3.08 -11.16
 -8.85 -13.23 -5.311 -11.01 -8.7 -14.11 -9.77 -9.97 0.62 -5.259
 -16.24 -21.78 -16.3 -14.84 -18.09 -16.54 -13.39 -19.54 -9.93 -4.847
 -19.16 -13.4 -15.09 -13.59 -24.7 -20.38 -18.7 -23.93 -12.03 -8.3
 -18.75 -10.31 -11.5 -13.94 -19.6 -16.63 -12.61 -15.61 -11.14 -11.6
 -13.23 -5.493 -11.91 -12.73 -12.93 -11.14 -11.54 -15.26 -6.51 -13.4
 -5.55 -0.45 -10.47 -8.4 -3.93 0.54 -4.3 -3.06 -11.86 -10.63
 -5.54 0 -5 -7.08 0.69 5.85 -7.46 -5 -10.46 -3.61
 0 0 0 0 0 0 0 0 0 0
 0 0 -0.62 -0.62 0 0 0 1.24 0 -1.24
 -0.12 0 -0.448 -1.12 0 0.24 -0.132 1.34 -1 -0.24
 -2.82 -1.775 -2.033 -2.795 -3.005 1.686 -5.76 2.908 -4.921 -3.644
 -6.327 -6.824 -5.131 -2.331 -6.114 -3.494 -8.139 4.148 -7.365 -10.5
 -16.98 -17.78 -13.52 -10.08 -9.736 -12.6 -20.82 -5.693 -15.06 -22.53
 -22.86 -31.91 -24.52 -22.67 -25.95 -25.49 -26.27 -14.24 -28.19 -24.3
 -26.21 -40.18 -30.74 -24.33 -33.61 -33.81 -31.26 -22.94 -31.75 -25.39
 -35.48 -43.33 -32.55 -31.43 -48.13 -38.12 -37.67 -28.65 -31.07 -22.32
 -34.51 -41.77 -40.69 -34.44 -52.45 -34.13 -34.16 -28.18 -27.2 -21.44
 -41.77 -33.45 -37.13 -35.86 -44.47 -36.34 -39.3 -29.85 -35.12 -29.29
 -30 -30.45 -27.16 -34.46 -24.29 -26.49 -32.5 -17.65 -25.31 -35.16
 -21.72 -17.72 -23.89 -25.9 -13.65 -10.98 -22.88 -13.45 -26.57 -23.5
 -10.92 -4.966 -13.25 -6.169 -2.107 5.211 -14.75 -5.007 -16.36 -9.189
 -2.46 -1.77 -1 -2.77 -2.76 4.76 -3.99 1 -3 -3
 0 0 0 0 0 0 0 0 0 0
 -0.86 -0.0047 2.553 -2.865 -0.0047 -0.2847 -3.86 0.5878 -3.016 -1.717
 -2.836 -3.979 -2.26 -2.266 -5.12 -2.016 -5.309 -0.052 -2.278 -6.976
 -10.04 -12.17 -9.854 -7.516 -12.26 -8.556 -13.99 -7.141 -5.92 -19.89
 -21.02 -27.73 -16.64 -21.93 -20.25 -25.25 -28.11 -21.36 -25.51 -20.45
 -26.15 -32.54 -33.23 -24.31 -29.16 -30.62 -29.8 -30.17 -28.4 -21.66
 -22.03 -27.83 -27.64 -19.02 -25.45 -24.67 -25.29 -17.5 -19.38 -24.29
 -14.09 -20.65 -20.51 -19.38 -24.81 -15.33 -21.77 -14.03 -13.41 -21.09
 -11.52 -15.47 -20.6 -21.01 -27.33 -15.89 -19.79 -16.14 -28.97 -25.55
 -22.7 -25.28 -30.86 -34.17 -27.1 -30.57 -33.99 -28.05 -27.22 -31.31
 -22.24 -31.35 -26.6 -30.22 -25.84 -37.67 -38.99 -22 -26.16 -31.84
 -15.41 -22.2 -25.05 -12.33 -15.6 -18.13 -23.45 -12.23 -13.46 -19.88
 -8.517 -7.825 -13.36 0.091 -8.773 0.4518 -8.5 -4.365 -3.64 -6.52
 -5.6 -1.7 -1.62 -1.12 -3.53 2.16 -2.7 -0.7 -0.42 -3.22
 0 0 1 0 0 0 0 0 -1 0
 -0.2887 0 0.531 -0.3005 -0.00023 0.6 -0.3023 -0.3002 -1.46 -0.14
 -6.537 -6.475 -7.083 -10.21 -6.246 -2.259 -6.096 0.5167 -3.146 -9.923
 -14.19 -23.14 -11.45 -25.14 -18.11 -13.51 -21.84 -11.38 -14.83 -18.82
 -26.24 -31.59 -18.06 -28.36 -16.84 -21.83 -25.73 -22.41 -26.03 -17.67
 -19.94 -25.24 -17.16 -24.3 -11.89 -18.07 -21.54 -15.78 -16.01 -16.4
 -14.15 -19.92 -12.27 -23.55 -14.4 -6.289 -11.46 -11.09 -11.36 -12.75
 -4.557 -11.71 -10.27 -21.63 -17.04 -1.302 -14.1 -15.22 -21.88 -8.406
 -11.62 -10.44 -20.69 -14.42 -21.87 -16.25 -19.67 -12.86 -21.28 -15.92
 -23.85 -23.28 -31.17 -28.29 -25.3 -30 -35.5 -23.13 -29.6 -29.15
 -19.15 -32.49 -28.36 -23.41 -32.12 -33.4 -39.39 -25.63 -26.69 -24.28
 -17.34 -18.04 -18.28 -11.22 -15.18 -22.18 -23.15 -18.64 -8.048 -13.24
 -2.126 -7.635 -10.3 5.43 -5.964 -4.598 -5.957 -2.217 -3.15 -8.109
 -2.24 -3.58 -1.44 2.83 -3.58 0.57 -2.16 -1.58 -0.72 -2.58
 -1 -1 3 0 0 -1 0 0 -2 0
 0.225 -1 4.125 -1.044 -0.00156 -2.453 -0.98 0.07396 -2.898 0.4407
 -9.362 -9.779 -12.56 -17.75 -8.714 0.0797 -10.35 -8.699 -5.157 -5.129
 -19.73 -25.03 -21.57 -35.88 -22.79 -13.72 -24.45 -24.19 -19.9 -12.99
 -25.07 -32.02 -20.66 -33.38 -17.5 -17.44 -29.36 -21.82 -21.17 -22.19
 -20.14 -20.89 -11.74 -26.18 -17.49 -12.3 -20.97 -25.27 -15.49 -11.91
 -14.38 -17.77 -12.87 -20.36 -19.97 -6.555 -15.52 -22.78 -11.77 -8.474
 -18.55 -14.26 -14.33 -14.91 -20.02 -12.45 -12.96 -21.8 -12.88 -6.268
 -26.21 -17.55 -24 -19.42 -23.25 -34.58 -28.78 -22.96 -32.67 -19.23
 -25.4 -29.21 -32.73 -23.12 -25.03 -43.63 -38.27 -28.8 -31.32 -28.65
 -14.22 -19.16 -19.38 -21.23 -21.66 -25.82 -28.06 -18.24 -16.52 -15.84
 -2.76 -11.58 -12.38 -5.449 -9.161 -17.51 -17.15 -10.04 -10.44 -6.871
 6.171 -4.469 -0.972 -0.05135 -4.66 -8.231 -4.029 -3.009 -4.414 -0.849
 2.99 -0.3 -0.29 0.3 -2.14 -4.14 -0.99 -1.14 -0.15 0
 -0.23 -0.23 0.69 0 0 -0.23 0 0 -0.46 0
 0.9938 -1.548 -0.0307 -4.258 0.613 -2.177 -3.236 -2.218 -3.248 -1.881
 -7.414 -13.76 -18.67 -18.06 -2.963 -4.236 -7.144 -13.59 -8.67 -10.01
 -14.42 -23.24 -29.79 -23.37 -10.6 -11.05 -19.67 -28.39 -19.75 -8.121
 -16.17 -22.22 -29.72 -27.2 -14.2 -14.62 -17 -27.74 -9.352 -18.23
 -16.23 -20.34 -24.38 -24 -9.503 -15.18 -17.55 -26.91 -9.811 -15.7
 -14.74 -20.14 -25.52 -18.56 -12.25 -12.69 -20.02 -24.53 -15.61 -9.341
 -28.33 -20.61 -28.27 -20.94 -25 -27.9 -35.35 -31.8 -28.12 -16.85
 -33.74 -26.78 -33.53 -27.91 -27.54 -29.99 -37.29 -26.58 -35.06 -23.15
 -24.12 -22.9 -19 -17.09 -18.27 -23.45 -27.65 -21.53 -26.16 -15.57
 -9.056 -13.04 -13.66 -12.49 -10.07 -13.45 -20.96 -12.67 -16.35 -9.744
 0.631 -9.11 -4.217 -7.056 -2.554 -11.94 -13.84 -8.092 -11.13 -4.516
 6.554 -2.02 -2.516 -3.297 -3.751 -5.95 -4.466 -3.006 -1.988 -2.006
 3.574 0 0 -0.017 0 -2.787 -0.77 0 0 0
 2.69 -1.23 -2.23 0 0.46 -1 -2.92 -2 -1.23 -1.23
 -0.4063 -3.427 -9.502 -6.697 0.6443 1.015 -2.467 -5.691 -5.527 -1.557
 -3.15 -10.82 -18.39 -15.62 -4.289 1.851 -8.624 -13.19 -17.22 -10.81
 -14.28 -20.24 -24.1 -16.33 -9.182 -11.47 -12.19 -21 -21.07 -14.42
 -13.41 -22.98 -30.23 -24.78 -10.16 -7.589 -20.87 -23.2 -23.35 -21.9
 -23.98 -29.05 -35.17 -24.44 -22.52 -16.78 -25.02 -34.44 -18.97 -21.84
 -36.54 -29.44 -30.99 -27.47 -28.94 -22.07 -36.94 -33.84 -26.63 -25.24
 -42.17 -30.43 -37.55 -25.55 -29.46 -32.13 -39.02 -31.34 -27.77 -36.21
 -30.97 -16.68 -25.5 -19.29 -19.63 -27.3 -29.73 -26.66 -17.76 -24.55
 -17.21 -16.3 -10.96 -10.01 -12.89 -13.41 -15.41 -14.91 -24.26 -11.42
 -11.82 -10.45 -3.955 -11.94 -3.263 -9.234 -11.87 -8.103 -18.16 -12.73
 0.6555 -8.119 -5.932 -4.419 -2.323 -14.21 -9.117 -7.082 -10.83 -8.892
 5.59 -2 -5.12 -0.38 -3.241 -7.678 -3.49 -3.13 -2 -2.001
 0.537 0 0 -0.23 0 -0.23 -0.077 0 0 0
 1 -2 -4 0 3 -1 -2 -2 -2 -3
 3.083 -5.263 -11.27 -5.582 1.849 -9.49 -1.573 -7.49 -7.733 -4.261
 -4.934 -11.22 -5.479 -10.34 -2.578 -10.44 -8.351 -8.632 -15.82 -11.56
 -9.769 -14.37 -12.26 -10.78 -9.243 -10.38 -11.3 -15.27 -24.76 -14.38
 -17.04 -27.2 -19.94 -24.18 -15.02 -16.42 -15.64 -24.9 -12.68 -21.06
 -27.65 -21.22 -20.39 -22.99 -18.8 -17.7 -25.07 -25.7 -19.14 -22.61
 -33.81 -23.25 -29.63 -25.01 -27.46 -30.06 -33.32 -30.91 -17.87 -36.1
 -28.47 -22.37 -31.93 -21.99 -28.5 -27.38 -31.35 -25.37 -24.29 -27.95
 -26.3 -14.03 -21.91 -17.6 -19.2 -19.53 -17.86 -21.46 -14.84 -18.01
 -17.07 -11.73 -15.74 -12.18 -9.048 -9.62 -6.715 -14.93 -19.54 -10.56
 -11.08 -13.51 -13.31 -8.118 -6.562 -12.62 -8.4 -11.88 -18.61 -16.82
 2.234 -6.679 -12.27 -5.27 -4.829 -11.5 -3.82 -8.453 -10.84 -12.06
 5.48 -2.978 -9.929 1.035 -3.057 -7.537 -2.113 -3.978 -1.985 -1.979
 0.48 0 -0.48 0 0 0 0 0 0 0
 4 -1.38 -4.38 1.34 -1.69 -2.69 -1 -1.69 -1.65 0
 2.424 -7.429 -4.802 -6.151 -8.677 -14.16 -4.771 -7.281 -7.7 -6.405
 1.814 -5.728 -1.824 -9.539 -2.953 -15.57 -2.763 -7.968 -1.87 -5.251
 -6.693 -12.15 -5.511 -21.43 -7.853 -21.38 -3.378 -13.59 -3.045 -16.38
 -16.58 -13.54 -10.08 -29.13 -12.09 -26.63 -11.1 -20.25 -7.387 -20.67
 -23.07 -14.68 -19.7 -25.24 -16.42 -28.02 -16.41 -22.74 -8.254 -20.06
 -26.58 -17.34 -20.05 -25.04 -16.65 -31.18 -22.73 -24.32 -15.29 -22.28
 -31.55 -20.9 -13.88 -26.85 -17.94 -23.05 -18.72 -22.59 -22.85 -24.64
 -25.81 -20.34 -17.07 -18.85 -20.83 -22.77 -10.53 -19.81 -16.69 -17.11
 -15.88 -18.03 -14.59 -16.23 -16.24 -16.8 -15.4 -15.35 -14.26 -25.72
 -11.77 -14.1 -23.28 -10.85 -11.33 -10.27 -6.037 -13.64 -13.91 -16.63
