# Created by Octave 5.2.0, Thu Sep 24 23:53:16 2020 CEST <jiwidi@land>
# name: w
# type: matrix
# rows: 197
# columns: 10
 -3.5e+05 -3e+05 -3.2e+05 -3.4e+05 -3.1e+05 -2.6e+05 -3e+05 -3.1e+05 -4.6e+05 -3e+05
 0 0 0 0 0 0 0 0 0 0
 0 0 0 0 0 0 0 0 0 0
 -1e+04 0 -2e+04 0 -1e+04 1e+04 0 0 -1e+04 0
 -1.38e+04 -1.69e+04 -3.53e+04 -8400 -1.53e+04 0 -6900 3.69e+04 -1.38e+04 -1.23e+04
 -1e+04 -2.77e+04 -4600 -2.46e+04 -4600 -2e+04 -2e+04 4.85e+04 -2e+04 -2.62e+04
 -5.54e+04 -7e+04 -3.306e+04 -3.54e+04 -1.75e+04 -7.404e+04 -5.617e+04 -4600 -7.16e+04 -1.041e+05
 -7.92e+04 -7.23e+04 -3.781e+04 -8.84e+04 -8e+04 -9.54e+04 -9.77e+04 -6.979e+04 -2.16e+04 -6.39e+04
 -8.613e+04 -1.3e+05 -1.122e+05 -1.085e+05 -1.209e+05 -1.004e+05 -1.039e+05 -1.27e+05 -4.11e+04 -2.99e+04
 -1.076e+05 -9.61e+04 -1.022e+05 -9.11e+04 -1.869e+05 -1.352e+05 -1.085e+05 -1.577e+05 -5.9e+04 -6.776e+04
 -9.68e+04 -6.22e+04 -7.53e+04 -1.045e+05 -1.36e+05 -8.22e+04 -7.82e+04 -7.7e+04 -7.85e+04 -6.45e+04
 -8.7e+04 -5.03e+04 -1.007e+05 -8.39e+04 -4e+04 -6.7e+04 -7.09e+04 -1.087e+05 -4.59e+04 -1.193e+05
 -5.087e+04 9200 -6.62e+04 -6.7e+04 -2.62e+04 3.157e+04 -7.15e+04 -6100 -6.777e+04 -6.93e+04
 -3e+04 0 -3e+04 -6e+04 -6200 4.46e+04 -3.46e+04 -3.38e+04 -6e+04 -2e+04
 -1e+04 0 0 0 0 1e+04 0 0 -1e+04 0
 0 0 0 0 0 0 0 6200 0 -6200
 -1200 0 -5800 -1200 -1200 1200 -1200 1.34e+04 -1e+04 -1200
 -2.82e+04 -1.35e+04 -2.839e+04 -8200 -2.825e+04 -1594 -2.79e+04 5339 -4.301e+04 -2.829e+04
 -4.808e+04 -5.041e+04 -6.983e+04 -3.892e+04 -6.114e+04 -2.564e+04 -6.12e+04 2.599e+04 -6.619e+04 -7.418e+04
 -1.049e+05 -1.3e+05 -1.32e+05 -6.112e+04 -6.987e+04 -6.033e+04 -1.513e+05 -2.272e+04 -9.35e+04 -1.97e+05
 -1.477e+05 -1.894e+05 -1.469e+05 -1.204e+05 -1.528e+05 -1.4e+05 -1.998e+05 -6.967e+04 -1.407e+05 -1.673e+05
 -1.814e+05 -2.696e+05 -1.884e+05 -2.004e+05 -2.262e+05 -2.192e+05 -2.506e+05 -1.268e+05 -2.318e+05 -1.618e+05
 -2.163e+05 -2.715e+05 -2.034e+05 -2.198e+05 -3.335e+05 -2.694e+05 -2.29e+05 -1.703e+05 -1.983e+05 -1.356e+05
 -2.038e+05 -2.534e+05 -2.471e+05 -2.256e+05 -3.761e+05 -2.163e+05 -2.291e+05 -1.718e+05 -1.793e+05 -1.249e+05
 -2.211e+05 -2.229e+05 -2.299e+05 -2.243e+05 -2.982e+05 -1.964e+05 -2.375e+05 -1.846e+05 -1.853e+05 -1.571e+05
 -1.855e+05 -1.999e+05 -1.987e+05 -2.336e+05 -1.331e+05 -1.665e+05 -1.894e+05 -7.289e+04 -1.763e+05 -2.128e+05
 -1.362e+05 -1.176e+05 -1.635e+05 -1.33e+05 -8.698e+04 -4.971e+04 -1.635e+05 -9.955e+04 -2.023e+05 -1.818e+05
 -5.415e+04 -2.33e+04 -6.046e+04 -8530 -2.38e+04 3.963e+04 -3.873e+04 -2.871e+04 -1.058e+05 -5.388e+04
 -2.13e+04 -1700 0 -1.31e+04 -1e+04 3.61e+04 -1e+04 0 -1.67e+04 -1e+04
 0 0 0 0 0 0 0 0 0 0
 -8600 0 -2887 -8600 -8647 -1522 -1.86e+04 -4047 -2.022e+04 -8619
 -2.44e+04 -1.409e+04 -3.121e+04 -1.527e+04 -5.144e+04 -2.413e+04 -3.554e+04 -1020 -6671 -5.53e+04
 -7.953e+04 -7.757e+04 -1.05e+05 -5.071e+04 -1.164e+05 -6.1e+04 -1.193e+05 -2.953e+04 -7.507e+04 -1.313e+05
 -1.43e+05 -1.789e+05 -7.512e+04 -1.174e+05 -1.09e+05 -1.345e+05 -1.766e+05 -7.998e+04 -1.235e+05 -1.421e+05
 -1.445e+05 -2.27e+05 -1.819e+05 -1.797e+05 -1.87e+05 -1.718e+05 -2.083e+05 -1.24e+05 -1.424e+05 -1.086e+05
 -1.152e+05 -1.784e+05 -1.571e+05 -1.218e+05 -1.542e+05 -1.44e+05 -1.305e+05 -8.148e+04 -1.292e+05 -1.599e+05
 -9.673e+04 -1.061e+05 -9.988e+04 -1.038e+05 -1.745e+05 -9.869e+04 -1.224e+05 -5.963e+04 -8.739e+04 -1.497e+05
 -1.026e+05 -8.933e+04 -1.226e+05 -1.34e+05 -2.017e+05 -1.185e+05 -1.44e+05 -9.237e+04 -1.952e+05 -2.061e+05
 -1.452e+05 -1.626e+05 -1.852e+05 -1.87e+05 -1.693e+05 -1.897e+05 -2.102e+05 -1.764e+05 -1.68e+05 -2.33e+05
 -1.566e+05 -1.702e+05 -1.762e+05 -2.003e+05 -1.054e+05 -2.533e+05 -2.276e+05 -8.937e+04 -1.752e+05 -1.883e+05
 -1.317e+05 -1.641e+05 -1.625e+05 -8.318e+04 -9.633e+04 -1.093e+05 -1.609e+05 -5.929e+04 -1.21e+05 -1.729e+05
 -4.585e+04 -5.825e+04 -5.105e+04 1.198e+04 -9.44e+04 -1.193e+04 -5.304e+04 -3.825e+04 -4.16e+04 -4.29e+04
 -3.84e+04 -9900 -9900 -5300 -2.3e+04 2.92e+04 -1.53e+04 -7600 -6100 -1.22e+04
 0 0 2e+04 0 0 0 0 0 -2e+04 0
 -2910 0 1.231e+04 -3002 -3002 -1602 -3002 1598 -2e+04 1598
 -5.389e+04 -4.491e+04 -4.156e+04 -8.053e+04 -7.136e+04 -1.953e+04 -6.972e+04 498 -2.767e+04 -6.605e+04
 -1.138e+05 -1.683e+05 -7.219e+04 -1.532e+05 -1.197e+05 -8.294e+04 -1.5e+05 -4.538e+04 -1.011e+05 -1.48e+05
 -1.353e+05 -2.056e+05 -6.004e+04 -1.833e+05 -9.279e+04 -1.36e+05 -1.586e+05 -1.313e+05 -1.519e+05 -1.032e+05
 -1.214e+05 -1.78e+05 -7.512e+04 -1.675e+05 -5.688e+04 -1.088e+05 -1.341e+05 -9.166e+04 -1.225e+05 -9.677e+04
 -7.419e+04 -1.276e+05 -8.829e+04 -1.631e+05 -1.028e+05 -1.412e+04 -5.85e+04 -5.722e+04 -6.354e+04 -6.666e+04
 -2.584e+04 -8.082e+04 -8.617e+04 -1.283e+05 -1.206e+05 7594 -9.553e+04 -1.076e+05 -1.492e+05 -7.467e+04
 -6.958e+04 -5.944e+04 -1.301e+05 -9.872e+04 -1.283e+05 -9.393e+04 -1.157e+05 -4.802e+04 -1.191e+05 -1.282e+05
 -1.271e+05 -1.12e+05 -1.915e+05 -1.774e+05 -1.246e+05 -1.907e+05 -2.185e+05 -1.265e+05 -1.69e+05 -1.8e+05
 -1.188e+05 -1.944e+05 -2.011e+05 -1.458e+05 -1.719e+05 -2.016e+05 -2.702e+05 -1.173e+05 -1.669e+05 -1.388e+05
 -1.377e+05 -1.532e+05 -1.446e+05 -7.362e+04 -1.274e+05 -1.631e+05 -1.778e+05 -1.267e+05 -4.13e+04 -7.014e+04
 -1.421e+04 -4.646e+04 -4.735e+04 5.649e+04 -8.127e+04 -5.263e+04 -4.717e+04 -2.91e+04 -3.008e+04 -3.704e+04
 -4100 -2.58e+04 -1.58e+04 2e+04 -2.44e+04 -1.43e+04 -1.16e+04 -2e+04 -1.14e+04 -1.58e+04
 -1e+04 -1e+04 1e+04 0 0 0 0 0 0 0
 0 -1e+04 3.29e+04 -1.022e+04 -6616 -1.46e+04 -9808 2290 -1.839e+04 4199
 -7.151e+04 -7.861e+04 -1.033e+05 -1.329e+05 -7.181e+04 -6594 -7.789e+04 -5.99e+04 -2.961e+04 -3.774e+04
 -1.236e+05 -1.864e+05 -1.524e+05 -2.644e+05 -1.71e+05 -8.813e+04 -1.883e+05 -1.605e+05 -9.428e+04 -5.787e+04
 -1.521e+05 -1.877e+05 -9.483e+04 -2.557e+05 -7.664e+04 -1.062e+05 -1.706e+05 -1.428e+05 -1.215e+05 -1.237e+05
 -1.57e+05 -1.426e+05 -9.24e+04 -1.875e+05 -1.295e+05 -4.679e+04 -1.233e+05 -1.711e+05 -8.646e+04 -6.961e+04
 -1.098e+05 -1.145e+05 -1.009e+05 -1.233e+05 -1.391e+05 -8928 -7.508e+04 -1.657e+05 -7.078e+04 -3.4e+04
 -9.078e+04 -8.481e+04 -1.033e+05 -5.299e+04 -1.502e+05 -8.119e+04 -6.427e+04 -1.594e+05 -5.794e+04 121.1
 -1.354e+05 -6.081e+04 -1.349e+05 -1.23e+05 -1.244e+05 -2.14e+05 -1.83e+05 -1.138e+05 -1.984e+05 -8.796e+04
 -1.328e+05 -1.53e+05 -1.866e+05 -1.458e+05 -1.305e+05 -2.853e+05 -2.315e+05 -1.449e+05 -1.933e+05 -1.436e+05
 -1.123e+05 -1.551e+05 -1.058e+05 -1.326e+05 -1.276e+05 -1.982e+05 -1.861e+05 -1.145e+05 -1.044e+05 -1.025e+05
 -3.82e+04 -8.646e+04 -7.425e+04 -2.721e+04 -7.805e+04 -1.33e+05 -1.429e+05 -8.165e+04 -6.619e+04 -4.094e+04
 2.501e+04 -4.009e+04 -2.03e+04 -5534 -3.933e+04 -6.549e+04 -3.199e+04 -4.009e+04 -3.572e+04 -2.009e+04
 2.84e+04 -1.29e+04 -2900 -7000 -1500 -3.99e+04 -9900 -1.29e+04 -3000 -1500
 -2300 -2300 2300 0 0 0 0 0 0 0
 9980 -2.008e+04 2120 -1.982e+04 1.231e+04 -7685 -1.237e+04 -1.428e+04 -2475 -2.578e+04
 -6.39e+04 -8.01e+04 -1.186e+05 -1.477e+05 -2.284e+04 -3.226e+04 -6.8e+04 -1.138e+05 -4.924e+04 -1.973e+04
 -1.152e+05 -1.665e+05 -2.125e+05 -1.873e+05 -7.941e+04 -1.059e+05 -1.42e+05 -2.266e+05 -1.61e+05 -4.138e+04
 -1.095e+05 -1.406e+05 -2.142e+05 -1.722e+05 -6.415e+04 -5.942e+04 -1.133e+05 -1.916e+05 -3.506e+04 -1.059e+05
 -1.028e+05 -1.258e+05 -1.46e+05 -1.46e+05 -5.649e+04 -8.007e+04 -1.065e+05 -1.681e+05 -7.208e+04 -7.222e+04
 -5.788e+04 -1.074e+05 -1.392e+05 -9.666e+04 -1.079e+05 -9.613e+04 -1.266e+05 -1.766e+05 -1.214e+05 -2.073e+04
 -1.462e+05 -1.116e+05 -1.426e+05 -9.888e+04 -1.698e+05 -2.054e+05 -2.021e+05 -1.826e+05 -1.485e+05 -6.096e+04
 -2.187e+05 -1.102e+05 -1.727e+05 -1.31e+05 -1.572e+05 -2.078e+05 -2.314e+05 -1.646e+05 -1.888e+05 -7.859e+04
 -1.99e+05 -1.456e+05 -1.585e+05 -1.152e+05 -1.113e+05 -1.981e+05 -1.735e+05 -1.552e+05 -1.868e+05 -5.378e+04
 -9.308e+04 -1.182e+05 -8.385e+04 -6.967e+04 -8.275e+04 -9.927e+04 -1.862e+05 -7.863e+04 -1.179e+05 -6.577e+04
 -1820 -7.67e+04 -1.332e+04 -6.099e+04 -2.589e+04 -5.889e+04 -1.02e+05 -5.394e+04 -8.36e+04 -5.193e+04
