# Created by Octave 5.2.0, Thu Sep 24 23:53:21 2020 CEST <jiwidi@land>
# name: w
# type: matrix
# rows: 197
# columns: 10
 -3.5e+06 -3e+06 -3.2e+06 -3.4e+06 -3.1e+06 -2.6e+06 -3e+06 -3.1e+06 -4.6e+06 -3e+06
 0 0 0 0 0 0 0 0 0 0
 0 0 0 0 0 0 0 0 0 0
 -1e+05 0 -2e+05 0 -1e+05 1e+05 0 0 -1e+05 0
 -1.38e+05 -1.69e+05 -3.53e+05 -8.4e+04 -1.53e+05 0 -6.9e+04 3.69e+05 -1.38e+05 -1.23e+05
 -1e+05 -2.77e+05 -4.6e+04 -2.46e+05 -4.6e+04 -2e+05 -2e+05 4.85e+05 -2e+05 -2.62e+05
 -5.54e+05 -7e+05 -3.306e+05 -3.54e+05 -1.75e+05 -7.404e+05 -5.617e+05 -4.6e+04 -7.16e+05 -1.041e+06
 -7.92e+05 -7.23e+05 -3.781e+05 -8.84e+05 -8e+05 -9.54e+05 -9.77e+05 -6.979e+05 -2.16e+05 -6.39e+05
 -8.613e+05 -1.3e+06 -1.122e+06 -1.085e+06 -1.209e+06 -1.004e+06 -1.039e+06 -1.27e+06 -4.11e+05 -2.99e+05
 -1.076e+06 -9.61e+05 -1.022e+06 -9.11e+05 -1.869e+06 -1.352e+06 -1.085e+06 -1.577e+06 -5.9e+05 -6.776e+05
 -9.68e+05 -6.22e+05 -7.53e+05 -1.045e+06 -1.36e+06 -8.22e+05 -7.82e+05 -7.7e+05 -7.85e+05 -6.45e+05
 -8.7e+05 -5.03e+05 -1.007e+06 -8.39e+05 -4e+05 -6.7e+05 -7.09e+05 -1.087e+06 -4.59e+05 -1.193e+06
 -5.087e+05 9.2e+04 -6.62e+05 -6.7e+05 -2.62e+05 3.157e+05 -7.15e+05 -6.1e+04 -6.777e+05 -6.93e+05
 -3e+05 0 -3e+05 -6e+05 -6.2e+04 4.46e+05 -3.46e+05 -3.38e+05 -6e+05 -2e+05
 -1e+05 0 0 0 0 1e+05 0 0 -1e+05 0
 0 0 0 0 0 0 0 6.2e+04 0 -6.2e+04
 -1.2e+04 0 -5.8e+04 -1.2e+04 -1.2e+04 1.2e+04 -1.2e+04 1.34e+05 -1e+05 -1.2e+04
 -2.82e+05 -1.35e+05 -2.839e+05 -8.2e+04 -2.825e+05 -1.594e+04 -2.79e+05 5.339e+04 -4.301e+05 -2.829e+05
 -4.808e+05 -5.041e+05 -6.983e+05 -3.892e+05 -6.114e+05 -2.564e+05 -6.12e+05 2.599e+05 -6.619e+05 -7.418e+05
 -1.049e+06 -1.3e+06 -1.32e+06 -6.112e+05 -6.987e+05 -6.033e+05 -1.513e+06 -2.272e+05 -9.35e+05 -1.97e+06
 -1.477e+06 -1.894e+06 -1.469e+06 -1.204e+06 -1.528e+06 -1.4e+06 -1.998e+06 -6.967e+05 -1.407e+06 -1.673e+06
 -1.814e+06 -2.696e+06 -1.884e+06 -2.004e+06 -2.262e+06 -2.192e+06 -2.506e+06 -1.268e+06 -2.318e+06 -1.618e+06
 -2.163e+06 -2.715e+06 -2.034e+06 -2.198e+06 -3.335e+06 -2.694e+06 -2.29e+06 -1.703e+06 -1.983e+06 -1.356e+06
 -2.038e+06 -2.534e+06 -2.471e+06 -2.256e+06 -3.761e+06 -2.163e+06 -2.291e+06 -1.718e+06 -1.793e+06 -1.249e+06
 -2.211e+06 -2.229e+06 -2.299e+06 -2.243e+06 -2.982e+06 -1.964e+06 -2.375e+06 -1.846e+06 -1.853e+06 -1.571e+06
 -1.855e+06 -1.999e+06 -1.987e+06 -2.336e+06 -1.331e+06 -1.665e+06 -1.894e+06 -7.289e+05 -1.763e+06 -2.128e+06
 -1.362e+06 -1.176e+06 -1.635e+06 -1.33e+06 -8.698e+05 -4.971e+05 -1.635e+06 -9.955e+05 -2.023e+06 -1.818e+06
 -5.415e+05 -2.33e+05 -6.046e+05 -8.53e+04 -2.38e+05 3.963e+05 -3.873e+05 -2.871e+05 -1.058e+06 -5.388e+05
 -2.13e+05 -1.7e+04 0 -1.31e+05 -1e+05 3.61e+05 -1e+05 0 -1.67e+05 -1e+05
 0 0 0 0 0 0 0 0 0 0
 -8.6e+04 0 -2.887e+04 -8.6e+04 -8.647e+04 -1.522e+04 -1.86e+05 -4.047e+04 -2.022e+05 -8.619e+04
 -2.44e+05 -1.409e+05 -3.121e+05 -1.527e+05 -5.144e+05 -2.413e+05 -3.554e+05 -1.02e+04 -6.671e+04 -5.53e+05
 -7.953e+05 -7.757e+05 -1.05e+06 -5.071e+05 -1.164e+06 -6.1e+05 -1.193e+06 -2.953e+05 -7.507e+05 -1.313e+06
 -1.43e+06 -1.789e+06 -7.512e+05 -1.174e+06 -1.09e+06 -1.345e+06 -1.766e+06 -7.998e+05 -1.235e+06 -1.421e+06
 -1.445e+06 -2.27e+06 -1.819e+06 -1.797e+06 -1.87e+06 -1.718e+06 -2.083e+06 -1.24e+06 -1.424e+06 -1.086e+06
 -1.152e+06 -1.784e+06 -1.571e+06 -1.218e+06 -1.542e+06 -1.44e+06 -1.305e+06 -8.148e+05 -1.292e+06 -1.599e+06
 -9.673e+05 -1.061e+06 -9.988e+05 -1.038e+06 -1.745e+06 -9.869e+05 -1.224e+06 -5.963e+05 -8.739e+05 -1.497e+06
 -1.026e+06 -8.933e+05 -1.226e+06 -1.34e+06 -2.017e+06 -1.185e+06 -1.44e+06 -9.237e+05 -1.952e+06 -2.061e+06
 -1.452e+06 -1.626e+06 -1.852e+06 -1.87e+06 -1.693e+06 -1.897e+06 -2.102e+06 -1.764e+06 -1.68e+06 -2.33e+06
 -1.566e+06 -1.702e+06 -1.762e+06 -2.003e+06 -1.054e+06 -2.533e+06 -2.276e+06 -8.937e+05 -1.752e+06 -1.883e+06
 -1.317e+06 -1.641e+06 -1.625e+06 -8.318e+05 -9.633e+05 -1.093e+06 -1.609e+06 -5.929e+05 -1.21e+06 -1.729e+06
 -4.585e+05 -5.825e+05 -5.105e+05 1.198e+05 -9.44e+05 -1.193e+05 -5.304e+05 -3.825e+05 -4.16e+05 -4.29e+05
 -3.84e+05 -9.9e+04 -9.9e+04 -5.3e+04 -2.3e+05 2.92e+05 -1.53e+05 -7.6e+04 -6.1e+04 -1.22e+05
 0 0 2e+05 0 0 0 0 0 -2e+05 0
 -2.91e+04 0 1.231e+05 -3.002e+04 -3.002e+04 -1.602e+04 -3.002e+04 1.598e+04 -2e+05 1.598e+04
 -5.389e+05 -4.491e+05 -4.156e+05 -8.053e+05 -7.136e+05 -1.953e+05 -6.972e+05 4980 -2.767e+05 -6.605e+05
 -1.138e+06 -1.683e+06 -7.219e+05 -1.532e+06 -1.197e+06 -8.294e+05 -1.5e+06 -4.538e+05 -1.011e+06 -1.48e+06
 -1.353e+06 -2.056e+06 -6.004e+05 -1.833e+06 -9.279e+05 -1.36e+06 -1.586e+06 -1.313e+06 -1.519e+06 -1.032e+06
 -1.214e+06 -1.78e+06 -7.512e+05 -1.675e+06 -5.688e+05 -1.088e+06 -1.341e+06 -9.166e+05 -1.225e+06 -9.677e+05
 -7.419e+05 -1.276e+06 -8.829e+05 -1.631e+06 -1.028e+06 -1.412e+05 -5.85e+05 -5.722e+05 -6.354e+05 -6.666e+05
 -2.584e+05 -8.082e+05 -8.617e+05 -1.283e+06 -1.206e+06 7.594e+04 -9.553e+05 -1.076e+06 -1.492e+06 -7.467e+05
 -6.958e+05 -5.944e+05 -1.301e+06 -9.872e+05 -1.283e+06 -9.393e+05 -1.157e+06 -4.802e+05 -1.191e+06 -1.282e+06
 -1.271e+06 -1.12e+06 -1.915e+06 -1.774e+06 -1.246e+06 -1.907e+06 -2.185e+06 -1.265e+06 -1.69e+06 -1.8e+06
 -1.188e+06 -1.944e+06 -2.011e+06 -1.458e+06 -1.719e+06 -2.016e+06 -2.702e+06 -1.173e+06 -1.669e+06 -1.388e+06
 -1.377e+06 -1.532e+06 -1.446e+06 -7.362e+05 -1.274e+06 -1.631e+06 -1.778e+06 -1.267e+06 -4.13e+05 -7.014e+05
 -1.421e+05 -4.646e+05 -4.735e+05 5.649e+05 -8.127e+05 -5.263e+05 -4.717e+05 -2.91e+05 -3.008e+05 -3.704e+05
 -4.1e+04 -2.58e+05 -1.58e+05 2e+05 -2.44e+05 -1.43e+05 -1.16e+05 -2e+05 -1.14e+05 -1.58e+05
 -1e+05 -1e+05 1e+05 0 0 0 0 0 0 0
 0 -1e+05 3.29e+05 -1.022e+05 -6.616e+04 -1.46e+05 -9.808e+04 2.29e+04 -1.839e+05 4.199e+04
 -7.151e+05 -7.861e+05 -1.033e+06 -1.329e+06 -7.181e+05 -6.594e+04 -7.789e+05 -5.99e+05 -2.961e+05 -3.774e+05
 -1.236e+06 -1.864e+06 -1.524e+06 -2.644e+06 -1.71e+06 -8.813e+05 -1.883e+06 -1.605e+06 -9.428e+05 -5.787e+05
 -1.521e+06 -1.877e+06 -9.483e+05 -2.557e+06 -7.664e+05 -1.062e+06 -1.706e+06 -1.428e+06 -1.215e+06 -1.237e+06
 -1.57e+06 -1.426e+06 -9.24e+05 -1.875e+06 -1.295e+06 -4.679e+05 -1.233e+06 -1.711e+06 -8.646e+05 -6.961e+05
 -1.098e+06 -1.145e+06 -1.009e+06 -1.233e+06 -1.391e+06 -8.928e+04 -7.508e+05 -1.657e+06 -7.078e+05 -3.4e+05
 -9.078e+05 -8.481e+05 -1.033e+06 -5.299e+05 -1.502e+06 -8.119e+05 -6.427e+05 -1.594e+06 -5.794e+05 1211
 -1.354e+06 -6.081e+05 -1.349e+06 -1.23e+06 -1.244e+06 -2.14e+06 -1.83e+06 -1.138e+06 -1.984e+06 -8.796e+05
 -1.328e+06 -1.53e+06 -1.866e+06 -1.458e+06 -1.305e+06 -2.853e+06 -2.315e+06 -1.449e+06 -1.933e+06 -1.436e+06
 -1.123e+06 -1.551e+06 -1.058e+06 -1.326e+06 -1.276e+06 -1.982e+06 -1.861e+06 -1.145e+06 -1.044e+06 -1.025e+06
 -3.82e+05 -8.646e+05 -7.425e+05 -2.721e+05 -7.805e+05 -1.33e+06 -1.429e+06 -8.165e+05 -6.619e+05 -4.094e+05
 2.501e+05 -4.009e+05 -2.03e+05 -5.534e+04 -3.933e+05 -6.549e+05 -3.199e+05 -4.009e+05 -3.572e+05 -2.009e+05
 2.84e+05 -1.29e+05 -2.9e+04 -7e+04 -1.5e+04 -3.99e+05 -9.9e+04 -1.29e+05 -3e+04 -1.5e+04
 -2.3e+04 -2.3e+04 2.3e+04 0 0 0 0 0 0 0
 9.98e+04 -2.008e+05 2.12e+04 -1.982e+05 1.231e+05 -7.685e+04 -1.237e+05 -1.428e+05 -2.475e+04 -2.578e+05
 -6.39e+05 -8.01e+05 -1.186e+06 -1.477e+06 -2.284e+05 -3.226e+05 -6.8e+05 -1.138e+06 -4.924e+05 -1.973e+05
 -1.152e+06 -1.665e+06 -2.125e+06 -1.873e+06 -7.941e+05 -1.059e+06 -1.42e+06 -2.266e+06 -1.61e+06 -4.138e+05
 -1.095e+06 -1.406e+06 -2.142e+06 -1.722e+06 -6.415e+05 -5.942e+05 -1.133e+06 -1.916e+06 -3.506e+05 -1.059e+06
 -1.028e+06 -1.258e+06 -1.46e+06 -1.46e+06 -5.649e+05 -8.007e+05 -1.065e+06 -1.681e+06 -7.208e+05 -7.222e+05
 -5.788e+05 -1.074e+06 -1.392e+06 -9.666e+05 -1.079e+06 -9.613e+05 -1.266e+06 -1.766e+06 -1.214e+06 -2.073e+05
 -1.462e+06 -1.116e+06 -1.426e+06 -9.888e+05 -1.698e+06 -2.054e+06 -2.021e+06 -1.826e+06 -1.485e+06 -6.096e+05
 -2.187e+06 -1.102e+06 -1.727e+06 -1.31e+06 -1.572e+06 -2.078e+06 -2.314e+06 -1.646e+06 -1.888e+06 -7.859e+05
 -1.99e+06 -1.456e+06 -1.585e+06 -1.152e+06 -1.113e+06 -1.981e+06 -1.735e+06 -1.552e+06 -1.868e+06 -5.378e+05
