# Created by Octave 5.2.0, Thu Sep 24 23:52:37 2020 CEST <jiwidi@land>
# name: w
# type: matrix
# rows: 197
# columns: 10
 -590 -480 -520 -540 -500 -440 -510 -490 -710 -510
 0 0 0 0 0 0 0 0 0 0
 0 0 0 0 0 0 0 0 0 0
 -10 0 -30 0 -20 30 -10 0 -20 -10
 -13.8 -28.4 -42.2 -8.4 -22.2 12.3 -13.8 61.5 -22.2 -35.3
 -10 -52.3 5.4 -23.83 -4.6 -34.6 -30 82.3 -33.07 -42.3
 -84.6 -80 -15.36 -21 21.7 -74.77 -56.17 45.4 -30.8 -111.6
 -88.5 -132.3 -53.11 -110.1 -87 -141.1 -97.7 -99.7 6.2 -52.59
 -162.4 -217.8 -163 -148.4 -180.9 -165.4 -133.9 -195.4 -99.3 -48.47
 -191.6 -134 -150.9 -135.9 -247 -203.8 -187 -239.3 -120.3 -83
 -187.5 -103.1 -115 -139.4 -196 -166.3 -126.1 -156.1 -111.4 -116
 -132.3 -54.93 -119.1 -127.3 -129.3 -111.4 -115.4 -152.6 -65.1 -134
 -55.5 -4.5 -104.7 -84 -39.3 5.4 -43 -30.6 -118.6 -106.3
 -55.4 0 -50 -70.8 6.9 58.5 -74.6 -50 -104.6 -36.1
 0 0 0 0 0 0 0 0 0 0
 0 0 -6.2 -6.2 0 0 0 12.4 0 -12.4
 -1.2 0 -4.48 -11.2 0 2.4 -1.32 13.4 -10 -2.4
 -28.2 -17.75 -20.33 -27.95 -30.05 16.86 -57.6 29.08 -49.21 -36.44
 -63.27 -68.24 -51.31 -23.31 -61.14 -34.94 -81.39 41.48 -73.65 -105
 -169.8 -177.8 -135.2 -100.8 -97.36 -126 -208.2 -56.93 -150.6 -225.3
 -228.6 -319.1 -245.2 -226.7 -259.5 -254.9 -262.7 -142.4 -281.9 -243
 -262.1 -401.8 -307.4 -243.3 -336.1 -338.1 -312.6 -229.4 -317.5 -253.9
 -354.8 -433.3 -325.5 -314.3 -481.3 -381.2 -376.7 -286.5 -310.7 -223.2
 -345.1 -417.7 -406.9 -344.4 -524.5 -341.3 -341.6 -281.8 -272 -214.4
 -417.7 -334.5 -371.3 -358.6 -444.7 -363.4 -393 -298.5 -351.2 -292.9
 -300 -304.5 -271.6 -344.6 -242.9 -264.9 -325 -176.5 -253.1 -351.6
 -217.2 -177.2 -238.9 -259 -136.5 -109.8 -228.8 -134.5 -265.7 -235
 -109.2 -49.66 -132.5 -61.69 -21.07 52.11 -147.5 -50.07 -163.6 -91.89
 -24.6 -17.7 -10 -27.7 -27.6 47.6 -39.9 10 -30 -30
 0 0 0 0 0 0 0 0 0 0
 -8.6 -0.047 25.53 -28.65 -0.047 -2.847 -38.6 5.878 -30.16 -17.17
 -28.36 -39.79 -22.6 -22.66 -51.2 -20.16 -53.09 -0.52 -22.78 -69.76
 -100.4 -121.7 -98.54 -75.16 -122.6 -85.56 -139.9 -71.41 -59.2 -198.9
 -210.2 -277.3 -166.4 -219.3 -202.5 -252.5 -281.1 -213.6 -255.1 -204.5
 -261.5 -325.4 -332.3 -243.1 -291.6 -306.2 -298 -301.7 -284 -216.6
 -220.3 -278.3 -276.4 -190.2 -254.5 -246.7 -252.9 -174.9 -193.8 -242.9
 -140.9 -206.5 -205.1 -193.8 -248.1 -153.3 -217.7 -140.3 -134.1 -210.9
 -115.2 -154.7 -206 -210.1 -273.3 -158.9 -197.9 -161.4 -289.7 -255.5
 -227 -252.8 -308.6 -341.7 -271 -305.7 -339.9 -280.5 -272.2 -313.1
 -222.4 -313.5 -266 -302.2 -258.4 -376.7 -389.9 -220 -261.6 -318.4
 -154.1 -222 -250.5 -123.3 -156 -181.3 -234.5 -122.3 -134.6 -198.8
 -85.17 -78.25 -133.6 0.91 -87.73 4.518 -85 -43.65 -36.4 -65.2
 -56 -17 -16.2 -11.2 -35.3 21.6 -27 -7 -4.2 -32.2
 0 0 10 0 0 0 0 0 -10 0
 -2.887 0 5.31 -3.005 -0.0023 6 -3.023 -3.002 -14.6 -1.4
 -65.37 -64.75 -70.84 -102.1 -62.46 -22.59 -60.96 5.167 -31.46 -99.23
 -141.9 -231.4 -114.5 -251.4 -181.1 -135.1 -218.4 -113.8 -148.3 -188.2
 -262.4 -315.9 -180.6 -283.6 -168.4 -218.3 -257.3 -224.1 -260.3 -176.7
 -199.4 -252.4 -171.6 -243 -118.9 -180.7 -215.4 -157.8 -160.1 -164
 -141.5 -199.2 -122.7 -235.5 -144 -62.89 -114.6 -110.9 -113.6 -127.5
 -45.57 -117.1 -102.7 -216.3 -170.4 -13.02 -141 -152.2 -218.8 -84.06
 -116.2 -104.4 -206.9 -144.2 -218.7 -162.5 -196.7 -128.6 -212.8 -159.2
 -238.5 -232.8 -311.7 -282.9 -253 -300 -355 -231.3 -296 -291.5
 -191.5 -324.9 -283.6 -234.1 -321.2 -334 -393.9 -256.3 -266.9 -242.8
 -173.4 -180.4 -182.8 -112.2 -151.8 -221.8 -231.5 -186.4 -80.48 -132.4
 -21.26 -76.35 -103 54.3 -59.64 -45.98 -59.57 -22.17 -31.5 -81.09
 -22.4 -35.8 -14.4 28.3 -35.8 5.7 -21.6 -15.8 -7.2 -25.8
 -10 -10 30 0 0 -10 0 0 -20 0
 2.25 -10 41.25 -10.44 -0.0156 -24.53 -9.8 0.7396 -28.98 4.408
 -93.62 -97.79 -125.6 -177.5 -87.14 0.797 -103.5 -86.99 -51.57 -51.29
 -197.3 -250.3 -215.7 -358.8 -227.9 -137.2 -244.5 -241.9 -199 -129.9
 -250.7 -320.2 -206.6 -333.8 -175 -174.4 -293.6 -218.2 -211.7 -221.9
 -201.4 -208.9 -117.4 -261.8 -174.9 -123 -209.7 -252.7 -154.9 -119.1
 -143.8 -177.7 -128.7 -203.6 -199.7 -65.55 -155.2 -227.8 -117.7 -84.74
 -185.5 -142.6 -143.3 -149.1 -200.2 -124.5 -129.6 -218 -128.8 -62.68
 -262.1 -175.5 -240 -194.2 -232.5 -345.8 -287.8 -229.6 -326.7 -192.3
 -254 -292.1 -327.3 -231.2 -250.3 -436.3 -382.7 -288 -313.2 -286.5
 -142.2 -191.6 -193.8 -212.3 -216.6 -258.2 -280.6 -182.4 -165.2 -158.4
 -27.6 -115.8 -123.8 -54.49 -91.61 -175.1 -171.5 -100.4 -104.4 -68.71
 61.71 -44.69 -9.72 -0.5135 -46.6 -82.31 -40.29 -30.09 -44.14 -8.49
 29.9 -3 -2.9 3 -21.4 -41.4 -9.9 -11.4 -1.5 0
 -2.3 -2.3 6.9 0 0 -2.3 0 0 -4.6 0
 9.938 -15.47 -0.307 -42.58 6.13 -21.77 -32.36 -22.17 -32.48 -18.81
 -74.14 -137.6 -186.7 -180.6 -29.63 -42.36 -71.44 -135.9 -86.7 -100.1
 -144.2 -232.4 -297.9 -233.7 -106 -110.5 -196.7 -283.9 -197.5 -81.21
 -161.7 -222.2 -297.2 -272 -142 -146.2 -170 -277.4 -93.52 -182.3
 -162.3 -203.4 -243.8 -240 -95.03 -151.8 -175.5 -269.1 -98.11 -157
 -147.4 -201.4 -255.2 -185.6 -122.5 -126.9 -200.2 -245.3 -156.1 -93.41
 -283.3 -206.1 -282.7 -209.4 -250 -279 -353.5 -318 -281.2 -168.5
 -337.4 -267.8 -335.3 -279.1 -275.4 -299.9 -372.9 -265.8 -350.6 -231.5
 -241.2 -229 -190 -170.9 -182.7 -234.5 -276.5 -215.3 -261.6 -155.7
 -90.56 -130.4 -136.6 -124.9 -100.7 -134.5 -209.6 -126.7 -163.5 -97.44
 6.31 -91.1 -42.17 -70.56 -25.54 -119.4 -138.4 -80.92 -111.3 -45.16
 65.54 -20.21 -25.16 -32.97 -37.51 -59.5 -44.66 -30.05 -19.88 -20.06
 35.74 0 0 -0.17 0 -27.87 -7.7 0 0 0
 26.9 -12.3 -22.3 0 4.6 -10 -29.2 -20 -12.3 -12.3
 -4.063 -34.27 -95.02 -66.97 6.443 10.15 -24.67 -56.91 -55.27 -15.57
 -31.5 -108.2 -183.9 -156.2 -42.89 18.51 -86.24 -131.9 -172.2 -108.1
 -142.8 -202.4 -241 -163.3 -91.82 -114.7 -121.9 -210 -210.7 -144.2
 -134.1 -229.8 -302.3 -247.8 -101.6 -75.89 -208.7 -232 -233.5 -219
 -239.8 -290.5 -351.7 -244.4 -225.2 -167.8 -250.2 -344.4 -189.7 -218.4
 -365.4 -294.4 -309.9 -274.7 -289.4 -220.7 -369.4 -338.4 -266.3 -252.4
 -421.7 -304.3 -375.5 -255.5 -294.6 -321.3 -390.2 -313.4 -277.7 -362.1
 -309.7 -166.8 -255 -192.9 -196.3 -273 -297.3 -266.6 -177.6 -245.5
 -172.1 -163 -109.6 -100.1 -128.9 -134.1 -154.1 -149.1 -242.6 -114.2
 -118.2 -104.5 -39.55 -119.4 -32.63 -92.34 -118.7 -81.03 -181.6 -127.3
 6.555 -81.19 -59.32 -44.19 -23.23 -142.1 -91.17 -70.82 -108.3 -88.92
 55.9 -20 -51.2 -3.8 -32.41 -76.78 -34.9 -31.3 -20 -20.01
 5.37 0 0 -2.3 0 -2.3 -0.77 0 0 0
 10 -20 -40 0 30 -10 -20 -20 -20 -30
 30.83 -52.63 -112.7 -55.82 18.49 -94.9 -15.73 -74.9 -77.33 -42.61
 -49.34 -112.2 -54.79 -103.4 -25.78 -104.4 -83.51 -86.32 -158.2 -115.6
 -97.69 -143.7 -122.6 -107.8 -92.43 -103.8 -113 -152.7 -247.6 -143.8
 -170.4 -272 -199.4 -241.8 -150.2 -164.2 -156.4 -249 -126.8 -210.6
 -276.5 -212.2 -203.9 -229.9 -188 -177 -250.7 -257 -191.4 -226.1
 -338.1 -232.5 -296.3 -250.1 -274.6 -300.6 -333.2 -309.1 -178.7 -361
 -284.7 -223.7 -319.3 -219.9 -285 -273.8 -313.5 -253.7 -242.9 -279.5
 -263 -140.3 -219.1 -176 -192 -195.3 -178.7 -214.6 -148.4 -180.1
 -170.7 -117.3 -157.4 -121.8 -90.48 -96.2 -67.15 -149.3 -195.4 -105.6
 -110.8 -135.1 -133.1 -81.18 -65.62 -126.2 -84 -118.8 -186.1 -168.2
 22.34 -66.79 -122.7 -52.7 -48.29 -115 -38.2 -84.53 -108.4 -120.6
 54.8 -29.78 -99.29 10.35 -30.57 -75.37 -21.13 -39.78 -19.85 -19.79
 4.8 0 -4.8 0 0 0 0 0 0 0
 40 -13.8 -43.8 13.4 -16.9 -26.9 -10 -16.9 -16.5 0
 24.24 -74.29 -48.02 -61.51 -86.77 -141.6 -47.71 -72.81 -77 -64.05
 18.14 -57.28 -18.24 -95.39 -29.53 -155.7 -27.63 -79.68 -18.7 -52.51
 -66.93 -121.5 -55.11 -214.3 -78.53 -213.8 -33.78 -135.9 -30.46 -163.8
 -165.8 -135.4 -100.8 -291.3 -120.9 -266.3 -111 -202.5 -73.87 -206.7
 -230.7 -146.8 -197 -252.4 -164.2 -280.2 -164.1 -227.4 -82.54 -200.6
 -265.8 -173.4 -200.5 -250.4 -166.5 -311.8 -227.3 -243.2 -152.9 -222.8
 -315.5 -209 -138.8 -268.5 -179.4 -230.5 -187.2 -225.9 -228.5 -246.4
 -258.1 -203.4 -170.7 -188.5 -208.3 -227.7 -105.3 -198.1 -166.9 -171.1
 -158.8 -180.3 -145.9 -162.3 -162.4 -168 -154 -153.5 -142.6 -257.2
 -117.7 -141 -232.8 -108.5 -113.3 -102.7 -60.37 -136.4 -139.1 -166.3
 -60.13 -89.49 -162.9 -26.89 -157.6 -100.8 -48.6 -106 -159.9 -141.4
 -8.375 -48.6 -71.6 -5.275 -64.5 -74.75 -16.08 -33.77 -61.3 -40.15
