# Created by Octave 5.2.0, Thu Sep 24 23:53:14 2020 CEST <jiwidi@land>
# name: w
# type: matrix
# rows: 197
# columns: 10
 -2.28e+05 -2.02e+05 -2.11e+05 -2.25e+05 -2.19e+05 -1.91e+05 -2.1e+05 -2.04e+05 -2.8e+05 -2.16e+05
 0 0 0 0 0 0 0 0 0 0
 0 0 0 0 0 0 0 0 0 0
 -2000 -2082 -6000 -3000 -5000 8000 -2000 -3918 -7000 -2000
 -5220 -1.015e+04 -1.129e+04 -7220 -6600 2680 -3220 1.17e+04 -7820 -7070
 -5230 -1.523e+04 -1540 -1.415e+04 -4920 -9230 -8460 1.8e+04 -9767 -1.562e+04
 -1.779e+04 -2.402e+04 -1.262e+04 -1.372e+04 -5750 -2.509e+04 -1.595e+04 8043 -1.37e+04 -3.456e+04
 -3.09e+04 -3.811e+04 -2.756e+04 -3.755e+04 -3.379e+04 -4.704e+04 -3.708e+04 -3.201e+04 -1.921e+04 -2.58e+04
 -5.676e+04 -5.937e+04 -5.936e+04 -5.051e+04 -6.231e+04 -6.068e+04 -5.232e+04 -6.95e+04 -4.389e+04 -1.544e+04
 -6.743e+04 -4.094e+04 -6.624e+04 -5.002e+04 -7.93e+04 -6.714e+04 -6.63e+04 -8.755e+04 -5.022e+04 -3.09e+04
 -7.136e+04 -6.042e+04 -5.847e+04 -6.42e+04 -7.881e+04 -7.315e+04 -5.937e+04 -5.894e+04 -5.858e+04 -5.281e+04
 -5.701e+04 -4.923e+04 -5.54e+04 -5.645e+04 -4.769e+04 -5.573e+04 -5.666e+04 -6.387e+04 -4.635e+04 -6.069e+04
 -3.317e+04 -1.204e+04 -3.779e+04 -2.66e+04 -2.042e+04 -1.206e+04 -2.951e+04 -1.589e+04 -4.375e+04 -4.145e+04
 -1.985e+04 -3683 -2.477e+04 -2.393e+04 -8167 1.262e+04 -2.438e+04 -1.807e+04 -2.261e+04 -1.253e+04
 -1000 0 -1000 -1000 -1000 1000 -1000 -1000 -1000 -1000
 0 0 -1240 -2480 -620 -620 0 3100 0 -3100
 -240 -1072 -1555 -4712 -1592 348 -265 4848 -1012 -1980
 -1.165e+04 -1.211e+04 -9353 -1.161e+04 -1.285e+04 1449 -1.253e+04 4953 -1.811e+04 -1.19e+04
 -2.598e+04 -3.055e+04 -2.402e+04 -1.746e+04 -2.36e+04 -1.138e+04 -2.532e+04 3459 -3.032e+04 -3.328e+04
 -6.046e+04 -7.416e+04 -5.607e+04 -4.264e+04 -4.384e+04 -4.721e+04 -7.662e+04 -3.558e+04 -5.207e+04 -8.437e+04
 -9.504e+04 -1.182e+05 -9.721e+04 -8.688e+04 -9.044e+04 -9.687e+04 -9.946e+04 -5.22e+04 -9.491e+04 -1.03e+05
 -1.125e+05 -1.451e+05 -1.15e+05 -1.043e+05 -1.248e+05 -1.252e+05 -1.221e+05 -8.392e+04 -1.232e+05 -9.77e+04
 -1.382e+05 -1.615e+05 -1.326e+05 -1.267e+05 -1.771e+05 -1.422e+05 -1.468e+05 -1.177e+05 -1.328e+05 -9.324e+04
 -1.309e+05 -1.525e+05 -1.556e+05 -1.364e+05 -1.899e+05 -1.45e+05 -1.437e+05 -1.202e+05 -1.231e+05 -9.347e+04
 -1.462e+05 -1.449e+05 -1.497e+05 -1.47e+05 -1.715e+05 -1.398e+05 -1.569e+05 -1.167e+05 -1.438e+05 -1.224e+05
 -1.219e+05 -1.204e+05 -1.193e+05 -1.341e+05 -1.119e+05 -1.151e+05 -1.29e+05 -9.165e+04 -1.19e+05 -1.297e+05
 -8.439e+04 -7.763e+04 -9.376e+04 -8.62e+04 -5.816e+04 -5.433e+04 -9.172e+04 -6.641e+04 -1.011e+05 -9.565e+04
 -4.18e+04 -2.409e+04 -4.113e+04 -2.588e+04 -2.561e+04 1.183e+04 -3.865e+04 -2.659e+04 -4.748e+04 -3.712e+04
 -6250 -4000 -9170 -1.083e+04 -7620 1.131e+04 -4660 250 -6110 -8430
 -2000 -1000 -2000 2000 0 -2000 0 0 0 -2000
 -6745 -4352 2749 -6185 -4365 -4474 -8783 681.2 -7077 -8032
 -1.607e+04 -1.758e+04 -1.375e+04 -2.014e+04 -2.091e+04 -1.568e+04 -2.197e+04 -6018 -1.267e+04 -2.299e+04
 -4.855e+04 -4.854e+04 -4.252e+04 -3.17e+04 -5.261e+04 -3.965e+04 -5.43e+04 -2.244e+04 -3.181e+04 -6.02e+04
 -9.09e+04 -1.091e+05 -7.508e+04 -8.833e+04 -8.282e+04 -9.816e+04 -1.079e+05 -8.207e+04 -9.188e+04 -8.797e+04
 -1.014e+05 -1.267e+05 -1.134e+05 -1.064e+05 -1.154e+05 -1.11e+05 -1.131e+05 -9.765e+04 -9.336e+04 -9.423e+04
 -8.733e+04 -1.062e+05 -9.402e+04 -8.053e+04 -9.813e+04 -8.882e+04 -9.186e+04 -6.23e+04 -8.053e+04 -1.038e+05
 -7.192e+04 -7.488e+04 -7.422e+04 -7.9e+04 -9.751e+04 -6.98e+04 -8.666e+04 -6.341e+04 -6.57e+04 -9.267e+04
 -5.982e+04 -7.195e+04 -8.18e+04 -8.234e+04 -1.076e+05 -7.93e+04 -9.424e+04 -6.786e+04 -9.951e+04 -1.091e+05
 -1.01e+05 -1.149e+05 -1.303e+05 -1.377e+05 -1.183e+05 -1.285e+05 -1.318e+05 -1.186e+05 -1.088e+05 -1.344e+05
 -1.127e+05 -1.306e+05 -1.204e+05 -1.28e+05 -1.029e+05 -1.376e+05 -1.417e+05 -1.039e+05 -1.175e+05 -1.345e+05
 -7.068e+04 -7.88e+04 -9.051e+04 -5.333e+04 -6.572e+04 -6.485e+04 -8.644e+04 -5.428e+04 -5.578e+04 -7.28e+04
 -3.079e+04 -2.717e+04 -3.648e+04 -7593 -3.931e+04 -1.625e+04 -3.157e+04 -2.278e+04 -1.88e+04 -2.999e+04
 -1.587e+04 -7840 -5850 -7100 -8680 3410 -7150 -3860 -880 -1.152e+04
 -1000 -1000 5000 0 -2000 -1000 -3000 0 -5000 -1000
 -2325 -2120 4444 -1131 -2760 -1271 -4545 -650.2 -5919 -1320
 -2.549e+04 -2.592e+04 -2.851e+04 -3.837e+04 -2.887e+04 -1.33e+04 -2.614e+04 -1.096e+04 -1.259e+04 -2.518e+04
 -6.502e+04 -7.248e+04 -4.396e+04 -8.441e+04 -7.614e+04 -5.468e+04 -8.257e+04 -4.835e+04 -5.89e+04 -7.06e+04
 -1.009e+05 -1.174e+05 -7.54e+04 -1.055e+05 -7.64e+04 -8.29e+04 -1.016e+05 -8.512e+04 -9.035e+04 -7.957e+04
 -7.654e+04 -9.887e+04 -6.429e+04 -9.148e+04 -6.469e+04 -6.993e+04 -7.66e+04 -6.312e+04 -7.248e+04 -7.332e+04
 -5.417e+04 -6.942e+04 -5.591e+04 -8.176e+04 -6.205e+04 -3.77e+04 -5.036e+04 -5.528e+04 -6.022e+04 -5.517e+04
 -3.048e+04 -4.828e+04 -4.682e+04 -6.694e+04 -7.163e+04 -2.296e+04 -6.155e+04 -6.52e+04 -7.332e+04 -3.988e+04
 -5.756e+04 -6.889e+04 -9.101e+04 -6.874e+04 -8.883e+04 -7.349e+04 -8.731e+04 -5.601e+04 -8.464e+04 -9.455e+04
 -1.097e+05 -1.108e+05 -1.34e+05 -1.289e+05 -1.107e+05 -1.287e+05 -1.408e+05 -1.066e+05 -1.353e+05 -1.202e+05
 -9.106e+04 -1.178e+05 -1.105e+05 -1.025e+05 -1.107e+05 -1.182e+05 -1.439e+05 -9.609e+04 -1.087e+05 -1.013e+05
 -6.252e+04 -7.143e+04 -6.348e+04 -4.782e+04 -6.596e+04 -7.555e+04 -7.995e+04 -7.096e+04 -3.789e+04 -5.527e+04
 -1.782e+04 -2.808e+04 -3.358e+04 9463 -2.623e+04 -3.29e+04 -3.211e+04 -1.999e+04 -2.213e+04 -2.875e+04
 -9420 -1.291e+04 -8030 3460 -1.051e+04 -7690 -1.565e+04 -7160 -6590 -1.174e+04
 -4000 -3000 5000 -1000 -4000 -4000 -2000 -2000 -4000 -2000
 -2892 -6351 5262 -4154 -8013 -1.01e+04 -5619 -6732 -8616 -3060
 -2.761e+04 -3.337e+04 -4.104e+04 -4.948e+04 -3.375e+04 -8584 -2.965e+04 -3.04e+04 -1.59e+04 -2.107e+04
 -7.717e+04 -9.268e+04 -7.93e+04 -1.129e+05 -8.335e+04 -5.618e+04 -8.552e+04 -8.167e+04 -7.204e+04 -4.094e+04
 -8.795e+04 -1.082e+05 -7.482e+04 -1.223e+05 -7.024e+04 -6.581e+04 -9.577e+04 -8.319e+04 -8.492e+04 -9.016e+04
 -8.389e+04 -8.287e+04 -5.813e+04 -1.052e+05 -7.082e+04 -5.206e+04 -7.9e+04 -1.026e+05 -6.706e+04 -4.967e+04
 -6.014e+04 -7.164e+04 -5.872e+04 -6.893e+04 -7.526e+04 -3.649e+04 -6.684e+04 -8.987e+04 -5.283e+04 -3.591e+04
 -7.136e+04 -6.054e+04 -6.282e+04 -5.815e+04 -8.018e+04 -5.214e+04 -6.122e+04 -9.006e+04 -5.803e+04 -2.613e+04
 -1.135e+05 -8.291e+04 -1.14e+05 -9.509e+04 -1.096e+05 -1.338e+05 -1.215e+05 -1.083e+05 -1.314e+05 -9.396e+04
 -1.138e+05 -1.221e+05 -1.318e+05 -1.072e+05 -1.167e+05 -1.588e+05 -1.47e+05 -1.253e+05 -1.19e+05 -1.176e+05
 -5.695e+04 -8.577e+04 -7.666e+04 -8.163e+04 -8.615e+04 -8.982e+04 -1.036e+05 -7.782e+04 -6.669e+04 -6.484e+04
 -1.595e+04 -4.249e+04 -4.082e+04 -2.239e+04 -3.765e+04 -5.618e+04 -5.561e+04 -3.699e+04 -3.436e+04 -3.007e+04
 5790 -1.319e+04 -5742 4294 -9056 -3.139e+04 -1.496e+04 -1.038e+04 -1.533e+04 -7648
 8000 -2900 870 -3240 -3140 -1.244e+04 -4910 -3290 -2140 -3140
 -920 -690 1150 -230 -920 -920 -460 -460 -920 -460
 -188.4 -1.182e+04 -5721 -1.413e+04 97.3 -7821 -2738 -8805 -9034 -1.478e+04
 -2.703e+04 -4.864e+04 -5.341e+04 -5.61e+04 -1.201e+04 -2.843e+04 -2.99e+04 -4.071e+04 -2.653e+04 -3.102e+04
 -5.385e+04 -7.901e+04 -8.845e+04 -7.987e+04 -4.665e+04 -4.817e+04 -7.052e+04 -9.946e+04 -7.409e+04 -3.217e+04
 -8.9e+04 -9.78e+04 -1.165e+05 -1.032e+05 -6.669e+04 -6.903e+04 -7.947e+04 -1.066e+05 -6.552e+04 -7.56e+04
 -7.845e+04 -8.405e+04 -9.784e+04 -9.19e+04 -4.761e+04 -7.172e+04 -7.376e+04 -1.097e+05 -5.367e+04 -6.963e+04
 -6.015e+04 -7.321e+04 -9.407e+04 -6.588e+04 -6.08e+04 -6.586e+04 -7.826e+04 -9.743e+04 -6.625e+04 -5.065e+04
 -1.223e+05 -9.55e+04 -1.162e+05 -9.6e+04 -1.137e+05 -1.208e+05 -1.301e+05 -1.344e+05 -1.124e+05 -8.36e+04
 -1.383e+05 -1.203e+05 -1.322e+05 -1.122e+05 -1.183e+05 -1.337e+05 -1.427e+05 -1.29e+05 -1.392e+05 -1.069e+05
 -9.677e+04 -1.002e+05 -8.934e+04 -7.532e+04 -7.914e+04 -1.033e+05 -1.054e+05 -9.776e+04 -9.973e+04 -5.78e+04
 -4.069e+04 -5.112e+04 -5.847e+04 -4.429e+04 -4.835e+04 -5.653e+04 -7.808e+04 -5.248e+04 -5.188e+04 -2.481e+04
