# Created by Octave 5.2.0, Thu Sep 24 23:51:55 2020 CEST <jiwidi@land>
# name: w
# type: matrix
# rows: 197
# columns: 10
 -40 -31 -32 -38 -36 -31 -36 -32 -53 -34
 0 0 0 0 0 0 0 0 0 0
 0 0 0 0 0 0 0 0 0 0
 -1 0 -3 -1 -1 3 -1 0 -2 0
 -1.53 -3.84 -2.22 -2.07 -1.53 1.23 -1.38 3.69 -3.22 -1.38
 -1.46 -4.307 0.54 -4.003 -0.46 -3.537 -1 9.543 -2.23 -4.08
 -5.76 -8.48 -1.073 -1.26 0.48 -7.477 -5.23 2.45 -3.85 -10.17
 -4.31 -7.85 -2.69 -5.77 -7.31 -9.08 -8.77 -6.97 0.99 -5.32
 -10.46 -11.94 -11.53 -7.697 -11.46 -7.89 -10.01 -13.86 -5.88 -4
 -15.62 -6.46 -11.77 -9.789 -18.54 -10.92 -11.08 -17.87 -1.739 -5.461
 -14.68 -4.31 -7.75 -8.66 -16.14 -12.77 -8.28 -8.47 -8.45 -7.09
 -8.3 -4.69 -8.9 -6.3 -6.15 -9.33 -10.62 -11.6 -4.43 -12.78
 -6.24 -0.38 -5.85 -2.477 -2.08 1.847 -8.69 -1.44 -9.24 -9.09
 -4.77 0.08 -6 -4.77 3 4.92 -5.46 -3.77 -6 -1
 0 0 0 -1 0 1 0 0 0 0
 0 0 0 0 0 0 0 0.62 0 -0.62
 0 0 -0.46 -2.12 0 0.24 0 2.46 -1 -0.12
 -2.17 -1.77 -2.044 -3.276 -2 1.691 -1.97 2.918 -4.935 -2.369
 -6.918 -6.43 -3.978 -4.772 -4.1 -1.525 -5.12 4.558 -7.595 -8.581
 -8.707 -15.09 -11.32 -4.497 -6.859 -5.742 -15.18 -1.26 -11.05 -18.57
 -15.09 -22.13 -16.53 -14.19 -14.84 -17.65 -20.4 -3.656 -18.44 -19.4
 -16.7 -30.32 -18.82 -15.96 -22.47 -22.9 -26.42 -9.905 -22.53 -16.8
 -23.63 -29.62 -17.52 -22.83 -34.58 -26.11 -29.37 -14.57 -22.16 -14.1
 -22.07 -27.25 -28.18 -22.49 -36.72 -25.59 -26.14 -17.9 -18.77 -11.47
 -26.39 -23.6 -27.27 -26.74 -33.08 -25.7 -28.67 -18.71 -23.1 -19.01
 -21.78 -23.88 -20.71 -24.37 -16.9 -20.23 -23.25 -9.384 -21.49 -23.7
 -12.33 -11.94 -18.46 -16.86 -7.029 -7.398 -18.36 -11.77 -19.18 -17.81
 -6.797 0.2143 -8.053 -1.902 -0.18 7.227 -8.364 -3.762 -12.42 -5.877
 -1.91 0 0 -1.07 -1.17 3.15 -1 -0.91 -2 -1
 0 0 0 1 0 0 0 0 0 -1
 -1 0 1.576 -1.86 0 -0.3102 -1.018 1.448 -2.022 -1.854
 -2.74 -1.153 -0.7313 -3.685 -3.284 -1.703 -1.539 0.646 1.887 -7.002
 -8.413 -9.08 -7.68 -4.895 -11.18 -6.54 -12.23 -2.168 -2.815 -13.26
 -15.44 -19.47 -9.319 -14.12 -13.12 -15.47 -19.48 -11.97 -17.13 -15.83
 -16.37 -22.82 -21.07 -20.61 -20.68 -19.93 -21.23 -16.81 -16.58 -13.89
 -11.27 -19.13 -18.35 -17.25 -19.15 -12.89 -18.55 -8.38 -13.15 -19.04
 -10.07 -13.13 -14.17 -13.34 -19.75 -10.19 -16.18 -9.788 -8.183 -15.33
 -3.445 -10.39 -14.33 -11.17 -19.11 -9.124 -14.57 -9.62 -19.83 -17.43
 -15.7 -16.49 -17.7 -23.4 -17.73 -21.55 -21.21 -20.58 -16.55 -24
 -18.79 -20.05 -20.28 -22.15 -15.35 -27.35 -25.18 -15.35 -15.62 -22.48
 -12.71 -15.25 -20.51 -8.413 -11.72 -10.13 -16.07 -5.95 -9.206 -17.27
 -5.228 -5.82 -7.701 0.528 -8.52 0.9473 -7.601 -3.831 -3.144 -4.11
 -3.22 -0.99 -0.22 -3.45 -1.91 3.47 -3.16 -1.45 -1.61 -2.22
 0 0 2 0 0 -1 -1 0 -2 0
 0.00877 -0.00023 1.531 0.05977 -0.00023 -0.8602 -1 -0.00023 -2 0.2598
 -1.969 -4.475 -3.227 -8.966 -4.136 -1.388 -7.087 3.229 -1.886 -7.683
 -11.25 -14.42 -7.665 -18.09 -12.55 -9.676 -17.35 -7.21 -10.08 -14.12
 -16.7 -19.72 -8.835 -19.13 -10.25 -11.75 -18.72 -15.08 -14.87 -11.79
 -8.79 -21.51 -9.301 -18.27 -7.733 -10.15 -14.33 -8.7 -10.77 -12.76
 -9.55 -14.58 -9.085 -15.02 -10.14 -3.461 -8.819 -8.649 -9.435 -7.161
 -0.0275 -8.447 -6.452 -11.66 -13.31 3.008 -10.74 -11.04 -16 -5.766
 -2.74 -8.069 -12.07 -8.143 -13.41 -9.835 -14.11 -9.461 -16.85 -10.45
 -14.75 -15.69 -20.71 -19.46 -15.38 -19.81 -24.86 -13.98 -23.06 -19.44
 -14.54 -20.88 -21.35 -14.49 -19.06 -25.29 -28.19 -14.53 -22.26 -15.45
 -13.57 -14.58 -12.94 -6.633 -10.86 -16.7 -18.82 -13.5 -1.92 -8.617
 -0.7787 -6.655 -6.126 4.162 -5.23 -6.108 -7.237 -3.813 -2.197 -5.875
 -1.27 -3.44 0.56 2 -1.58 -0.43 -4.16 -2 -0.44 -2.58
 0 -1 1 0 0 0 0 0 0 0
 1.229 -2.021 3.08 -1.022 -1.001 -2.861 -2.901 0.08896 -2.359 -0.1001
 -3.381 -7.253 -9.544 -10.85 -5.82 1.754 -7.407 -6.53 -2.27 -3.696
 -14.87 -17.68 -16.54 -28.5 -17.04 -7.811 -20.09 -18.5 -13.92 -5.615
 -16.94 -18.67 -9.996 -26.77 -8.709 -9.283 -22.08 -14.6 -13.81 -13.3
 -13.98 -13.28 -6.39 -19.6 -11.52 -5.338 -13.42 -19.98 -10.34 -2.849
 -8.99 -13.61 -7.732 -11.37 -14.79 -1.73 -10.55 -17.62 -8.851 -3.546
 -11.11 -8.924 -7.72 -8.533 -14.89 -7.433 -5.861 -15.2 -9.312 -0.7226
 -19.74 -13.77 -19.86 -17.23 -17.62 -22.03 -21.18 -18.62 -22.77 -11.72
 -18.21 -19.01 -21.13 -13.03 -17.61 -32.54 -28.16 -21.84 -23.97 -18.25
 -9.528 -16.14 -12.13 -13.6 -14.34 -18.19 -21.62 -11.75 -12.38 -9.431
 -3.033 -8.723 -10.27 -3.426 -7.145 -12.97 -14.53 -7.255 -2.54 -7.216
 5.467 -3.473 -0.354 1.108 -2.829 -7.358 -4.909 -4.009 -3.01 -2.469
 2.84 -0.3 0.71 0.3 -0.15 -3.99 -1.14 -2.14 -0.15 -0.15
 0 -0.23 0.23 0 0 0 0 0 0 0
 3.514 -2.788 -0.268 -1.978 -0.5228 -0.7645 -3.226 -2.218 -2.237 -3.023
 -4.373 -8.771 -13.81 -12.77 -1.602 -1.634 -3.18 -9.56 -4.844 -5.905
 -9.367 -15.87 -23.41 -19.05 -7.841 -7.578 -16.05 -23.41 -16.85 -2.771
 -13.85 -15.6 -23 -19.26 -4.67 -9.628 -9.987 -20.57 -4.202 -11.29
 -9.43 -12.25 -17.74 -18.8 -2.902 -7.034 -8.653 -22.18 -4.749 -9.194
 -8.577 -13.54 -16.54 -10.57 -9.304 -6.847 -11.47 -19 -13.89 -2.408
 -19.89 -13.63 -20.61 -13.98 -19.53 -20.79 -24.4 -26.22 -20.26 -8.399
 -25.33 -16.89 -23.03 -14.45 -19.05 -20.88 -25.33 -20.25 -22.82 -16.95
 -18.19 -18.18 -12.99 -11.86 -11.52 -19.29 -20.38 -16.41 -18.93 -6.522
 -6.298 -11.72 -11.65 -9.928 -8.353 -10.73 -19.84 -9.013 -12 -4.311
 1.039 -5.34 -4.021 -6.012 0.2862 -7.28 -10.73 -3.103 -9.179 -4.194
 4.867 -2 -0.8873 -2.004 -1 -3.98 -4.006 -4.017 -1.988 -2.006
 2.017 0 0.77 0 0 -2.017 0 -0.77 0 0
 1.54 0 -2.23 0 0.46 -1 -1 -1 -0.23 -0.23
 -0.1963 -0.021 -5.831 -2.027 1.24 0.135 0.309 -4.691 -3.697 0.929
 -0.7147 -7.302 -14.79 -13.47 -2.104 2.208 -4.943 -10.42 -11.61 -6.624
 -7.089 -13.47 -20.94 -14.45 -5.421 -5.197 -9.57 -18.55 -14.06 -12.23
 -6.729 -16.46 -21.97 -17.94 -9.93 -1.882 -15.37 -21.58 -16.53 -16.7
 -15.22 -21.82 -22.09 -15.65 -14.38 -8.28 -14.47 -28.09 -15.55 -13.7
 -24.41 -17.46 -20.97 -14.41 -17.21 -17.99 -23.2 -25.55 -19.13 -15.53
 -29.82 -16.98 -24.8 -14.01 -20.05 -23.89 -27.71 -26.18 -14.74 -20.69
 -22.76 -9.97 -20.79 -14.99 -15.17 -18.18 -18.91 -19.29 -14.14 -11.83
 -12.75 -12.19 -7.433 -7.926 -9.189 -12.41 -12.18 -8.4 -21.75 -5.084
 -7.144 -7.409 -0.0652 -8.418 -3.569 -7.309 -10.82 -3.83 -16.45 -9.022
 0.6205 -4.258 -4.234 -3.627 -2.049 -9.602 -6.177 -4.147 -9.283 -6.662
 5.397 -2 -3.03 -0.0155 -1.651 -6.626 -2.28 -4.25 -2 -2.006
 0.23 0 0 0 0 -0.23 0 0 0 0
 0 0 -3 0 2 -2 0 -1 -1 -1
 2.178 -2.933 -8.444 -3.935 1.706 -5.745 -0.6951 -6.49 -6.14 -3.923
 -2.346 -7.792 -5.069 -6.629 -1.034 -13.05 -7.147 -8.332 -10.51 -10.75
 -5.2 -9.271 -10.4 -8.842 -3.534 -6.664 -8.754 -11.63 -16.84 -11.37
 -12.34 -20.6 -13.75 -12 -11.24 -9.335 -8.125 -18.56 -11.73 -16.29
 -21.17 -17.24 -15.23 -12.5 -15.82 -13.03 -19.22 -18.34 -14.79 -17.36
 -23.86 -16.67 -22.56 -16.84 -21.96 -19.13 -22.62 -19.81 -9.51 -23.05
 -17.56 -15.13 -23 -12.3 -17.78 -18.3 -20.55 -16.88 -18.1 -19
 -20.51 -5.361 -18.78 -11.13 -13.26 -14.74 -10.28 -15.63 -14.2 -15.64
 -10.36 -9.669 -9.795 -9.49 -5.18 -9.512 -4.431 -12.31 -17.24 -8.386
 -9.635 -11.29 -9.956 -8.654 -6.455 -9.571 -7.469 -7.821 -16.06 -14.59
 0.7783 -5.58 -13.22 -3.623 -5.523 -9.73 0.279 -6.163 -8.115 -8.4
 6.159 -1.978 -6.986 0.415 -1.518 -7.289 0.7267 -3.761 -1.978 -2.358
 0.48 0 -0.48 0 0 0 0 0 0 0
 2.31 -1.38 -3.38 1.38 0.31 -3 -0.69 -1.69 -0.69 -1.69
 3.19 -5.363 -3.126 -3.541 -4.648 -13.94 -3.581 -5.406 -7.369 -5.57
 0.9818 -6.744 -4.839 -7.022 -2.241 -14.92 -2.52 -9.815 -2.489 -7.604
 -4.671 -12.33 -7.374 -16.23 -6.54 -15.5 0.2448 -10.57 -2.288 -13.81
 -14.28 -12.26 -6.472 -18.92 -10.73 -21.75 -5.724 -11.71 -4.246 -15.65
 -14.84 -11.71 -15.04 -17.81 -14.16 -25.01 -12.83 -11.96 -5.564 -16.96
 -16.23 -11.41 -9.419 -16.53 -12.88 -22.8 -14.44 -18.19 -9.619 -15.8
 -21.81 -11.55 -10.44 -17.87 -13.26 -16.1 -12.56 -15.98 -14.52 -14.68
 -21.37 -11.34 -8.38 -15.92 -14.5 -16.87 -5.575 -11.83 -9.562 -11.27
 -11.46 -9.602 -7.559 -11.59 -8.565 -10.14 -10.63 -10.03 -11.6 -18.43
 -6.743 -11.75 -16.36 -7.76 -8.71 -10.01 -5.878 -11.85 -14.74 -13.14
 -3.68 -6.89 -12.5 -3.515 -11.71 -9.609 -6.751 -8.486 -11.92 -10.56
 0.42 -1.86 -3.715 0.9725 -3.54 -5.505 1.37 -2.155 -3.93 -1.988
