# Created by Octave 5.2.0, Thu Sep 24 23:51:00 2020 CEST <jiwidi@land>
# name: w
# type: matrix
# rows: 197
# columns: 10
 -196.9 -175.6 -181.6 -193 -188.4 -169.8 -182.7 -180.6 -232.7 -185.4
 0 0 0 0 0 0 0 0 0 0
 0 0 0 0 0 0 0 0 0 0
 -1 -1.516 -5.3 -1.316 -3.8 4.6 -0.6 -2.284 -4.608 -0.9164
 -2.205 -9.014 -8.85 -5.789 -4.707 0.789 -1.345 10.71 -5.864 -6.098
 -3.601 -11.77 -1.216 -9.501 -2.661 -5.838 -7.216 15.09 -7.392 -10.92
 -13.61 -19.01 -10.72 -11.06 -3.474 -17.36 -12.26 8.914 -8.147 -31.24
 -23.7 -29.12 -22.13 -25.84 -25.89 -36.65 -29.55 -24.06 -14.85 -21.32
 -45.87 -45.73 -49.1 -44.07 -51.58 -51.45 -45.23 -59.93 -37.36 -17.92
 -57.26 -37.27 -53.77 -46.08 -65.27 -54.43 -56.58 -68.65 -45.47 -31.89
 -64.11 -55.84 -50.5 -54.03 -69.95 -60.52 -53.37 -51.82 -53.39 -47.92
 -47.67 -41.24 -45.75 -49.52 -41.56 -48.39 -48.82 -52.49 -42.75 -49.99
 -28.97 -13.42 -29.7 -22.31 -18.04 -14.61 -24.71 -12.69 -32.14 -32.98
 -12.12 -1.198 -16.92 -18.99 -5.689 9.134 -17.28 -12.21 -14.67 -9.464
 -0.5 -0.2 -0.3 -0.9 -0.3 1 -0.5 -0.3 -0.4 -0.8
 -0.124 -0.186 -0.806 -2.418 -0.186 -0.248 -0.062 2.48 -0.248 -2.294
 -0.419 -1.812 -0.772 -2.534 -1.002 -0.1553 -0.4567 3.749 -0.5732 -1.014
 -6.419 -9.717 -5.388 -7.349 -8.298 -0.1968 -8.096 5.29 -12.3 -8.825
 -18.73 -23.88 -16.69 -10.91 -19.08 -10.3 -19.35 0.6887 -21.76 -27.93
 -46.67 -63.17 -44.45 -35.18 -35.95 -40.31 -60.68 -30.78 -43.05 -67.75
 -78.51 -99.54 -77.61 -74.01 -75.57 -78.58 -83.37 -46.78 -80.14 -86.91
 -94.22 -120.9 -97.37 -89.72 -103.8 -101.8 -104.1 -71.4 -104.8 -80.99
 -114.8 -135.4 -110.6 -110.5 -142.6 -119.4 -121.9 -98 -111 -82.47
 -114.8 -131.2 -127.7 -121.4 -154.4 -123.1 -121.9 -104.7 -109.9 -86.12
 -126 -127.7 -126.6 -126 -144.4 -125.8 -130.2 -104.4 -124.6 -107.4
 -105.6 -106.7 -104 -110.8 -96.69 -98.25 -104.6 -80.93 -100.4 -111.8
 -67.06 -60.13 -79.02 -74.04 -53.98 -47.63 -72.34 -57.94 -77.37 -74.59
 -33.11 -18.29 -30.5 -20.07 -20.62 4.829 -32.57 -21.32 -35.89 -27.26
 -4.697 -3.989 -4.909 -9.402 -4.79 7.715 -4.733 0.423 -4.626 -7.581
 -1.3 -0.5 -0.6 1.8 -0.4 -1.2 -0.2 -0.4 -0.4 -1.7
 -4.499 -2.54 3.552 -2.15 -3.207 -3.934 -7.213 -0.6411 -6.18 -5.233
 -10.42 -11.89 -6.565 -12.75 -15.21 -12.64 -14.28 -8.149 -8.099 -16.53
 -37.82 -38.37 -31.2 -26.06 -39.15 -32.6 -39.92 -19.69 -27.31 -48.47
 -72.87 -89.56 -66.91 -75.98 -72.3 -77.47 -85.29 -66.85 -76.94 -75.38
 -83.15 -102.4 -91.7 -88.32 -93.73 -89.36 -88.83 -79.43 -78.47 -78.13
 -75.31 -91.6 -80.73 -70.7 -81.45 -76.52 -79.75 -53.93 -69.1 -85.61
 -62.68 -64.6 -63.31 -66.8 -78.48 -58.21 -67.95 -54.92 -56.37 -76.09
 -58.02 -57.66 -69.53 -69.45 -88.26 -65.12 -74.62 -56.04 -80.51 -91.58
 -90.64 -98.9 -111.9 -117.3 -105.7 -109.4 -111.9 -106 -97.91 -110.6
 -100.1 -113.1 -104.6 -110.9 -94.14 -118.5 -117.1 -92.11 -103.8 -114.9
 -57.31 -67.7 -75.97 -47.98 -58.34 -55.94 -68.3 -45.98 -48.31 -62.45
 -25.83 -24.03 -30.62 -6.676 -32.9 -13.87 -28.29 -18.96 -14.98 -24.79
 -9.632 -6.075 -7.032 -5.558 -6.307 4.013 -6.455 -2.901 -1.931 -8.39
 -0.2 -0.5 3.7 -0.1 -2.3 -0.8 -2.8 -0.3 -3.7 -0.6
 -1.663 -1.445 3.335 -1.578 -3.85 -1.709 -4.41 -0.9361 -5.386 -0.3293
 -16.88 -17 -17.6 -28.33 -21.08 -10.97 -19.09 -11.33 -10.49 -21.8
 -52.65 -60.85 -40.79 -70.38 -56.31 -49.21 -64.22 -42.57 -51.12 -56.39
 -86.19 -101.6 -71.84 -93.84 -68.79 -71.32 -84.67 -73.63 -79.93 -73.52
 -66.46 -86.96 -60.62 -77.84 -58.9 -64.63 -71.48 -59.02 -62.61 -64.2
 -46.4 -60.6 -47.3 -63.75 -50.86 -36.13 -43.01 -45.97 -52.42 -47.68
 -25.8 -40.42 -43.36 -54.18 -58.3 -21.23 -52.88 -53.08 -60.33 -34.47
 -54.17 -57.07 -74.09 -59.2 -76.16 -60.97 -73.85 -50.24 -73.27 -78.07
 -98.74 -97.65 -116 -112.6 -101.6 -110.1 -120 -95.84 -116.4 -104.5
 -78.91 -99.4 -91.06 -88.32 -94.43 -96.37 -113.2 -79.88 -91.09 -90.63
 -52.37 -55.71 -48.14 -39.26 -50.53 -58.84 -61.98 -56.94 -34.47 -44.75
 -16.93 -23.71 -27.37 5.235 -25.11 -24.66 -25.53 -16.56 -19.99 -22.94
 -7.053 -10.37 -8.077 2.089 -9.589 -7.001 -10.94 -6.279 -5.076 -8.274
 -2.9 -2.7 3.2 -0.5 -2.2 -3.2 -1.9 -2.1 -2.4 -1.2
 -1.297 -4.947 2.803 -2.59 -5.876 -7.764 -5.804 -7.092 -5.512 -1.165
 -20.07 -21.23 -27.78 -36.41 -25.07 -6.644 -21.43 -23.68 -12.17 -17.42
 -63.57 -75.33 -65.64 -90.62 -66.5 -48.78 -69.48 -67.63 -62.01 -37.67
 -77.25 -95.05 -68.15 -94.56 -61.86 -60.19 -84.03 -71.62 -73.78 -80.73
 -72.57 -71.49 -53.6 -86.04 -62.96 -48.05 -72.33 -88.8 -59.42 -43.62
 -53.13 -61.23 -53.5 -59.11 -64.61 -34.44 -56.08 -77.73 -45.31 -30.04
 -64.7 -51.35 -56.82 -54.16 -68.05 -49.66 -55.79 -78.34 -53.49 -26.56
 -98.85 -71.01 -97.43 -83.74 -91.62 -112.4 -100 -91.15 -108.4 -83.92
 -97.23 -103.9 -109 -94.02 -99.73 -130 -122.9 -110.1 -106.6 -98.63
 -53.35 -70.47 -66.81 -69.17 -76.22 -74.97 -84.99 -66.7 -62.26 -59.46
 -15.82 -31.7 -33.79 -20.21 -29.14 -41.34 -44.87 -29.98 -31.35 -22.77
 2.988 -10.55 -5.025 1.857 -7.945 -21.75 -10.81 -7.441 -10.4 -6.677
 7.912 -1.058 -0.662 -0.942 -1.141 -9.222 -1.541 -0.977 -1.042 -0.842
 -0.667 -0.621 0.736 -0.115 -0.506 -0.736 -0.437 -0.483 -0.552 -0.276
 -1.016 -9.103 -4.198 -10.45 0.3061 -5.437 -3.948 -6.469 -6.498 -9.824
 -24.25 -35.04 -37.97 -40.39 -11.4 -21.47 -22.17 -28.74 -21.58 -25.26
 -50.31 -68.46 -73.81 -65.86 -40.83 -47.19 -58.58 -80.06 -58.2 -34.82
 -76.44 -84.91 -100 -84.38 -55.14 -60.6 -73.45 -91.78 -57.82 -67.39
 -66.8 -73.87 -78.84 -75.94 -42.18 -60.85 -61.19 -90.57 -53.83 -57.78
 -54 -61.96 -75.86 -57.47 -52.58 -55.72 -69.32 -83.81 -54.93 -47.58
 -102.9 -81.49 -99.18 -84.44 -94.33 -104.8 -105.9 -109.7 -95.32 -74.51
 -115.6 -103.3 -113.3 -101 -104.1 -114.6 -121.4 -113.7 -119.6 -95.72
 -83.32 -85.59 -76.57 -68.1 -73.44 -86.87 -89.37 -80.32 -88.17 -55.95
 -34.3 -39.05 -44.31 -36.79 -38.31 -45.89 -57.83 -41.42 -40.65 -20.97
 -1.01 -18.05 -13.24 -17.87 -8.225 -26.42 -32.65 -17.66 -27.25 -12.66
 9.96 -3.679 -3.482 -8.601 -3.223 -11.15 -6.34 -3.974 -3.943 -2.773
 6.786 -0.4254 -0.3501 -1.13 -0.6891 -7.195 -1.204 -0.5254 -0.6501 -0.5254
 1.364 -1.366 -4.679 -0.924 1.019 -1.341 0.5876 -1.076 -1.159 -0.9846
 -5.69 -11.8 -16.47 -18.38 0.362 -4.709 -6.107 -17.31 -16.1 -4.084
 -12.33 -22.91 -38.15 -32.55 -13.25 -5.998 -21.64 -30.11 -38.8 -20.54
 -51.33 -63.75 -69.06 -47.9 -32.45 -43.75 -42.82 -70.54 -59.65 -50.54
 -62.18 -77.55 -93.98 -81.45 -54.35 -50.5 -77.83 -88.66 -80.7 -77.67
 -87.17 -95.84 -108.7 -88.89 -88.42 -71.78 -92.27 -114 -85.96 -79.57
 -120 -106.6 -107.5 -96.09 -106.4 -94.1 -121.9 -119.9 -107.6 -102.1
 -131.9 -107 -127.7 -110.8 -116.7 -126.3 -126.8 -130 -113.5 -117.9
 -104.8 -83.6 -108.3 -88.53 -91.07 -101 -105.4 -108 -84.1 -91.59
 -64.45 -53.66 -52.5 -46.32 -48.24 -54.93 -57.37 -54.92 -66.88 -45.87
 -33.09 -30 -21.59 -30.87 -15.62 -27.54 -38.82 -24.32 -44.23 -32.41
 -5.583 -16.61 -17.8 -15.34 -9.606 -31.23 -17.98 -17.63 -27.86 -20.18
 6.363 -4.086 -8.777 -4.556 -5.266 -15.54 -4.903 -5.51 -5.277 -4.35
 1.408 -0.2617 -0.5017 -1.162 -0.2847 -0.7937 -0.8017 -0.2787 -0.3017 -0.2787
 -3.17 -4.876 -7.582 -2.282 8.076 -4.882 1.518 -1.982 -3.882 -4.982
 2.294 -10.78 -21.75 -11.84 6.166 -17.74 -3.147 -16.05 -16.99 -6.938
 -14.47 -23.97 -18.01 -24 -5.942 -36.34 -24.74 -24.9 -39.41 -24.51
 -37.73 -43.04 -41.66 -38.86 -31.34 -42.23 -38.64 -46.33 -55.41 -44.85
 -67.93 -83.03 -63.13 -67.74 -49.12 -64.14 -56.75 -76.81 -55.18 -66.27
 -85.35 -80.9 -76.54 -69.21 -76.45 -78.62 -85.6 -88.98 -75.7 -81.01
 -112.8 -96.89 -103.8 -100.4 -106.4 -108.2 -113 -114.2 -86.43 -111.7
 -108.3 -94.49 -114.6 -95.79 -104.6 -100.8 -106.3 -103.1 -103.7 -104.1
 -84.76 -57.17 -84.19 -70.45 -72.85 -78.45 -75.04 -75.7 -72.87 -74.3
 -50.01 -44.45 -54.64 -40.54 -39.41 -42.65 -41.47 -53.37 -58.87 -43.9
 -32.29 -36.18 -37 -27.56 -27.78 -35.23 -32.85 -34.86 -49.36 -46.48
 -4.129 -17.62 -30.58 -15.6 -14.79 -22.24 -11.04 -19.13 -27.23 -24.94
 6.161 -5.587 -18.68 -0.7157 -5.994 -15.3 -0.1482 -7.012 -5.284 -5.514
 1.761 -0.015 -1.461 -0.457 -0.015 -0.653 -0.609 -0.301 -0.109 -0.157
 4.912 -3.824 -10.39 -2.784 -2.493 -5.31 0.2956 -4.828 -2.811 -2.515
 4.902 -13.44 -7.944 -15.36 -13.41 -29.89 -9.898 -12.54 -17.79 -14.13
