# Created by Octave 5.2.0, Thu Sep 24 23:52:58 2020 CEST <jiwidi@land>
# name: w
# type: matrix
# rows: 197
# columns: 10
 -1.708e+05 -1.575e+05 -1.668e+05 -1.71e+05 -1.622e+05 -1.529e+05 -1.602e+05 -1.632e+05 -1.906e+05 -1.62e+05
 0 0 0 0 0 0 0 0 0 0
 0 0 0 0 0 0 0 0 0 0
 -1213 -1250 -2505 -1301 -2327 1587 -643.3 -930.3 -2238 -874.8
 -2715 -8273 -6549 -5503 -3846 -1271 -1618 1.058e+04 -4095 -5702
 -3102 -9035 -3443 -8731 -2728 -4584 -4578 1.123e+04 -5699 -1.016e+04
 -1.208e+04 -1.524e+04 -1.038e+04 -1.117e+04 -4303 -1.423e+04 -1.109e+04 3286 -8900 -2.578e+04
 -2.204e+04 -2.614e+04 -2.118e+04 -2.126e+04 -2.504e+04 -2.927e+04 -2.744e+04 -1.904e+04 -1.653e+04 -2.606e+04
 -3.935e+04 -4.113e+04 -4.094e+04 -3.624e+04 -4.703e+04 -4.133e+04 -3.905e+04 -5.033e+04 -3.472e+04 -2e+04
 -4.775e+04 -3.918e+04 -4.595e+04 -4.205e+04 -5.541e+04 -4.936e+04 -5.074e+04 -5.526e+04 -4.302e+04 -3.381e+04
 -5.368e+04 -4.548e+04 -4.445e+04 -4.806e+04 -5.555e+04 -5.472e+04 -4.453e+04 -5.138e+04 -5.009e+04 -3.869e+04
 -4.2e+04 -3.58e+04 -4.344e+04 -4.384e+04 -3.679e+04 -4.452e+04 -4.377e+04 -4.426e+04 -4.078e+04 -4.568e+04
 -2.525e+04 -1.411e+04 -2.65e+04 -2.403e+04 -2.037e+04 -1.215e+04 -2.294e+04 -1.634e+04 -2.962e+04 -2.648e+04
 -1.12e+04 -6151 -1.155e+04 -1.31e+04 -2578 6532 -1.377e+04 -9440 -1.15e+04 -8825
 -510 -190 -290 -820 -340 980 -540 -210 -410 -870
 -93 -192.2 -787.4 -1240 -248 -204.6 -80.6 1240 -279 -1240
 -407 -1377 -762.3 -1808 -750.7 -180.9 -427.3 2616 -625 -997.3
 -6303 -8951 -4507 -6668 -6399 -2311 -5790 5122 -8370 -8036
 -1.729e+04 -2.299e+04 -1.573e+04 -1.593e+04 -1.744e+04 -1.016e+04 -1.641e+04 4249 -1.701e+04 -2.802e+04
 -4.287e+04 -5.585e+04 -4.146e+04 -3.571e+04 -3.645e+04 -3.867e+04 -4.95e+04 -2.631e+04 -4.147e+04 -6.076e+04
 -7.014e+04 -8.311e+04 -6.767e+04 -6.562e+04 -6.73e+04 -6.89e+04 -7.216e+04 -4.839e+04 -6.99e+04 -7.277e+04
 -8.599e+04 -1.029e+05 -8.526e+04 -8.233e+04 -9.253e+04 -9.219e+04 -9.037e+04 -6.796e+04 -8.775e+04 -7.306e+04
 -1.012e+05 -1.142e+05 -9.857e+04 -9.792e+04 -1.221e+05 -1.057e+05 -1.067e+05 -8.879e+04 -9.527e+04 -7.849e+04
 -1.05e+05 -1.129e+05 -1.101e+05 -1.086e+05 -1.311e+05 -1.103e+05 -1.096e+05 -9.621e+04 -9.908e+04 -8.337e+04
 -1.129e+05 -1.129e+05 -1.139e+05 -1.144e+05 -1.271e+05 -1.109e+05 -1.151e+05 -9.843e+04 -1.102e+05 -9.581e+04
 -9.271e+04 -9.833e+04 -9.465e+04 -1.007e+05 -8.559e+04 -8.784e+04 -9.454e+04 -7.488e+04 -9.701e+04 -1.002e+05
 -6.455e+04 -5.708e+04 -6.963e+04 -6.417e+04 -5.42e+04 -4.608e+04 -6.653e+04 -5.236e+04 -7.042e+04 -6.641e+04
 -2.763e+04 -2.019e+04 -2.56e+04 -1.63e+04 -1.942e+04 1568 -2.795e+04 -1.948e+04 -2.739e+04 -2.533e+04
 -4389 -3780 -4533 -6430 -4705 6470 -4235 -1175 -4434 -5552
 -1240 -520 -350 1240 -370 -1200 -190 -470 -380 -1190
 -4045 -2422 1505 -2132 -2724 -2897 -4663 -1112 -4634 -4345
 -1.118e+04 -1.187e+04 -6113 -1.211e+04 -1.375e+04 -1.185e+04 -1.316e+04 -6949 -9643 -1.313e+04
 -3.483e+04 -3.55e+04 -2.833e+04 -2.765e+04 -3.568e+04 -2.899e+04 -3.623e+04 -1.972e+04 -2.709e+04 -4.39e+04
 -6.716e+04 -7.84e+04 -5.994e+04 -6.547e+04 -6.678e+04 -6.733e+04 -7.484e+04 -6.026e+04 -7.041e+04 -6.415e+04
 -7.723e+04 -9.083e+04 -7.717e+04 -7.606e+04 -8.179e+04 -7.809e+04 -7.986e+04 -7.589e+04 -7.549e+04 -6.646e+04
 -6.871e+04 -7.65e+04 -7.061e+04 -6.759e+04 -7.376e+04 -6.725e+04 -7.227e+04 -5.566e+04 -6.357e+04 -6.903e+04
 -5.873e+04 -5.757e+04 -5.746e+04 -6.194e+04 -7.072e+04 -5.449e+04 -6.277e+04 -4.768e+04 -5.559e+04 -6.815e+04
 -5.833e+04 -5.774e+04 -6.281e+04 -6.721e+04 -7.947e+04 -6.016e+04 -7.24e+04 -5.583e+04 -6.82e+04 -7.755e+04
 -8.472e+04 -9.245e+04 -9.762e+04 -1.012e+05 -9.651e+04 -9.801e+04 -1.029e+05 -9.145e+04 -9.092e+04 -9.811e+04
 -8.943e+04 -1e+05 -9.537e+04 -9.522e+04 -8.742e+04 -1.004e+05 -1.037e+05 -8.367e+04 -9.293e+04 -1.001e+05
 -5.455e+04 -6.164e+04 -6.662e+04 -4.744e+04 -5.563e+04 -5.164e+04 -6.15e+04 -4.556e+04 -4.786e+04 -5.458e+04
 -2.507e+04 -2.289e+04 -2.726e+04 -7551 -2.705e+04 -1.4e+04 -2.533e+04 -1.892e+04 -1.567e+04 -2.569e+04
 -8627 -5445 -5754 -3990 -6225 3632 -5729 -3198 -4106 -6981
 -260 -540 2000 -120 -2000 -680 -2000 -330 -2000 -670
 -1605 -1456 1877 -1345 -3440 -1539 -3482 -283.8 -3672 -1437
 -1.503e+04 -1.66e+04 -1.599e+04 -2.3e+04 -1.951e+04 -1.372e+04 -1.736e+04 -1.122e+04 -1.145e+04 -1.872e+04
 -4.696e+04 -5.351e+04 -4.165e+04 -5.7e+04 -5.148e+04 -4.372e+04 -5.629e+04 -4.078e+04 -4.512e+04 -4.063e+04
 -7.416e+04 -8.712e+04 -6.652e+04 -7.865e+04 -6.827e+04 -6.553e+04 -7.576e+04 -6.904e+04 -7.662e+04 -6.153e+04
 -5.6e+04 -6.907e+04 -5.537e+04 -6.325e+04 -5.135e+04 -5.927e+04 -6.345e+04 -5.38e+04 -5.559e+04 -5.897e+04
 -4.315e+04 -5.224e+04 -4.227e+04 -5.58e+04 -4.94e+04 -3.12e+04 -4.103e+04 -4.007e+04 -4.756e+04 -4.412e+04
 -2.973e+04 -4.123e+04 -3.819e+04 -4.999e+04 -5.097e+04 -2.48e+04 -4.79e+04 -3.994e+04 -5.391e+04 -3.893e+04
 -5.033e+04 -4.916e+04 -6.352e+04 -5.795e+04 -6.895e+04 -5.275e+04 -6.523e+04 -5.241e+04 -6.908e+04 -5.992e+04
 -8.712e+04 -8.667e+04 -1.008e+05 -1.001e+05 -9.074e+04 -9.528e+04 -1.04e+05 -8.681e+04 -9.903e+04 -9.417e+04
 -7.388e+04 -8.644e+04 -8.633e+04 -8.001e+04 -8.588e+04 -8.238e+04 -9.917e+04 -7.573e+04 -7.856e+04 -8.368e+04
 -4.662e+04 -4.897e+04 -4.706e+04 -3.898e+04 -4.706e+04 -4.902e+04 -5.277e+04 -4.921e+04 -3.573e+04 -4.168e+04
 -1.709e+04 -2.211e+04 -2.095e+04 -306.6 -2.221e+04 -2.22e+04 -2.062e+04 -1.619e+04 -1.914e+04 -1.989e+04
 -6593 -9056 -7415 1577 -7618 -7166 -7610 -5680 -4835 -6308
 -2000 -2000 2000 -510 -2000 -2000 -1830 -1740 -2000 -1190
 -1081 -4204 1002 -2424 -5346 -5712 -4952 -5703 -4305 -2484
 -1.785e+04 -1.948e+04 -2.397e+04 -3.022e+04 -2.359e+04 -1.028e+04 -1.922e+04 -2.089e+04 -1.359e+04 -1.731e+04
 -5.31e+04 -6.327e+04 -6.065e+04 -7.251e+04 -5.606e+04 -4.297e+04 -5.669e+04 -5.825e+04 -5.291e+04 -3.442e+04
 -6.058e+04 -7.76e+04 -6.307e+04 -7.534e+04 -5.216e+04 -5.726e+04 -6.811e+04 -6.795e+04 -6.297e+04 -5.833e+04
 -5.779e+04 -6.084e+04 -5.397e+04 -6.772e+04 -5.036e+04 -4.171e+04 -5.787e+04 -6.449e+04 -4.801e+04 -4.829e+04
 -4.321e+04 -5.327e+04 -4.801e+04 -5.076e+04 -4.801e+04 -3.307e+04 -4.304e+04 -5.193e+04 -4.451e+04 -3.279e+04
 -5.193e+04 -4.205e+04 -5.104e+04 -4.564e+04 -5.156e+04 -4.377e+04 -4.329e+04 -5.753e+04 -4.882e+04 -3.066e+04
 -8.176e+04 -6.41e+04 -8.209e+04 -7.213e+04 -7.439e+04 -9.866e+04 -8.477e+04 -7.954e+04 -8.86e+04 -7.492e+04
 -8.458e+04 -9.288e+04 -9.495e+04 -8.31e+04 -8.283e+04 -1.159e+05 -1.043e+05 -9.313e+04 -9.373e+04 -9.048e+04
 -4.825e+04 -6.289e+04 -6.227e+04 -6.135e+04 -6.511e+04 -7.115e+04 -7.52e+04 -6.407e+04 -5.61e+04 -5.215e+04
 -1.31e+04 -2.865e+04 -2.882e+04 -1.659e+04 -2.303e+04 -4.05e+04 -3.693e+04 -2.856e+04 -2.508e+04 -2.223e+04
 2331 -9066 -4493 1359 -4726 -2.057e+04 -8695 -6754 -8403 -5054
 5710 -957 -701.7 -958.8 -951.8 -6722 -1400 -833.2 -957.7 -726.6
 -460 -460 460 -117.3 -460 -460 -420.9 -400.2 -460 -273.7
 -182.7 -7183 -4453 -7432 -1228 -5982 -3636 -7157 -5657 -7716
 -2.212e+04 -2.912e+04 -3.284e+04 -3.541e+04 -1.695e+04 -2.041e+04 -2.186e+04 -2.709e+04 -2.355e+04 -2.588e+04
 -4.688e+04 -5.742e+04 -6.253e+04 -5.851e+04 -3.966e+04 -4.684e+04 -5.028e+04 -6.264e+04 -4.841e+04 -4.112e+04
 -6.464e+04 -7.302e+04 -8.174e+04 -7.496e+04 -5.37e+04 -5.628e+04 -6.538e+04 -7.901e+04 -5.102e+04 -5.702e+04
 -5.976e+04 -6.52e+04 -6.97e+04 -6.448e+04 -4.464e+04 -5.436e+04 -5.764e+04 -7.06e+04 -5.106e+04 -5.334e+04
 -5.36e+04 -5.368e+04 -6.201e+04 -5.125e+04 -4.916e+04 -5.141e+04 -6.002e+04 -6.841e+04 -5.563e+04 -4.309e+04
 -8.784e+04 -6.85e+04 -8.464e+04 -7.271e+04 -8e+04 -8.641e+04 -8.764e+04 -8.984e+04 -8.097e+04 -6.76e+04
 -1.015e+05 -9.06e+04 -9.624e+04 -9.006e+04 -9.025e+04 -1.012e+05 -1.074e+05 -9.876e+04 -1.019e+05 -8.953e+04
 -7.621e+04 -7.464e+04 -7.104e+04 -6.845e+04 -7.299e+04 -7.827e+04 -8.263e+04 -7.426e+04 -7.625e+04 -6.303e+04
 -3.212e+04 -3.684e+04 -3.826e+04 -3.4e+04 -3.584e+04 -4.199e+04 -5.122e+04 -3.82e+04 -3.699e+04 -2.782e+04
 348.1 -1.671e+04 -1.078e+04 -1.631e+04 -9134 -2.451e+04 -2.744e+04 -1.677e+04 -2.163e+04 -1.228e+04
