# Created by Octave 5.2.0, Thu Sep 24 23:51:53 2020 CEST <jiwidi@land>
# name: w
# type: matrix
# rows: 197
# columns: 10
 -1.148e+04 -1.12e+04 -1.132e+04 -1.12e+04 -1.112e+04 -1.112e+04 -1.112e+04 -1.116e+04 -1.12e+04 -1.108e+04
 0 0 0 0 0 0 0 0 0 0
 0 0 0 0 0 0 0 0 0 0
 -61.64 -61.64 -61.64 -61.64 -61.64 -21.64 -61.64 21.64 -61.64 -61.64
 -381.6 -381.6 -381.6 -381.6 -381.6 -354 -381.6 354 -381.6 -381.6
 -400.2 -480.1 -360.1 -477 -427.7 -480.1 -480.1 224.7 -480.1 -480.1
 -894.7 -1064 -857.7 -707.5 -773.9 -1042 -1024 -188.7 -922.3 -1036
 -1319 -1707 -1313 -1051 -1661 -1648 -1614 -1048 -1121 -1172
 -2549 -3056 -2733 -2084 -3084 -2953 -2567 -2504 -2044 -1416
 -3406 -3689 -3628 -2910 -4222 -3967 -3388 -3517 -2705 -2343
 -3776 -3250 -3934 -3285 -4512 -4235 -3373 -3742 -3362 -3241
 -3099 -2387 -3132 -2510 -2859 -3220 -3152 -2915 -2831 -3220
 -1596 -1497 -1597 -1429 -1098 -1286 -1839 -1411 -1652 -1827
 -593.7 -590.6 -587.7 -541.3 -194.1 -104.5 -633.7 -596.6 -593.7 -633.7
 -40 -40 -40 -40 -40 40 -40 -40 -40 -40
 -12.4 -12.4 -12.4 -12.4 -12.4 -12.4 -12.4 12.4 -12.4 -12.4
 -88.58 -88.58 -87.58 -87.7 -88.58 -83.78 -88.58 81.9 -88.58 -88.58
 -630 -663.3 -543.8 -554.4 -663.3 -590.5 -663.3 327.4 -661.9 -663.2
 -1501 -1638 -1347 -1224 -1562 -1434 -1638 291.3 -1459 -1594
 -3053 -3552 -2966 -2420 -3003 -3155 -3496 -1057 -2791 -2924
 -4611 -5309 -4424 -3589 -4675 -4742 -5149 -2622 -3928 -3422
 -5595 -6975 -5673 -4914 -6546 -6328 -6314 -4256 -4884 -4320
 -6532 -8253 -6740 -5875 -8376 -7563 -7042 -5804 -5823 -5628
 -7323 -8344 -7665 -6797 -9399 -8136 -7480 -6809 -6632 -6606
 -7852 -7711 -8118 -7307 -9444 -8273 -8314 -7182 -7174 -7071
 -7217 -6808 -7345 -6594 -7045 -7043 -7998 -6150 -6536 -6929
 -4761 -5023 -4771 -3894 -3915 -3905 -5513 -4089 -4201 -5123
 -1941 -2219 -1846 -1084 -1749 -823.6 -2262 -1999 -1972 -2203
 -415.6 -415.6 -295.6 -299.2 -415.6 99.2 -415.6 -335.6 -415.6 -415.6
 -20 -20 -20 20 -20 -20 -20 -20 -20 -20
 -272.3 -272.6 -151.6 -157 -272.6 -238.2 -272.6 0.852 -272.4 -272.3
 -987.6 -1110 -786.1 -837 -1110 -997.4 -1110 10.69 -924 -1030
 -2421 -2870 -2245 -2137 -2651 -2495 -2804 -873.5 -2135 -2331
 -4635 -5428 -4300 -4117 -4309 -4632 -5315 -3194 -4122 -3372
 -5357 -6773 -5439 -5404 -5601 -5529 -6160 -4841 -4870 -4207
 -4556 -6503 -4982 -5113 -5968 -4960 -5255 -4986 -4792 -5312
 -4246 -5926 -4546 -5035 -6326 -4489 -4418 -4964 -5136 -6049
 -4248 -4872 -4689 -5323 -6457 -4528 -4837 -4927 -5627 -6152
 -5959 -5648 -6526 -6874 -7057 -6442 -7329 -5930 -6606 -6546
 -6449 -6854 -7054 -7015 -6317 -6988 -8260 -5830 -6567 -6515
 -4087 -5400 -4487 -3707 -4296 -4315 -5577 -4194 -3862 -4990
 -1767 -2433 -1814 -1069 -2148 -1384 -2436 -2265 -1846 -2325
 -462.4 -487.2 -299.6 -218 -487.2 -40.4 -487.2 -478 -450.4 -487.2
 -20 -20 20 -20 -20 -20 -20 -20 -20 -20
 -146 -149.2 -69.6 -134.4 -149.2 -136.8 -148.6 20.22 -149.2 -130.8
 -979.7 -1384 -1062 -1289 -1263 -1187 -1342 -389 -999.2 -1176
 -2905 -3727 -3091 -3445 -2957 -2997 -3640 -2227 -2673 -2151
 -4491 -5681 -4551 -5219 -3864 -4315 -5312 -4492 -4286 -3235
 -3308 -5165 -3808 -4760 -3850 -3600 -4122 -4692 -3770 -4242
 -2729 -4448 -3230 -4393 -4157 -2652 -2534 -4301 -3728 -4403
 -2249 -3253 -2754 -3872 -4086 -2512 -2398 -3871 -3857 -3986
 -3285 -2313 -3769 -4436 -4573 -3699 -3982 -3848 -4264 -3991
 -5734 -4759 -6242 -6421 -5621 -6365 -7121 -4856 -5889 -5252
 -5414 -6725 -6155 -5591 -5427 -6698 -7384 -4940 -5348 -5395
 -2856 -4542 -3516 -2720 -3622 -4080 -4581 -3860 -2998 -3879
 -855.9 -2005 -1362 -881.5 -1888 -1623 -2005 -1934 -1592 -1893
 -208.4 -415.2 -233.6 -161.6 -415.2 -261.2 -415.2 -415.2 -380.8 -415.2
 -20 -20 20 -20 -20 -20 -20 -20 -20 -20
 -50.86 -243.4 -83.5 -243.4 -229.2 -242.4 -213.8 -191.4 -224.1 -225
 -824.2 -1661 -1509 -1661 -1236 -1217 -1540 -1159 -1261 -1218
 -3067 -4329 -4019 -4328 -2866 -2976 -4037 -3469 -3341 -2197
 -3699 -5301 -4584 -5286 -3266 -3687 -4440 -4738 -3850 -3559
 -2985 -4696 -3896 -4582 -3744 -3064 -2923 -4634 -3349 -4013
 -2132 -3405 -2913 -3325 -3557 -2530 -1832 -3647 -2950 -3207
 -2471 -1880 -2782 -2870 -3459 -2905 -2384 -3380 -2925 -2715
 -5142 -3141 -5221 -4682 -4975 -5558 -5757 -4257 -4605 -3922
 -6783 -5873 -6718 -5510 -5584 -7503 -7691 -5080 -5618 -5181
 -4298 -5665 -4518 -3743 -4313 -5708 -5832 -4204 -4070 -4302
 -1232 -3206 -2248 -1791 -2598 -3157 -3206 -3029 -2309 -2873
 129.1 -1171 -694.4 -728.7 -1109 -1153 -1171 -1171 -1155 -1147
 160 -264.4 -166 -258.4 -264.4 -264.4 -264.4 -264.4 -264.4 -264.4
 -4.6 -4.6 4.6 -4.6 -4.6 -4.6 -4.6 -4.6 -4.6 -4.6
 -0.6978 -602.3 -482.7 -602.3 -367.5 -456.3 -531.9 -570.7 -602.3 -601.7
 -1023 -2186 -2115 -2185 -1041 -1427 -1943 -1961 -1896 -1709
 -2912 -4497 -4373 -4416 -2477 -2901 -3747 -4157 -3727 -2766
 -3936 -5482 -5279 -5196 -3827 -3333 -3966 -5287 -3831 -3717
 -3768 -5023 -4800 -4343 -4342 -3402 -3141 -5086 -3317 -3783
 -3640 -3833 -4184 -3270 -4281 -3516 -3360 -4634 -3263 -3108
 -5665 -3557 -5601 -4083 -5497 -5140 -5912 -5223 -4332 -3908
 -7573 -5192 -6908 -5347 -6187 -6853 -7718 -5391 -5625 -5105
 -6488 -5839 -5499 -4408 -4806 -6126 -6688 -4535 -4952 -4480
 -2610 -3794 -2450 -2408 -2823 -3492 -3781 -2989 -2999 -3020
 -14.89 -2049 -1147 -1558 -1704 -1911 -2037 -1996 -1961 -2016
 504.6 -960.1 -575.9 -933.2 -956.4 -920.1 -960.1 -960.1 -959.5 -960.1
 184.9 -215.7 -184.9 -215.7 -215.7 -215.7 -215.7 -215.7 -215.7 -215.7
 62.96 -143 -143 -143 -93.84 -139.8 -115.4 -143 -143 -143
 -170.7 -1094 -1094 -1094 -378.7 -781.5 -973.8 -1094 -1094 -977.8
 -873.7 -2579 -2566 -2546 -966.6 -1619 -2047 -2579 -2566 -2288
 -2740 -4270 -4207 -3952 -1919 -2522 -3146 -4270 -3903 -3229
 -4281 -5601 -5473 -4893 -3688 -3323 -3680 -5561 -4469 -4159
 -5398 -5995 -5904 -4532 -4934 -4023 -4670 -6260 -3915 -4558
 -6227 -4799 -6049 -4330 -5450 -4687 -6306 -6135 -4060 -4828
 -7832 -5140 -7102 -5251 -6295 -6503 -7680 -5937 -5375 -5725
 -7736 -5904 -6841 -5256 -5409 -6716 -7643 -5463 -6126 -5437
 -4632 -4798 -3528 -2811 -3197 -4038 -4590 -3691 -4395 -3504
 -1839 -2942 -1622 -1945 -1998 -2342 -2656 -2484 -2941 -2766
 -80.66 -2175 -1611 -1641 -1551 -1917 -1941 -2134 -2174 -2175
 501.1 -1071 -896.9 -941.8 -966.1 -1012 -967.6 -1071 -1071 -1071
 175.7 -175.7 -175.7 -175.7 -175.7 -175.7 -175.7 -175.7 -175.7 -175.7
 -13.92 -256.5 -256.5 -256.5 -66.08 -256.5 -176.5 -256.5 -256.5 -256.5
 109.4 -1273 -1246 -1250 -524.6 -1184 -1077 -1273 -1273 -1193
 -791.1 -2499 -2259 -2379 -752.4 -2142 -1798 -2499 -2495 -2379
 -2333 -3777 -3400 -3449 -1632 -2972 -2017 -3777 -3391 -3469
 -3789 -4625 -4035 -3890 -2533 -3749 -2654 -4651 -3126 -4155
 -4853 -4300 -4473 -3949 -3329 -4222 -4374 -5105 -2952 -4747
 -6647 -4130 -5647 -5329 -4709 -5624 -6400 -5356 -4052 -5604
 -7528 -5066 -6286 -6304 -5345 -6621 -7027 -5138 -5531 -5382
 -6229 -5414 -4831 -4875 -4001 -5562 -5069 -4746 -5166 -4338
 -4232 -4563 -3196 -2832 -2984 -3693 -3061 -4004 -4382 -3931
 -2388 -3670 -2884 -1785 -2842 -2892 -2269 -3440 -3583 -3608
 -387.9 -2453 -2161 -1643 -2001 -1944 -1717 -2413 -2453 -2453
 437.7 -1107 -1107 -871.1 -1038 -986.8 -862.7 -1107 -1107 -1107
 131.4 -131.4 -131.4 -131.4 -131.4 -131.4 -131.4 -131.4 -131.4 -131.4
 85.86 -394.9 -394.9 -328.9 -314.9 -311.9 -314.9 -394.9 -394.9 -394.9
 134.5 -1559 -1104 -1499 -1128 -1413 -1226 -1559 -1558 -1559
 -631.2 -2496 -1770 -2416 -1674 -2488 -1471 -2496 -2080 -2447
 -2512 -3745 -2459 -3639 -2494 -3696 -1651 -3747 -2337 -3692
 -3593 -3664 -2629 -3957 -2858 -3987 -2507 -4077 -1983 -4073
 -4630 -2818 -3097 -4520 -3490 -4526 -4250 -3885 -2789 -4304
 -6945 -4330 -5051 -6708 -5046 -6279 -5968 -4879 -5070 -5338
 -7137 -5538 -5210 -6969 -4838 -6244 -5162 -5127 -5623 -5250
 -4969 -4868 -3397 -4643 -3536 -4463 -2760 -4410 -4063 -3875
 -3519 -4236 -2817 -2806 -3285 -3368 -2318 -3821 -3687 -4033
 -2107 -3924 -3366 -2102 -3441 -3044 -2025 -3745 -3720 -3918
 -708.9 -2559 -2415 -1483 -2348 -2009 -1344 -2519 -2528 -2559
 -3.008 -1084 -970.2 -763.7 -1044 -898.6 -656.8 -1084 -1084 -1084
 -39 -182.2 -93.4 -182.2 -182.2 -89.8 -142.2 -182.2 -182.2 -182.2
