# Created by Octave 5.2.0, Thu Sep 24 23:53:09 2020 CEST <jiwidi@land>
# name: w
# type: matrix
# rows: 197
# columns: 10
 -1.969e+05 -1.756e+05 -1.816e+05 -1.93e+05 -1.884e+05 -1.698e+05 -1.827e+05 -1.806e+05 -2.327e+05 -1.854e+05
 0 0 0 0 0 0 0 0 0 0
 0 0 0 0 0 0 0 0 0 0
 -1000 -1516 -5300 -1316 -3800 4600 -600 -2284 -4608 -916.4
 -2205 -9014 -8850 -5789 -4707 789 -1345 1.071e+04 -5864 -6098
 -3601 -1.177e+04 -1216 -9501 -2661 -5838 -7216 1.509e+04 -7392 -1.092e+04
 -1.361e+04 -1.901e+04 -1.072e+04 -1.106e+04 -3474 -1.736e+04 -1.226e+04 8914 -8147 -3.124e+04
 -2.37e+04 -2.912e+04 -2.213e+04 -2.584e+04 -2.589e+04 -3.665e+04 -2.955e+04 -2.406e+04 -1.485e+04 -2.132e+04
 -4.587e+04 -4.573e+04 -4.91e+04 -4.407e+04 -5.158e+04 -5.145e+04 -4.523e+04 -5.993e+04 -3.736e+04 -1.792e+04
 -5.726e+04 -3.727e+04 -5.377e+04 -4.608e+04 -6.527e+04 -5.443e+04 -5.658e+04 -6.865e+04 -4.547e+04 -3.188e+04
 -6.411e+04 -5.584e+04 -5.05e+04 -5.403e+04 -6.995e+04 -6.052e+04 -5.337e+04 -5.182e+04 -5.339e+04 -4.792e+04
 -4.767e+04 -4.124e+04 -4.575e+04 -4.952e+04 -4.156e+04 -4.839e+04 -4.882e+04 -5.249e+04 -4.275e+04 -4.999e+04
 -2.897e+04 -1.342e+04 -2.97e+04 -2.231e+04 -1.804e+04 -1.461e+04 -2.471e+04 -1.269e+04 -3.214e+04 -3.298e+04
 -1.212e+04 -1198 -1.692e+04 -1.899e+04 -5689 9134 -1.728e+04 -1.221e+04 -1.467e+04 -9464
 -500 -200 -300 -900 -300 1000 -500 -300 -400 -800
 -124 -186 -806 -2418 -186 -248 -62 2480 -248 -2294
 -419 -1812 -772 -2534 -1002 -155.3 -456.7 3749 -573.2 -1014
 -6419 -9717 -5388 -7349 -8298 -196.8 -8096 5290 -1.23e+04 -8825
 -1.873e+04 -2.388e+04 -1.669e+04 -1.091e+04 -1.908e+04 -1.03e+04 -1.935e+04 688.7 -2.176e+04 -2.793e+04
 -4.667e+04 -6.317e+04 -4.445e+04 -3.518e+04 -3.595e+04 -4.031e+04 -6.068e+04 -3.078e+04 -4.305e+04 -6.775e+04
 -7.851e+04 -9.954e+04 -7.761e+04 -7.401e+04 -7.557e+04 -7.858e+04 -8.337e+04 -4.678e+04 -8.014e+04 -8.691e+04
 -9.422e+04 -1.209e+05 -9.737e+04 -8.972e+04 -1.038e+05 -1.018e+05 -1.041e+05 -7.14e+04 -1.048e+05 -8.099e+04
 -1.148e+05 -1.354e+05 -1.106e+05 -1.105e+05 -1.426e+05 -1.194e+05 -1.219e+05 -9.8e+04 -1.11e+05 -8.247e+04
 -1.148e+05 -1.312e+05 -1.277e+05 -1.214e+05 -1.544e+05 -1.231e+05 -1.219e+05 -1.047e+05 -1.099e+05 -8.612e+04
 -1.26e+05 -1.277e+05 -1.266e+05 -1.26e+05 -1.444e+05 -1.258e+05 -1.302e+05 -1.044e+05 -1.246e+05 -1.074e+05
 -1.056e+05 -1.067e+05 -1.04e+05 -1.108e+05 -9.669e+04 -9.825e+04 -1.046e+05 -8.093e+04 -1.004e+05 -1.118e+05
 -6.706e+04 -6.013e+04 -7.902e+04 -7.404e+04 -5.398e+04 -4.763e+04 -7.234e+04 -5.794e+04 -7.737e+04 -7.459e+04
 -3.311e+04 -1.829e+04 -3.05e+04 -2.007e+04 -2.062e+04 4829 -3.257e+04 -2.132e+04 -3.589e+04 -2.726e+04
 -4697 -3989 -4909 -9402 -4790 7715 -4733 423 -4626 -7581
 -1300 -500 -600 1800 -400 -1200 -200 -400 -400 -1700
 -4499 -2540 3552 -2150 -3207 -3934 -7213 -641.1 -6180 -5233
 -1.042e+04 -1.189e+04 -6565 -1.275e+04 -1.521e+04 -1.264e+04 -1.428e+04 -8149 -8099 -1.653e+04
 -3.782e+04 -3.837e+04 -3.12e+04 -2.606e+04 -3.915e+04 -3.26e+04 -3.992e+04 -1.969e+04 -2.731e+04 -4.847e+04
 -7.287e+04 -8.956e+04 -6.691e+04 -7.598e+04 -7.23e+04 -7.747e+04 -8.529e+04 -6.685e+04 -7.694e+04 -7.538e+04
 -8.315e+04 -1.024e+05 -9.17e+04 -8.832e+04 -9.373e+04 -8.936e+04 -8.883e+04 -7.943e+04 -7.847e+04 -7.813e+04
 -7.531e+04 -9.16e+04 -8.073e+04 -7.07e+04 -8.145e+04 -7.652e+04 -7.975e+04 -5.393e+04 -6.91e+04 -8.561e+04
 -6.268e+04 -6.46e+04 -6.331e+04 -6.68e+04 -7.848e+04 -5.821e+04 -6.795e+04 -5.492e+04 -5.637e+04 -7.609e+04
 -5.802e+04 -5.766e+04 -6.953e+04 -6.945e+04 -8.826e+04 -6.512e+04 -7.462e+04 -5.604e+04 -8.051e+04 -9.158e+04
 -9.064e+04 -9.89e+04 -1.119e+05 -1.173e+05 -1.057e+05 -1.094e+05 -1.119e+05 -1.06e+05 -9.791e+04 -1.106e+05
 -1.001e+05 -1.131e+05 -1.046e+05 -1.109e+05 -9.414e+04 -1.185e+05 -1.171e+05 -9.211e+04 -1.038e+05 -1.149e+05
 -5.731e+04 -6.77e+04 -7.597e+04 -4.798e+04 -5.834e+04 -5.594e+04 -6.83e+04 -4.598e+04 -4.831e+04 -6.245e+04
 -2.583e+04 -2.403e+04 -3.062e+04 -6676 -3.29e+04 -1.387e+04 -2.829e+04 -1.896e+04 -1.498e+04 -2.479e+04
 -9632 -6075 -7032 -5558 -6307 4013 -6455 -2901 -1931 -8390
 -200 -500 3700 -100 -2300 -800 -2800 -300 -3700 -600
 -1663 -1445 3335 -1578 -3850 -1709 -4410 -936.1 -5386 -329.3
 -1.688e+04 -1.7e+04 -1.76e+04 -2.833e+04 -2.108e+04 -1.097e+04 -1.909e+04 -1.133e+04 -1.049e+04 -2.18e+04
 -5.265e+04 -6.085e+04 -4.079e+04 -7.038e+04 -5.631e+04 -4.921e+04 -6.422e+04 -4.257e+04 -5.112e+04 -5.639e+04
 -8.619e+04 -1.016e+05 -7.184e+04 -9.384e+04 -6.879e+04 -7.132e+04 -8.467e+04 -7.363e+04 -7.993e+04 -7.352e+04
 -6.646e+04 -8.696e+04 -6.062e+04 -7.784e+04 -5.89e+04 -6.463e+04 -7.148e+04 -5.902e+04 -6.261e+04 -6.42e+04
 -4.64e+04 -6.06e+04 -4.73e+04 -6.375e+04 -5.086e+04 -3.613e+04 -4.301e+04 -4.597e+04 -5.242e+04 -4.768e+04
 -2.58e+04 -4.042e+04 -4.336e+04 -5.418e+04 -5.83e+04 -2.123e+04 -5.288e+04 -5.308e+04 -6.033e+04 -3.447e+04
 -5.417e+04 -5.707e+04 -7.409e+04 -5.92e+04 -7.616e+04 -6.097e+04 -7.385e+04 -5.024e+04 -7.327e+04 -7.807e+04
 -9.874e+04 -9.765e+04 -1.16e+05 -1.126e+05 -1.016e+05 -1.101e+05 -1.2e+05 -9.584e+04 -1.164e+05 -1.045e+05
 -7.891e+04 -9.94e+04 -9.106e+04 -8.832e+04 -9.443e+04 -9.637e+04 -1.132e+05 -7.988e+04 -9.109e+04 -9.063e+04
 -5.237e+04 -5.571e+04 -4.814e+04 -3.926e+04 -5.053e+04 -5.884e+04 -6.198e+04 -5.694e+04 -3.447e+04 -4.475e+04
 -1.693e+04 -2.371e+04 -2.737e+04 5235 -2.511e+04 -2.466e+04 -2.553e+04 -1.656e+04 -1.999e+04 -2.294e+04
 -7053 -1.037e+04 -8077 2089 -9589 -7001 -1.094e+04 -6279 -5076 -8274
 -2900 -2700 3200 -500 -2200 -3200 -1900 -2100 -2400 -1200
 -1297 -4947 2803 -2590 -5876 -7764 -5804 -7092 -5512 -1165
 -2.007e+04 -2.123e+04 -2.778e+04 -3.641e+04 -2.507e+04 -6644 -2.143e+04 -2.368e+04 -1.217e+04 -1.742e+04
 -6.357e+04 -7.533e+04 -6.564e+04 -9.062e+04 -6.65e+04 -4.878e+04 -6.948e+04 -6.763e+04 -6.201e+04 -3.767e+04
 -7.725e+04 -9.505e+04 -6.815e+04 -9.456e+04 -6.186e+04 -6.019e+04 -8.403e+04 -7.162e+04 -7.378e+04 -8.073e+04
 -7.257e+04 -7.149e+04 -5.36e+04 -8.604e+04 -6.296e+04 -4.805e+04 -7.233e+04 -8.88e+04 -5.942e+04 -4.362e+04
 -5.313e+04 -6.123e+04 -5.35e+04 -5.911e+04 -6.461e+04 -3.444e+04 -5.608e+04 -7.773e+04 -4.531e+04 -3.004e+04
 -6.47e+04 -5.135e+04 -5.682e+04 -5.416e+04 -6.805e+04 -4.966e+04 -5.579e+04 -7.834e+04 -5.349e+04 -2.656e+04
 -9.885e+04 -7.101e+04 -9.743e+04 -8.374e+04 -9.162e+04 -1.124e+05 -1e+05 -9.115e+04 -1.084e+05 -8.392e+04
 -9.723e+04 -1.039e+05 -1.09e+05 -9.402e+04 -9.973e+04 -1.3e+05 -1.229e+05 -1.101e+05 -1.066e+05 -9.863e+04
 -5.335e+04 -7.047e+04 -6.681e+04 -6.917e+04 -7.622e+04 -7.497e+04 -8.499e+04 -6.67e+04 -6.226e+04 -5.946e+04
 -1.582e+04 -3.17e+04 -3.379e+04 -2.021e+04 -2.914e+04 -4.134e+04 -4.487e+04 -2.998e+04 -3.135e+04 -2.277e+04
 2988 -1.055e+04 -5025 1857 -7945 -2.175e+04 -1.081e+04 -7441 -1.04e+04 -6677
 7912 -1058 -662 -942 -1141 -9222 -1541 -977 -1042 -842
 -667 -621 736 -115 -506 -736 -437 -483 -552 -276
 -1016 -9103 -4198 -1.045e+04 306.1 -5437 -3948 -6469 -6498 -9824
 -2.425e+04 -3.504e+04 -3.797e+04 -4.039e+04 -1.14e+04 -2.147e+04 -2.217e+04 -2.874e+04 -2.158e+04 -2.526e+04
 -5.031e+04 -6.846e+04 -7.381e+04 -6.586e+04 -4.083e+04 -4.719e+04 -5.858e+04 -8.006e+04 -5.82e+04 -3.482e+04
 -7.644e+04 -8.491e+04 -1e+05 -8.438e+04 -5.514e+04 -6.06e+04 -7.345e+04 -9.178e+04 -5.782e+04 -6.739e+04
 -6.68e+04 -7.387e+04 -7.884e+04 -7.594e+04 -4.218e+04 -6.085e+04 -6.119e+04 -9.057e+04 -5.383e+04 -5.778e+04
 -5.4e+04 -6.196e+04 -7.586e+04 -5.747e+04 -5.258e+04 -5.572e+04 -6.932e+04 -8.381e+04 -5.493e+04 -4.758e+04
 -1.029e+05 -8.149e+04 -9.918e+04 -8.444e+04 -9.433e+04 -1.048e+05 -1.059e+05 -1.097e+05 -9.532e+04 -7.451e+04
 -1.156e+05 -1.033e+05 -1.133e+05 -1.01e+05 -1.041e+05 -1.146e+05 -1.214e+05 -1.137e+05 -1.196e+05 -9.572e+04
 -8.332e+04 -8.559e+04 -7.657e+04 -6.81e+04 -7.344e+04 -8.687e+04 -8.937e+04 -8.032e+04 -8.817e+04 -5.595e+04
 -3.43e+04 -3.905e+04 -4.431e+04 -3.679e+04 -3.831e+04 -4.589e+04 -5.783e+04 -4.142e+04 -4.065e+04 -2.097e+04
 -1010 -1.805e+04 -1.324e+04 -1.787e+04 -8225 -2.642e+04 -3.265e+04 -1.766e+04 -2.725e+04 -1.266e+04
