# Created by Octave 5.2.0, Thu Sep 24 23:52:35 2020 CEST <jiwidi@land>
# name: w
# type: matrix
# rows: 197
# columns: 10
 -7.551e+04 -7.008e+04 -7.556e+04 -7.5e+04 -7.078e+04 -7.044e+04 -7.238e+04 -7.357e+04 -7.875e+04 -7.302e+04
 0 0 0 0 0 0 0 0 0 0
 0 0 0 0 0 0 0 0 0 0
 -421.8 -616.4 -600.2 -378.6 -481 -155.7 -318.7 216.4 -441.4 -510.4
 -1849 -2775 -3046 -3054 -2275 -1663 -1403 3455 -2573 -3440
 -2052 -3191 -2473 -3695 -2345 -2402 -2240 2544 -3166 -3810
 -6075 -6933 -5604 -5255 -4421 -6306 -5913 -470.6 -6241 -8320
 -9474 -1.201e+04 -8647 -7801 -1.083e+04 -1.11e+04 -1.107e+04 -8187 -8447 -8981
 -1.662e+04 -1.909e+04 -1.762e+04 -1.439e+04 -2.075e+04 -1.913e+04 -1.626e+04 -1.899e+04 -1.509e+04 -8996
 -2.142e+04 -2.182e+04 -2.293e+04 -2.04e+04 -2.725e+04 -2.53e+04 -2.098e+04 -2.474e+04 -1.937e+04 -1.445e+04
 -2.252e+04 -1.863e+04 -2.337e+04 -2.14e+04 -2.657e+04 -2.56e+04 -2.101e+04 -2.33e+04 -2.159e+04 -1.901e+04
 -1.835e+04 -1.446e+04 -1.97e+04 -1.749e+04 -1.647e+04 -1.968e+04 -1.872e+04 -1.873e+04 -1.893e+04 -2.065e+04
 -9910 -8897 -1.084e+04 -1.051e+04 -7327 -7385 -1.094e+04 -8209 -1.191e+04 -1.27e+04
 -4498 -3752 -4353 -3829 -1605 237.5 -4840 -3762 -4740 -4670
 -400 -190 -302 -400 -342 400 -400 -211 -368 -400
 -95.48 -124 -124 -124 -124 -124 -81.84 124 -124 -124
 -358.5 -481.8 -696.5 -734 -635.5 -334.8 -313.5 795.5 -564.1 -757.9
 -2959 -4624 -3459 -3987 -3787 -2509 -2917 3040 -4270 -5318
 -8026 -1.159e+04 -9602 -8948 -9944 -7236 -8481 3221 -1.003e+04 -1.346e+04
 -1.89e+04 -2.451e+04 -2.014e+04 -1.756e+04 -1.924e+04 -1.88e+04 -2.04e+04 -7600 -1.997e+04 -2.384e+04
 -3.002e+04 -3.578e+04 -2.956e+04 -2.678e+04 -3.157e+04 -3.035e+04 -3.082e+04 -2.025e+04 -2.961e+04 -2.684e+04
 -3.713e+04 -4.537e+04 -3.718e+04 -3.581e+04 -4.4e+04 -4.147e+04 -3.865e+04 -3.008e+04 -3.544e+04 -3.064e+04
 -4.382e+04 -5.163e+04 -4.393e+04 -4.218e+04 -5.463e+04 -4.919e+04 -4.438e+04 -3.804e+04 -4.027e+04 -3.63e+04
 -4.799e+04 -5.154e+04 -4.999e+04 -4.747e+04 -5.888e+04 -5.21e+04 -4.767e+04 -4.275e+04 -4.468e+04 -4.134e+04
 -5.005e+04 -4.864e+04 -5.2e+04 -5.048e+04 -5.865e+04 -5.197e+04 -5.142e+04 -4.608e+04 -4.878e+04 -4.488e+04
 -4.471e+04 -4.365e+04 -4.778e+04 -4.581e+04 -4.369e+04 -4.329e+04 -4.762e+04 -3.945e+04 -4.543e+04 -4.654e+04
 -3.183e+04 -3.119e+04 -3.273e+04 -2.845e+04 -2.485e+04 -2.33e+04 -3.404e+04 -2.481e+04 -2.978e+04 -3.505e+04
 -1.405e+04 -1.315e+04 -1.281e+04 -7644 -1.1e+04 -3066 -1.494e+04 -1.158e+04 -1.4e+04 -1.416e+04
 -3331 -3079 -2539 -2159 -3134 1640 -3197 -2080 -3241 -2952
 -200 -200 -200 200 -200 -200 -199 -200 -200 -200
 -1510 -1713 -785.5 -954.3 -1853 -1193 -1515 -6.646 -1847 -2042
 -5625 -7042 -4926 -5931 -6956 -5560 -6185 325.5 -6013 -7877
 -1.547e+04 -1.876e+04 -1.486e+04 -1.48e+04 -1.796e+04 -1.507e+04 -1.619e+04 -6387 -1.457e+04 -1.851e+04
 -3.095e+04 -3.556e+04 -2.776e+04 -2.908e+04 -3.027e+04 -3.019e+04 -3.174e+04 -2.438e+04 -3.057e+04 -2.568e+04
 -3.664e+04 -4.301e+04 -3.554e+04 -3.715e+04 -3.852e+04 -3.636e+04 -3.8e+04 -3.412e+04 -3.482e+04 -2.918e+04
 -3.245e+04 -3.804e+04 -3.323e+04 -3.359e+04 -3.739e+04 -3.118e+04 -3.434e+04 -2.983e+04 -3.113e+04 -3.332e+04
 -3.003e+04 -3.289e+04 -3.014e+04 -3.144e+04 -3.67e+04 -2.626e+04 -3.037e+04 -2.635e+04 -3.154e+04 -3.589e+04
 -2.869e+04 -2.823e+04 -3.07e+04 -3.291e+04 -3.711e+04 -2.638e+04 -3.274e+04 -2.752e+04 -3.59e+04 -3.737e+04
 -3.84e+04 -3.688e+04 -4.279e+04 -4.45e+04 -4.381e+04 -4.038e+04 -4.702e+04 -3.956e+04 -4.536e+04 -4.379e+04
 -4.05e+04 -4.41e+04 -4.57e+04 -4.685e+04 -4.049e+04 -4.307e+04 -5.08e+04 -3.892e+04 -4.587e+04 -4.5e+04
 -2.809e+04 -3.211e+04 -2.995e+04 -2.577e+04 -2.662e+04 -2.629e+04 -3.454e+04 -2.416e+04 -2.497e+04 -3.186e+04
 -1.315e+04 -1.396e+04 -1.249e+04 -6596 -1.278e+04 -8350 -1.531e+04 -1.28e+04 -1.156e+04 -1.374e+04
 -3858 -3272 -2575 -1444 -3303 177 -3421 -2953 -3350 -3084
 -200 -200 200 -127 -200 -200 -200 -200 -200 -200
 -879.7 -958.5 -365.9 -788.6 -1150 -809.8 -871.2 175.6 -1038 -963.7
 -6561 -8473 -7115 -9428 -8360 -7290 -7363 -2774 -6325 -8933
 -2.019e+04 -2.38e+04 -2.021e+04 -2.463e+04 -2.154e+04 -1.918e+04 -2.169e+04 -1.715e+04 -1.896e+04 -1.599e+04
 -3.218e+04 -3.707e+04 -2.979e+04 -3.582e+04 -2.871e+04 -2.934e+04 -3.391e+04 -3.265e+04 -3.136e+04 -2.29e+04
 -2.533e+04 -3.115e+04 -2.546e+04 -3.091e+04 -2.445e+04 -2.448e+04 -2.938e+04 -2.842e+04 -2.516e+04 -2.685e+04
 -2.108e+04 -2.534e+04 -2.231e+04 -2.768e+04 -2.483e+04 -1.58e+04 -2.032e+04 -2.196e+04 -2.304e+04 -2.469e+04
 -1.566e+04 -1.86e+04 -1.83e+04 -2.37e+04 -2.332e+04 -1.495e+04 -1.915e+04 -2.082e+04 -2.524e+04 -2.175e+04
 -2.013e+04 -1.536e+04 -2.552e+04 -2.745e+04 -2.804e+04 -2.281e+04 -2.635e+04 -2.596e+04 -2.927e+04 -2.552e+04
 -3.439e+04 -3.356e+04 -4.072e+04 -4.253e+04 -3.618e+04 -3.985e+04 -4.459e+04 -3.623e+04 -4.203e+04 -3.826e+04
 -3.289e+04 -4.188e+04 -3.929e+04 -3.83e+04 -3.572e+04 -4.146e+04 -4.442e+04 -3.359e+04 -3.704e+04 -3.764e+04
 -1.987e+04 -2.451e+04 -2.225e+04 -1.884e+04 -2.119e+04 -2.565e+04 -2.772e+04 -2.223e+04 -1.736e+04 -2.246e+04
 -7039 -1.006e+04 -8242 -4542 -9521 -1.033e+04 -1.166e+04 -9730 -8526 -9272
 -1691 -2453 -1696 -814.5 -2361 -2111 -2789 -2420 -2328 -2183
 -200 -200 200 -200 -200 -200 -200 -200 -200 -200
 -530 -1346 -441.7 -1452 -1366 -1740 -1335 -1544 -1229 -1374
 -6979 -8998 -9960 -1.163e+04 -8424 -7142 -8636 -7944 -7428 -7981
 -2.26e+04 -2.707e+04 -2.611e+04 -3.02e+04 -2.173e+04 -1.939e+04 -2.468e+04 -2.536e+04 -2.365e+04 -1.466e+04
 -2.74e+04 -3.341e+04 -3.007e+04 -3.58e+04 -2.344e+04 -2.596e+04 -3.037e+04 -3.097e+04 -2.633e+04 -2.389e+04
 -2.251e+04 -2.722e+04 -2.624e+04 -2.969e+04 -2.29e+04 -1.954e+04 -2.331e+04 -2.567e+04 -2.106e+04 -2.33e+04
 -1.578e+04 -2.017e+04 -1.991e+04 -2.118e+04 -2.062e+04 -1.651e+04 -1.562e+04 -1.947e+04 -1.901e+04 -1.687e+04
 -1.679e+04 -1.236e+04 -1.85e+04 -1.763e+04 -2.035e+04 -1.929e+04 -1.684e+04 -2.138e+04 -2.032e+04 -1.518e+04
 -3.076e+04 -2.366e+04 -3.31e+04 -3.08e+04 -3.208e+04 -3.673e+04 -3.545e+04 -3.248e+04 -3.435e+04 -2.849e+04
 -3.969e+04 -3.98e+04 -4.295e+04 -3.74e+04 -3.688e+04 -4.888e+04 -4.554e+04 -3.866e+04 -4.061e+04 -3.869e+04
 -2.6e+04 -3.231e+04 -2.889e+04 -2.682e+04 -2.728e+04 -3.605e+04 -3.477e+04 -2.77e+04 -2.644e+04 -2.789e+04
 -8326 -1.487e+04 -1.327e+04 -1.122e+04 -1.254e+04 -2.036e+04 -1.939e+04 -1.572e+04 -1.21e+04 -1.383e+04
 431.1 -3923 -2715 -2741 -3843 -7209 -6148 -4109 -5069 -3465
 1411 -685.6 -543.3 -1178 -842.8 -1968 -1231 -658.5 -883.6 -645.9
 -46 -46 46 -46 -46 -46 -46 -46 -46 -46
 -527.6 -2588 -2776 -3516 -1340 -2519 -2844 -3593 -3107 -3338
 -8929 -1.187e+04 -1.396e+04 -1.448e+04 -6286 -8399 -1.167e+04 -1.274e+04 -1.186e+04 -1.102e+04
 -2.145e+04 -2.683e+04 -2.766e+04 -2.957e+04 -1.778e+04 -1.925e+04 -2.348e+04 -2.771e+04 -2.519e+04 -1.757e+04
 -2.894e+04 -3.43e+04 -3.574e+04 -3.568e+04 -2.667e+04 -2.253e+04 -2.905e+04 -3.457e+04 -2.647e+04 -2.379e+04
 -2.738e+04 -3.119e+04 -3.325e+04 -3.003e+04 -2.748e+04 -2.298e+04 -2.473e+04 -3.164e+04 -2.262e+04 -2.276e+04
 -2.542e+04 -2.54e+04 -2.776e+04 -2.221e+04 -2.736e+04 -2.438e+04 -2.45e+04 -3.103e+04 -2.411e+04 -1.897e+04
 -3.621e+04 -2.571e+04 -3.602e+04 -2.874e+04 -3.687e+04 -3.437e+04 -3.755e+04 -4.031e+04 -3.34e+04 -2.782e+04
 -4.609e+04 -3.784e+04 -4.458e+04 -3.756e+04 -4.12e+04 -4.44e+04 -4.716e+04 -4.218e+04 -4.261e+04 -3.889e+04
 -3.903e+04 -3.771e+04 -3.546e+04 -3.118e+04 -3.29e+04 -3.828e+04 -4.013e+04 -3.42e+04 -3.595e+04 -3.342e+04
 -1.703e+04 -1.966e+04 -1.645e+04 -1.722e+04 -1.727e+04 -2.242e+04 -2.43e+04 -1.825e+04 -1.908e+04 -1.755e+04
 -357.2 -8431 -5576 -9710 -6789 -1.182e+04 -1.335e+04 -9081 -1.042e+04 -8365
 3256 -2427 -1572 -4380 -2824 -4986 -4780 -2690 -3417 -2373
 1349 -408.8 -531.8 -891.8 -579.8 -1449 -951.4 -422.2 -659.3 -456.5
 332.7 -328 -922 -545.6 -260.5 -677.8 -414.5 -620.3 -450.5 -489
 -1750 -4860 -6463 -6428 -881.3 -3960 -5142 -6394 -6025 -5376
 -7098 -1.166e+04 -1.523e+04 -1.508e+04 -3910 -8790 -1.153e+04 -1.398e+04 -1.48e+04 -1.311e+04
