# Created by Octave 5.2.0, Thu Sep 24 23:53:18 2020 CEST <jiwidi@land>
# name: w
# type: matrix
# rows: 197
# columns: 10
 -5.9e+05 -4.8e+05 -5.2e+05 -5.4e+05 -5e+05 -4.4e+05 -5.1e+05 -4.9e+05 -7.1e+05 -5.1e+05
 0 0 0 0 0 0 0 0 0 0
 0 0 0 0 0 0 0 0 0 0
 -1e+04 0 -3e+04 0 -2e+04 3e+04 -1e+04 0 -2e+04 -1e+04
 -1.38e+04 -2.84e+04 -4.22e+04 -8400 -2.22e+04 1.23e+04 -1.38e+04 6.15e+04 -2.22e+04 -3.53e+04
 -1e+04 -5.23e+04 5400 -2.383e+04 -4600 -3.46e+04 -3e+04 8.23e+04 -3.307e+04 -4.23e+04
 -8.46e+04 -8e+04 -1.536e+04 -2.1e+04 2.17e+04 -7.477e+04 -5.617e+04 4.54e+04 -3.08e+04 -1.116e+05
 -8.85e+04 -1.323e+05 -5.311e+04 -1.101e+05 -8.7e+04 -1.411e+05 -9.77e+04 -9.97e+04 6200 -5.259e+04
 -1.624e+05 -2.178e+05 -1.63e+05 -1.484e+05 -1.809e+05 -1.654e+05 -1.339e+05 -1.954e+05 -9.93e+04 -4.847e+04
 -1.916e+05 -1.34e+05 -1.509e+05 -1.359e+05 -2.47e+05 -2.038e+05 -1.87e+05 -2.393e+05 -1.203e+05 -8.3e+04
 -1.875e+05 -1.031e+05 -1.15e+05 -1.394e+05 -1.96e+05 -1.663e+05 -1.261e+05 -1.561e+05 -1.114e+05 -1.16e+05
 -1.323e+05 -5.493e+04 -1.191e+05 -1.273e+05 -1.293e+05 -1.114e+05 -1.154e+05 -1.526e+05 -6.51e+04 -1.34e+05
 -5.55e+04 -4500 -1.047e+05 -8.4e+04 -3.93e+04 5400 -4.3e+04 -3.06e+04 -1.186e+05 -1.063e+05
 -5.54e+04 0 -5e+04 -7.08e+04 6900 5.85e+04 -7.46e+04 -5e+04 -1.046e+05 -3.61e+04
 0 0 0 0 0 0 0 0 0 0
 0 0 -6200 -6200 0 0 0 1.24e+04 0 -1.24e+04
 -1200 0 -4480 -1.12e+04 0 2400 -1320 1.34e+04 -1e+04 -2400
 -2.82e+04 -1.775e+04 -2.033e+04 -2.795e+04 -3.005e+04 1.686e+04 -5.76e+04 2.908e+04 -4.921e+04 -3.644e+04
 -6.327e+04 -6.824e+04 -5.131e+04 -2.331e+04 -6.114e+04 -3.494e+04 -8.139e+04 4.148e+04 -7.365e+04 -1.05e+05
 -1.698e+05 -1.778e+05 -1.352e+05 -1.008e+05 -9.736e+04 -1.26e+05 -2.082e+05 -5.693e+04 -1.506e+05 -2.253e+05
 -2.286e+05 -3.191e+05 -2.452e+05 -2.267e+05 -2.595e+05 -2.549e+05 -2.627e+05 -1.424e+05 -2.819e+05 -2.43e+05
 -2.621e+05 -4.018e+05 -3.074e+05 -2.433e+05 -3.361e+05 -3.381e+05 -3.126e+05 -2.294e+05 -3.175e+05 -2.539e+05
 -3.548e+05 -4.333e+05 -3.255e+05 -3.143e+05 -4.813e+05 -3.812e+05 -3.767e+05 -2.865e+05 -3.107e+05 -2.232e+05
 -3.451e+05 -4.177e+05 -4.069e+05 -3.444e+05 -5.245e+05 -3.413e+05 -3.416e+05 -2.818e+05 -2.72e+05 -2.144e+05
 -4.177e+05 -3.345e+05 -3.713e+05 -3.586e+05 -4.447e+05 -3.634e+05 -3.93e+05 -2.985e+05 -3.512e+05 -2.929e+05
 -3e+05 -3.045e+05 -2.716e+05 -3.446e+05 -2.429e+05 -2.649e+05 -3.25e+05 -1.765e+05 -2.531e+05 -3.516e+05
 -2.172e+05 -1.772e+05 -2.389e+05 -2.59e+05 -1.365e+05 -1.098e+05 -2.288e+05 -1.345e+05 -2.657e+05 -2.35e+05
 -1.092e+05 -4.966e+04 -1.325e+05 -6.169e+04 -2.107e+04 5.211e+04 -1.475e+05 -5.007e+04 -1.636e+05 -9.189e+04
 -2.46e+04 -1.77e+04 -1e+04 -2.77e+04 -2.76e+04 4.76e+04 -3.99e+04 1e+04 -3e+04 -3e+04
 0 0 0 0 0 0 0 0 0 0
 -8600 -47 2.553e+04 -2.865e+04 -47 -2847 -3.86e+04 5878 -3.016e+04 -1.717e+04
 -2.836e+04 -3.979e+04 -2.26e+04 -2.266e+04 -5.12e+04 -2.016e+04 -5.309e+04 -520 -2.278e+04 -6.976e+04
 -1.004e+05 -1.217e+05 -9.854e+04 -7.516e+04 -1.226e+05 -8.556e+04 -1.399e+05 -7.141e+04 -5.92e+04 -1.989e+05
 -2.102e+05 -2.773e+05 -1.664e+05 -2.193e+05 -2.025e+05 -2.525e+05 -2.811e+05 -2.136e+05 -2.551e+05 -2.045e+05
 -2.615e+05 -3.254e+05 -3.323e+05 -2.431e+05 -2.916e+05 -3.062e+05 -2.98e+05 -3.017e+05 -2.84e+05 -2.166e+05
 -2.203e+05 -2.783e+05 -2.764e+05 -1.902e+05 -2.545e+05 -2.467e+05 -2.529e+05 -1.75e+05 -1.938e+05 -2.429e+05
 -1.409e+05 -2.065e+05 -2.051e+05 -1.938e+05 -2.481e+05 -1.533e+05 -2.177e+05 -1.403e+05 -1.341e+05 -2.109e+05
 -1.152e+05 -1.547e+05 -2.06e+05 -2.101e+05 -2.733e+05 -1.589e+05 -1.979e+05 -1.614e+05 -2.897e+05 -2.555e+05
 -2.27e+05 -2.528e+05 -3.086e+05 -3.417e+05 -2.71e+05 -3.057e+05 -3.399e+05 -2.805e+05 -2.722e+05 -3.131e+05
 -2.224e+05 -3.135e+05 -2.66e+05 -3.022e+05 -2.584e+05 -3.767e+05 -3.899e+05 -2.2e+05 -2.616e+05 -3.184e+05
 -1.541e+05 -2.22e+05 -2.505e+05 -1.233e+05 -1.56e+05 -1.813e+05 -2.345e+05 -1.223e+05 -1.346e+05 -1.988e+05
 -8.517e+04 -7.826e+04 -1.336e+05 910 -8.773e+04 4518 -8.5e+04 -4.365e+04 -3.64e+04 -6.52e+04
 -5.6e+04 -1.7e+04 -1.62e+04 -1.12e+04 -3.53e+04 2.16e+04 -2.7e+04 -7000 -4200 -3.22e+04
 0 0 1e+04 0 0 0 0 0 -1e+04 0
 -2887 0 5310 -3005 -2.3 6000 -3023 -3002 -1.46e+04 -1400
 -6.537e+04 -6.475e+04 -7.084e+04 -1.021e+05 -6.246e+04 -2.259e+04 -6.096e+04 5167 -3.146e+04 -9.923e+04
 -1.419e+05 -2.314e+05 -1.145e+05 -2.514e+05 -1.811e+05 -1.351e+05 -2.184e+05 -1.138e+05 -1.483e+05 -1.882e+05
 -2.624e+05 -3.159e+05 -1.806e+05 -2.836e+05 -1.684e+05 -2.183e+05 -2.573e+05 -2.241e+05 -2.603e+05 -1.767e+05
 -1.994e+05 -2.524e+05 -1.716e+05 -2.43e+05 -1.189e+05 -1.807e+05 -2.154e+05 -1.578e+05 -1.601e+05 -1.64e+05
 -1.415e+05 -1.992e+05 -1.227e+05 -2.355e+05 -1.44e+05 -6.289e+04 -1.146e+05 -1.109e+05 -1.136e+05 -1.275e+05
 -4.557e+04 -1.171e+05 -1.027e+05 -2.163e+05 -1.704e+05 -1.302e+04 -1.41e+05 -1.522e+05 -2.188e+05 -8.406e+04
 -1.162e+05 -1.044e+05 -2.069e+05 -1.442e+05 -2.187e+05 -1.625e+05 -1.967e+05 -1.286e+05 -2.128e+05 -1.592e+05
 -2.385e+05 -2.328e+05 -3.117e+05 -2.829e+05 -2.53e+05 -3e+05 -3.55e+05 -2.313e+05 -2.96e+05 -2.915e+05
 -1.915e+05 -3.249e+05 -2.836e+05 -2.341e+05 -3.212e+05 -3.34e+05 -3.939e+05 -2.563e+05 -2.669e+05 -2.428e+05
 -1.734e+05 -1.804e+05 -1.828e+05 -1.122e+05 -1.518e+05 -2.218e+05 -2.315e+05 -1.864e+05 -8.048e+04 -1.324e+05
 -2.126e+04 -7.635e+04 -1.03e+05 5.43e+04 -5.964e+04 -4.598e+04 -5.957e+04 -2.217e+04 -3.15e+04 -8.109e+04
 -2.24e+04 -3.58e+04 -1.44e+04 2.83e+04 -3.58e+04 5700 -2.16e+04 -1.58e+04 -7200 -2.58e+04
 -1e+04 -1e+04 3e+04 0 0 -1e+04 0 0 -2e+04 0
 2250 -1e+04 4.125e+04 -1.044e+04 -15.6 -2.453e+04 -9800 739.6 -2.898e+04 4408
 -9.362e+04 -9.779e+04 -1.256e+05 -1.775e+05 -8.714e+04 797 -1.035e+05 -8.699e+04 -5.157e+04 -5.129e+04
 -1.973e+05 -2.503e+05 -2.157e+05 -3.588e+05 -2.279e+05 -1.372e+05 -2.445e+05 -2.419e+05 -1.99e+05 -1.299e+05
 -2.507e+05 -3.202e+05 -2.066e+05 -3.338e+05 -1.75e+05 -1.744e+05 -2.936e+05 -2.182e+05 -2.117e+05 -2.219e+05
 -2.014e+05 -2.089e+05 -1.174e+05 -2.618e+05 -1.749e+05 -1.23e+05 -2.097e+05 -2.527e+05 -1.549e+05 -1.191e+05
 -1.438e+05 -1.777e+05 -1.287e+05 -2.036e+05 -1.997e+05 -6.555e+04 -1.552e+05 -2.278e+05 -1.177e+05 -8.474e+04
 -1.855e+05 -1.426e+05 -1.433e+05 -1.491e+05 -2.002e+05 -1.245e+05 -1.296e+05 -2.18e+05 -1.288e+05 -6.268e+04
 -2.621e+05 -1.755e+05 -2.4e+05 -1.942e+05 -2.325e+05 -3.458e+05 -2.878e+05 -2.296e+05 -3.267e+05 -1.923e+05
 -2.54e+05 -2.921e+05 -3.273e+05 -2.312e+05 -2.503e+05 -4.363e+05 -3.827e+05 -2.88e+05 -3.132e+05 -2.865e+05
 -1.422e+05 -1.916e+05 -1.938e+05 -2.123e+05 -2.166e+05 -2.582e+05 -2.806e+05 -1.824e+05 -1.652e+05 -1.584e+05
 -2.76e+04 -1.158e+05 -1.238e+05 -5.449e+04 -9.161e+04 -1.751e+05 -1.715e+05 -1.004e+05 -1.044e+05 -6.871e+04
 6.171e+04 -4.469e+04 -9720 -513.5 -4.66e+04 -8.231e+04 -4.029e+04 -3.009e+04 -4.414e+04 -8490
 2.99e+04 -3000 -2900 3000 -2.14e+04 -4.14e+04 -9900 -1.14e+04 -1500 0
 -2300 -2300 6900 0 0 -2300 0 0 -4600 0
 9938 -1.548e+04 -307 -4.258e+04 6130 -2.177e+04 -3.236e+04 -2.218e+04 -3.248e+04 -1.881e+04
 -7.414e+04 -1.376e+05 -1.867e+05 -1.806e+05 -2.963e+04 -4.236e+04 -7.144e+04 -1.359e+05 -8.67e+04 -1.001e+05
 -1.442e+05 -2.324e+05 -2.979e+05 -2.337e+05 -1.06e+05 -1.105e+05 -1.967e+05 -2.839e+05 -1.975e+05 -8.121e+04
 -1.617e+05 -2.222e+05 -2.972e+05 -2.72e+05 -1.42e+05 -1.462e+05 -1.7e+05 -2.774e+05 -9.352e+04 -1.823e+05
 -1.623e+05 -2.034e+05 -2.438e+05 -2.4e+05 -9.503e+04 -1.518e+05 -1.755e+05 -2.691e+05 -9.811e+04 -1.57e+05
 -1.474e+05 -2.014e+05 -2.552e+05 -1.856e+05 -1.225e+05 -1.269e+05 -2.002e+05 -2.453e+05 -1.561e+05 -9.341e+04
 -2.833e+05 -2.061e+05 -2.827e+05 -2.094e+05 -2.5e+05 -2.79e+05 -3.535e+05 -3.18e+05 -2.812e+05 -1.684e+05
 -3.374e+05 -2.678e+05 -3.353e+05 -2.791e+05 -2.754e+05 -2.999e+05 -3.729e+05 -2.658e+05 -3.506e+05 -2.315e+05
 -2.412e+05 -2.29e+05 -1.9e+05 -1.709e+05 -1.827e+05 -2.345e+05 -2.765e+05 -2.153e+05 -2.616e+05 -1.557e+05
 -9.056e+04 -1.304e+05 -1.366e+05 -1.249e+05 -1.007e+05 -1.345e+05 -2.096e+05 -1.267e+05 -1.635e+05 -9.744e+04
