# Created by Octave 5.2.0, Thu Sep 24 23:53:09 2020 CEST <jiwidi@land>
# name: w
# type: matrix
# rows: 197
# columns: 10
 -3.8e+04 -3.3e+04 -3.5e+04 -3.7e+04 -3.4e+04 -2.8e+04 -3.3e+04 -3.3e+04 -5.1e+04 -3.3e+04
 0 0 0 0 0 0 0 0 0 0
 0 0 0 0 0 0 0 0 0 0
 -1000 -1000 -3000 0 -1000 2000 0 1000 -2000 -1000
 -1380 -2460 -3220 -840 -1530 690 -690 3460 -2070 -1920
 -1000 -2000 2540 -2460 -460 -2000 -3000 3080 -3000 -2620
 -6540 -6077 -1843 -3000 -520 -9940 -5617 -500 -3850 -9210
 -5770 -7690 -4000 -7851 -8840 -1.044e+04 -8540 -7511 -400 -5009
 -8463 -1.115e+04 -1.337e+04 -8391 -1.261e+04 -1.024e+04 -6860 -1.586e+04 -3140 -1463
 -1.1e+04 -7610 -9460 -7570 -1.862e+04 -1.538e+04 -1.176e+04 -1.862e+04 -5290 -4450
 -1.022e+04 -8000 -5980 -1.222e+04 -1.499e+04 -1.144e+04 -1.051e+04 -8150 -8517 -7733
 -1.207e+04 -6990 -6060 -1.288e+04 -8010 -7330 -1.047e+04 -1.045e+04 -2430 -1.222e+04
 -9087 -2690 -8390 -6470 -2620 777 -7000 -380 -9317 -7240
 -4000 1000 -4000 -6080 -850 6390 -4460 -2000 -6000 -2000
 -1000 0 0 0 0 1000 0 0 -1000 0
 0 0 0 0 0 0 0 1240 0 -1240
 0 -480 -460 -120 0 120 -120 1940 -1000 0
 -2000 -3350 -2044 -284.7 -2021 840.6 -2790 3354 -5901 -3549
 -4557 -6082 -3578 -2925 -5133 -1545 -6139 4915 -5949 -7882
 -9600 -1.489e+04 -9889 -5566 -6649 -5313 -1.476e+04 -220.7 -9747 -1.882e+04
 -1.528e+04 -2.172e+04 -1.825e+04 -1.432e+04 -1.788e+04 -1.559e+04 -1.717e+04 -7570 -1.73e+04 -1.562e+04
 -1.797e+04 -2.886e+04 -2.047e+04 -2.013e+04 -2.529e+04 -2.267e+04 -2.372e+04 -1.605e+04 -2.338e+04 -1.518e+04
 -2.523e+04 -3.092e+04 -1.948e+04 -2.147e+04 -3.506e+04 -2.621e+04 -2.693e+04 -2.157e+04 -2.432e+04 -1.309e+04
 -2.307e+04 -2.903e+04 -2.836e+04 -2.353e+04 -3.825e+04 -2.634e+04 -2.6e+04 -1.938e+04 -2.084e+04 -1.36e+04
 -2.607e+04 -2.502e+04 -2.601e+04 -2.699e+04 -3.162e+04 -2.321e+04 -2.665e+04 -2.046e+04 -2.519e+04 -1.837e+04
 -2.174e+04 -2.201e+04 -2.308e+04 -2.73e+04 -1.931e+04 -1.772e+04 -2.361e+04 -1.218e+04 -2.239e+04 -2.425e+04
 -1.668e+04 -1.492e+04 -2.078e+04 -1.524e+04 -8378 -6948 -1.98e+04 -1.175e+04 -2.349e+04 -1.946e+04
 -8136 -1288 -5943 -479 872.4 4610 -6795 -1576 -1.155e+04 -7418
 -2820 0 -150 -1460 -1000 4130 -1000 1000 -1670 -2000
 0 0 0 1000 0 0 0 0 0 -1000
 0 0 1558 135.3 -4.7 -170.2 -1860 443.1 -2999 -994.4
 -1370 -2349 -747 -1687 -4144 -2450 -3864 1360 -407.2 -6506
 -8013 -9368 -5361 -4464 -1.229e+04 -8890 -9926 -2681 -4682 -1.203e+04
 -1.412e+04 -2.1e+04 -6836 -1.261e+04 -1.567e+04 -1.398e+04 -1.994e+04 -1.246e+04 -1.706e+04 -1.426e+04
 -1.971e+04 -2.534e+04 -2.198e+04 -1.926e+04 -2.007e+04 -1.957e+04 -2.031e+04 -1.928e+04 -1.575e+04 -1.439e+04
 -1.462e+04 -2.018e+04 -1.968e+04 -1.45e+04 -1.732e+04 -1.745e+04 -1.632e+04 -1.024e+04 -1.734e+04 -1.694e+04
 -1.019e+04 -1.114e+04 -1.43e+04 -1.35e+04 -1.786e+04 -9451 -1.576e+04 -8459 -1.255e+04 -1.83e+04
 -4330 -1.07e+04 -1.448e+04 -1.423e+04 -2.03e+04 -1.331e+04 -1.348e+04 -7699 -1.894e+04 -1.964e+04
 -1.33e+04 -1.398e+04 -1.888e+04 -2.296e+04 -1.54e+04 -2.323e+04 -2.237e+04 -1.881e+04 -1.399e+04 -2.639e+04
 -1.621e+04 -1.946e+04 -1.767e+04 -1.986e+04 -1.373e+04 -2.721e+04 -2.853e+04 -9972 -1.832e+04 -2.158e+04
 -1.269e+04 -1.58e+04 -1.89e+04 -6962 -1.127e+04 -1.499e+04 -2.082e+04 -8710 -1.327e+04 -1.684e+04
 -6334 -5385 -6065 987 -7659 -2942 -8315 -2935 -2020 -7820
 -6140 -990 -2830 -530 -1470 2470 -2700 -530 -690 -3370
 0 0 1000 0 0 -1000 0 0 -1000 0
 -16 0 524 59.54 -0.23 -1160 -284.2 -0.23 -999.5 559.8
 -3969 -3491 -4941 -9053 -5960 -3913 -4286 -690.2 134.3 -4808
 -1.142e+04 -1.544e+04 -7414 -1.803e+04 -1.325e+04 -1.068e+04 -1.6e+04 -8363 -1.186e+04 -1.265e+04
 -1.726e+04 -2.242e+04 -1.031e+04 -1.815e+04 -1.166e+04 -1.217e+04 -1.88e+04 -1.464e+04 -1.812e+04 -1.314e+04
 -1.237e+04 -1.918e+04 -1.058e+04 -2.013e+04 -7699 -1.476e+04 -1.613e+04 -7546 -1.148e+04 -1.425e+04
 -9136 -1.396e+04 -7885 -1.841e+04 -1.01e+04 -1081 -9242 -6914 -1.049e+04 -9230
 -3672 -9394 -8430 -1.341e+04 -1.281e+04 -1508 -9301 -1.28e+04 -1.377e+04 -8227
 -6188 -7189 -1.36e+04 -9283 -1.445e+04 -1.161e+04 -1.287e+04 -9740 -1.415e+04 -1.165e+04
 -1.378e+04 -1.312e+04 -1.843e+04 -1.875e+04 -1.537e+04 -1.911e+04 -2.208e+04 -1.197e+04 -2.131e+04 -1.861e+04
 -1.407e+04 -2.193e+04 -1.821e+04 -1.36e+04 -1.781e+04 -2.293e+04 -2.812e+04 -1.394e+04 -1.812e+04 -1.43e+04
 -1.612e+04 -1.658e+04 -1.412e+04 -6279 -1.269e+04 -1.756e+04 -1.839e+04 -1.401e+04 -5770 -9981
 -607.7 -6266 -6145 5627 -7037 -6661 -5147 -1922 -2331 -8922
 -410 -3440 -2260 2920 -1580 -2250 -1580 -1000 140 -2580
 0 -1000 1000 0 0 0 0 0 0 0
 -477.9 -1000 3405 -1023 -1001 -3857 -260.8 -925.8 -438.2 899.2
 -4611 -6281 -1.178e+04 -1.429e+04 -7610 -1677 -5875 -7970 -1939 -2261
 -1.349e+04 -1.642e+04 -1.576e+04 -2.903e+04 -1.728e+04 -8084 -1.824e+04 -1.979e+04 -1.603e+04 -4828
 -1.642e+04 -1.885e+04 -1.302e+04 -2.618e+04 -8751 -8844 -2.024e+04 -1.747e+04 -1.264e+04 -1.23e+04
 -1.603e+04 -1.256e+04 -7170 -2.008e+04 -1.216e+04 -5699 -1.502e+04 -1.792e+04 -7516 -7815
 -1.268e+04 -1.033e+04 -1.014e+04 -1.287e+04 -1.66e+04 -2591 -9852 -1.679e+04 -1.067e+04 -6271
 -1.532e+04 -6427 -9815 -7547 -1.722e+04 -7192 -8145 -1.658e+04 -1.199e+04 -3421
 -1.921e+04 -1.143e+04 -1.885e+04 -1.353e+04 -1.468e+04 -2.352e+04 -2.19e+04 -1.559e+04 -2.075e+04 -1.147e+04
 -1.69e+04 -1.708e+04 -2.076e+04 -1.292e+04 -1.304e+04 -3.022e+04 -2.334e+04 -1.757e+04 -1.84e+04 -1.812e+04
 -1.201e+04 -1.604e+04 -1.256e+04 -1.289e+04 -1.378e+04 -1.875e+04 -1.864e+04 -1.301e+04 -1.001e+04 -8566
 -2270 -8836 -7285 -5146 -6851 -1.59e+04 -1.383e+04 -6944 -5254 -6632
 4551 -3013 -287.6 297.6 -3059 -9073 -3009 -3009 -4089 -1949
 2990 -1140 -140 150 -150 -3990 -990 -1140 -150 -150
 0 -230 230 0 0 0 0 0 0 0
 2011 -2008 -798 -1978 1361 -3610 -236.5 -3208 -504.5 -829
 -5314 -6561 -1.481e+04 -1.351e+04 -2516 -3523 -3999 -1.056e+04 -6729 -4980
 -9190 -1.559e+04 -2.404e+04 -2.013e+04 -1.013e+04 -1.133e+04 -1.541e+04 -1.953e+04 -1.755e+04 -2033
 -9575 -1.606e+04 -2.484e+04 -1.761e+04 -5034 -7581 -1.282e+04 -2.113e+04 -3075 -9939
 -1.149e+04 -1.342e+04 -1.915e+04 -1.767e+04 -7118 -6435 -1.078e+04 -1.995e+04 -5344 -1.267e+04
 -1.036e+04 -1.348e+04 -2.05e+04 -1.24e+04 -1.124e+04 -1.022e+04 -1.163e+04 -1.902e+04 -1.299e+04 -5835
 -1.79e+04 -1.358e+04 -1.81e+04 -1.574e+04 -1.901e+04 -2.199e+04 -2.687e+04 -2.446e+04 -2.3e+04 -9593
 -2.457e+04 -1.554e+04 -2.149e+04 -1.536e+04 -1.567e+04 -2.116e+04 -2.716e+04 -1.741e+04 -1.95e+04 -1.611e+04
 -1.904e+04 -1.668e+04 -1.578e+04 -1.244e+04 -1.226e+04 -1.498e+04 -2.001e+04 -1.566e+04 -1.805e+04 -4541
 -7741 -1.179e+04 -1.212e+04 -9858 -1.074e+04 -1.055e+04 -1.606e+04 -9873 -1.003e+04 -4703
 1667 -5000 -2494 -8178 83.38 -8795 -9651 -4682 -9769 -5194
 2994 -3006 -1001 -3048 -1036 -3986 -3006 -3006 -1979 -2006
 2017 0 0 0 0 -2017 0 0 0 0
 310 -1000 -1690 0 460 -1000 -310 -1000 -460 0
 -355 -1021 -7361 -1697 179 165 1533 -5021 -5537 339
 -3155 -6340 -1.688e+04 -1.173e+04 -3784 2398 -6402 -1.101e+04 -1.376e+04 -5896
 -7394 -1.167e+04 -1.765e+04 -1.004e+04 -5080 -5411 -7402 -1.622e+04 -1.366e+04 -1.127e+04
 -8925 -1.172e+04 -2.262e+04 -1.614e+04 -8701 -990.7 -1.334e+04 -1.902e+04 -1.432e+04 -1.34e+04
 -1.551e+04 -1.86e+04 -2.523e+04 -1.619e+04 -1.427e+04 -8652 -1.528e+04 -2.717e+04 -1.463e+04 -1.515e+04
 -2.404e+04 -1.861e+04 -2.232e+04 -1.649e+04 -1.941e+04 -1.452e+04 -2.55e+04 -2.204e+04 -1.765e+04 -1.454e+04
 -2.824e+04 -1.813e+04 -2.195e+04 -1.408e+04 -2.084e+04 -2.077e+04 -2.682e+04 -2.172e+04 -1.315e+04 -2.153e+04
 -2.276e+04 -9139 -1.878e+04 -7880 -1.132e+04 -1.74e+04 -1.923e+04 -1.543e+04 -8370 -1.276e+04
 -1.662e+04 -9417 -1.19e+04 -6782 -1.327e+04 -1.073e+04 -1.53e+04 -8833 -1.563e+04 -8454
 -6920 -8236 -2942 -8952 -2685 -6489 -1.237e+04 -5292 -1.751e+04 -8362
 -472.5 -6132 -3554 -816.7 -268.9 -9266 -5787 -5142 -1.061e+04 -6812
 3717 -2990 -3120 135.5 -1992 -6186 -3380 -3130 -2000 -2006
 230 0 0 0 0 -230 0 0 0 0
 0 -1000 -3000 0 2760 -2000 1000 -1000 -2000 -760
 3153 -3270 -9450 -3605 2129 -8077 -22.6 -7480 -7920 -2530
