# Created by Octave 5.2.0, Thu Sep 24 23:50:53 2020 CEST <jiwidi@land>
# name: w
# type: matrix
# rows: 197
# columns: 10
 -22.8 -20.2 -21.1 -22.5 -21.9 -19.1 -21 -20.4 -28 -21.6
 0 0 0 0 0 0 0 0 0 0
 0 0 0 0 0 0 0 0 0 0
 -0.2 -0.2082 -0.6 -0.3 -0.5 0.8 -0.2 -0.3918 -0.7 -0.2
 -0.522 -1.015 -1.129 -0.722 -0.66 0.268 -0.322 1.17 -0.782 -0.707
 -0.523 -1.523 -0.154 -1.415 -0.492 -0.923 -0.846 1.8 -0.9767 -1.562
 -1.779 -2.402 -1.263 -1.372 -0.575 -2.509 -1.595 0.8043 -1.37 -3.456
 -3.09 -3.811 -2.756 -3.755 -3.379 -4.704 -3.708 -3.201 -1.921 -2.58
 -5.676 -5.937 -5.936 -5.051 -6.231 -6.068 -5.232 -6.95 -4.389 -1.544
 -6.743 -4.094 -6.624 -5.002 -7.93 -6.714 -6.63 -8.755 -5.022 -3.09
 -7.136 -6.042 -5.847 -6.42 -7.881 -7.315 -5.937 -5.894 -5.858 -5.281
 -5.701 -4.923 -5.54 -5.645 -4.769 -5.573 -5.666 -6.387 -4.635 -6.069
 -3.317 -1.204 -3.779 -2.66 -2.042 -1.206 -2.951 -1.589 -4.375 -4.145
 -1.985 -0.3683 -2.477 -2.393 -0.8167 1.262 -2.438 -1.807 -2.261 -1.253
 -0.1 0 -0.1 -0.1 -0.1 0.1 -0.1 -0.1 -0.1 -0.1
 0 0 -0.124 -0.248 -0.062 -0.062 0 0.31 0 -0.31
 -0.024 -0.1072 -0.1555 -0.4712 -0.1592 0.0348 -0.0265 0.4848 -0.1012 -0.198
 -1.165 -1.211 -0.9353 -1.161 -1.285 0.1449 -1.253 0.4953 -1.811 -1.19
 -2.598 -3.055 -2.402 -1.747 -2.36 -1.138 -2.532 0.3459 -3.032 -3.328
 -6.046 -7.416 -5.607 -4.264 -4.384 -4.721 -7.662 -3.558 -5.207 -8.437
 -9.504 -11.82 -9.721 -8.688 -9.044 -9.687 -9.946 -5.22 -9.491 -10.3
 -11.25 -14.51 -11.5 -10.43 -12.48 -12.52 -12.21 -8.392 -12.32 -9.77
 -13.82 -16.15 -13.26 -12.67 -17.71 -14.22 -14.68 -11.77 -13.28 -9.324
 -13.09 -15.25 -15.56 -13.64 -18.99 -14.5 -14.37 -12.02 -12.31 -9.347
 -14.62 -14.49 -14.97 -14.7 -17.15 -13.98 -15.69 -11.67 -14.38 -12.24
 -12.19 -12.04 -11.93 -13.41 -11.19 -11.51 -12.9 -9.165 -11.9 -12.97
 -8.439 -7.763 -9.376 -8.62 -5.816 -5.433 -9.172 -6.641 -10.11 -9.565
 -4.18 -2.409 -4.113 -2.588 -2.561 1.183 -3.865 -2.659 -4.748 -3.712
 -0.625 -0.4 -0.917 -1.083 -0.762 1.131 -0.466 0.025 -0.611 -0.843
 -0.2 -0.1 -0.2 0.2 0 -0.2 0 0 0 -0.2
 -0.6745 -0.4352 0.2749 -0.6185 -0.4365 -0.4474 -0.8783 0.06812 -0.7077 -0.8032
 -1.607 -1.758 -1.375 -2.014 -2.091 -1.568 -2.197 -0.6018 -1.267 -2.299
 -4.855 -4.854 -4.252 -3.17 -5.261 -3.965 -5.43 -2.244 -3.181 -6.02
 -9.09 -10.91 -7.508 -8.833 -8.282 -9.816 -10.79 -8.207 -9.188 -8.797
 -10.14 -12.67 -11.34 -10.64 -11.54 -11.1 -11.31 -9.764 -9.336 -9.423
 -8.733 -10.62 -9.402 -8.053 -9.813 -8.882 -9.186 -6.23 -8.053 -10.38
 -7.192 -7.488 -7.422 -7.9 -9.751 -6.98 -8.666 -6.341 -6.57 -9.267
 -5.982 -7.195 -8.18 -8.234 -10.76 -7.93 -9.424 -6.786 -9.951 -10.91
 -10.1 -11.49 -13.03 -13.77 -11.83 -12.85 -13.18 -11.86 -10.88 -13.44
 -11.27 -13.06 -12.04 -12.8 -10.29 -13.76 -14.17 -10.39 -11.75 -13.45
 -7.068 -7.88 -9.051 -5.333 -6.572 -6.485 -8.644 -5.428 -5.578 -7.28
 -3.079 -2.717 -3.648 -0.7593 -3.931 -1.625 -3.157 -2.278 -1.88 -2.999
 -1.587 -0.784 -0.585 -0.71 -0.868 0.341 -0.715 -0.386 -0.088 -1.152
 -0.1 -0.1 0.5 0 -0.2 -0.1 -0.3 0 -0.5 -0.1
 -0.2325 -0.212 0.4444 -0.1131 -0.276 -0.1271 -0.4545 -0.06502 -0.5919 -0.132
 -2.549 -2.592 -2.851 -3.837 -2.887 -1.33 -2.614 -1.096 -1.259 -2.518
 -6.502 -7.248 -4.396 -8.441 -7.614 -5.468 -8.257 -4.835 -5.89 -7.06
 -10.09 -11.74 -7.54 -10.55 -7.64 -8.29 -10.16 -8.512 -9.035 -7.957
 -7.654 -9.887 -6.429 -9.148 -6.469 -6.993 -7.66 -6.312 -7.248 -7.332
 -5.417 -6.942 -5.591 -8.176 -6.205 -3.77 -5.036 -5.528 -6.022 -5.517
 -3.048 -4.828 -4.682 -6.694 -7.163 -2.296 -6.154 -6.52 -7.332 -3.988
 -5.756 -6.889 -9.101 -6.874 -8.883 -7.349 -8.731 -5.601 -8.464 -9.455
 -10.97 -11.08 -13.4 -12.89 -11.07 -12.87 -14.08 -10.66 -13.53 -12.02
 -9.106 -11.78 -11.05 -10.25 -11.07 -11.82 -14.39 -9.609 -10.87 -10.13
 -6.252 -7.143 -6.348 -4.782 -6.596 -7.555 -7.995 -7.096 -3.789 -5.527
 -1.782 -2.808 -3.358 0.9462 -2.623 -3.29 -3.211 -1.999 -2.213 -2.875
 -0.942 -1.291 -0.803 0.346 -1.051 -0.769 -1.565 -0.716 -0.659 -1.174
 -0.4 -0.3 0.5 -0.1 -0.4 -0.4 -0.2 -0.2 -0.4 -0.2
 -0.2892 -0.6351 0.5262 -0.4154 -0.8013 -1.01 -0.5619 -0.6732 -0.8616 -0.306
 -2.761 -3.337 -4.104 -4.948 -3.375 -0.8584 -2.965 -3.04 -1.59 -2.107
 -7.717 -9.268 -7.93 -11.29 -8.335 -5.618 -8.552 -8.167 -7.204 -4.094
 -8.795 -10.82 -7.482 -12.23 -7.024 -6.581 -9.577 -8.319 -8.492 -9.016
 -8.389 -8.287 -5.813 -10.52 -7.082 -5.206 -7.9 -10.26 -6.706 -4.967
 -6.014 -7.164 -5.872 -6.893 -7.526 -3.649 -6.684 -8.987 -5.283 -3.591
 -7.136 -6.054 -6.282 -5.815 -8.018 -5.214 -6.122 -9.006 -5.803 -2.613
 -11.35 -8.291 -11.4 -9.509 -10.96 -13.38 -12.15 -10.83 -13.14 -9.396
 -11.38 -12.21 -13.18 -10.72 -11.67 -15.88 -14.7 -12.53 -11.9 -11.76
 -5.695 -8.577 -7.666 -8.163 -8.615 -8.982 -10.36 -7.782 -6.669 -6.484
 -1.595 -4.249 -4.082 -2.239 -3.765 -5.618 -5.561 -3.699 -3.436 -3.007
 0.579 -1.319 -0.5742 0.4294 -0.9056 -3.139 -1.496 -1.038 -1.533 -0.7648
 0.8 -0.29 0.087 -0.324 -0.314 -1.244 -0.491 -0.329 -0.214 -0.314
 -0.092 -0.069 0.115 -0.023 -0.092 -0.092 -0.046 -0.046 -0.092 -0.046
 -0.01884 -1.182 -0.5721 -1.413 0.00973 -0.7821 -0.2738 -0.8805 -0.9034 -1.478
 -2.703 -4.864 -5.341 -5.61 -1.201 -2.843 -2.99 -4.071 -2.653 -3.102
 -5.385 -7.901 -8.845 -7.987 -4.665 -4.817 -7.052 -9.946 -7.409 -3.217
 -8.9 -9.78 -11.65 -10.32 -6.669 -6.903 -7.947 -10.66 -6.552 -7.56
 -7.845 -8.405 -9.784 -9.19 -4.761 -7.172 -7.376 -10.97 -5.367 -6.963
 -6.015 -7.321 -9.407 -6.588 -6.08 -6.586 -7.826 -9.743 -6.625 -5.065
 -12.23 -9.55 -11.62 -9.6 -11.37 -12.08 -13.01 -13.44 -11.24 -8.36
 -13.83 -12.03 -13.22 -11.22 -11.83 -13.37 -14.27 -12.9 -13.92 -10.69
 -9.677 -10.02 -8.934 -7.532 -7.914 -10.33 -10.54 -9.776 -9.973 -5.78
 -4.069 -5.112 -5.847 -4.429 -4.835 -5.653 -7.808 -5.248 -5.188 -2.481
 0.1231 -2.653 -1.354 -2.425 -1.01 -3.609 -4.052 -2.317 -3.738 -1.301
 1.296 -0.9026 -0.5457 -1.207 -0.6897 -1.538 -1.145 -0.8938 -0.761 -0.6001
 0.7901 -0.0017 0.0753 -0.1804 -0.0787 -0.8424 -0.2787 -0.077 -0.0017 -0.077
 0.093 -0.315 -0.753 -0.223 0.161 -0.246 -0.016 -0.323 -0.269 -0.246
 -0.4516 -1.733 -2.251 -2.244 0.2216 -0.8065 -0.6097 -2.476 -1.949 -0.6028
 -1.223 -2.814 -5.137 -4.562 -1.699 -0.3499 -2.775 -3.968 -5.135 -2.83
 -5.499 -7.97 -8.919 -6.074 -3.68 -5.152 -5.02 -8.392 -7.618 -5.663
 -7.081 -9.503 -11.53 -9.983 -6.213 -5.472 -9.004 -11.07 -9.556 -9.446
 -10.37 -11.65 -13.31 -10.65 -10.77 -8.235 -10.62 -14.06 -10.13 -9.534
 -13.84 -12.19 -12.54 -10.67 -12.21 -10.36 -14.6 -14.29 -12.08 -11.39
 -15.76 -12.11 -14.67 -12.17 -13.06 -14.53 -15.04 -15.01 -12.5 -13.6
 -12.34 -8.78 -12.63 -9.501 -9.848 -11.48 -12.3 -12.16 -9.25 -10.27
 -7.707 -6.177 -6.156 -5.244 -5.441 -6.692 -7.179 -6.24 -8.415 -5.07
 -4.141 -3.606 -2.289 -3.58 -1.949 -3.381 -4.919 -2.912 -5.545 -4.079
 -0.5166 -2.516 -1.892 -1.682 -1.173 -3.933 -2.384 -2.252 -3.51 -2.672
 0.8989 -0.8906 -1.143 -0.3248 -0.7632 -2.04 -0.852 -1.011 -0.7448 -0.7844
 0.269 -0.023 -0.123 -0.046 -0.023 -0.046 -0.123 -0.1 -0.023 0
 -0.5 -0.7 -1.1 -0.3 0.9 -0.6 0.2 -0.4 -0.5 -0.6
 0.5456 -1.564 -2.847 -1.752 0.4574 -2.406 -0.3862 -2.357 -2.231 -0.8125
 -1.598 -2.852 -2.45 -2.924 -0.5537 -4.58 -2.87 -3.033 -4.909 -3.01
 -4.658 -5.273 -5.729 -5.08 -3.797 -4.924 -4.395 -5.937 -7.281 -5.354
 -8.279 -9.968 -7.367 -8.563 -5.809 -7.897 -7.01 -9.509 -6.368 -8.611
 -10.04 -9.446 -8.836 -8.351 -8.781 -9.233 -10.18 -10.84 -8.305 -9.968
 -13.37 -10.89 -12.07 -11.18 -12.02 -12.24 -12.94 -13.19 -9.548 -12.42
 -12.82 -10.39 -13.07 -10.58 -11.76 -11.95 -12.38 -11.35 -11.5 -12.12
 -10.19 -6.388 -10.29 -8.927 -8.418 -9.147 -8.648 -9.307 -8.441 -8.999
 -6.178 -5.272 -6.37 -4.759 -4.245 -5.289 -4.73 -5.953 -7.326 -5.422
 -4.253 -4.657 -4.631 -3.444 -3.148 -4.142 -4.418 -4.28 -6.091 -5.887
 -0.3879 -2.302 -4.213 -1.51 -1.78 -2.879 -0.8865 -2.357 -3.306 -3.274
 1.008 -1.032 -2.481 0.05271 -0.6895 -2.094 -0.1927 -0.9987 -0.6287 -0.7361
 0.111 0 -0.096 0 0 0 -0.015 0 0 0
 0.362 -0.507 -1.272 -0.259 -0.069 -0.6993 0.131 -0.534 -0.3727 -0.4767
 0.9667 -1.748 -0.9006 -1.804 -1.677 -4.009 -1.124 -1.611 -2.465 -1.953
 -0.1156 -2.132 -1.985 -3.147 -0.6364 -5.305 -1.357 -2.915 -1.276 -2.122
