# Created by Octave 5.2.0, Thu Sep 24 23:51:13 2020 CEST <jiwidi@land>
# name: w
# type: matrix
# rows: 197
# columns: 10
 -1707 -1575 -1668 -1710 -1622 -1529 -1602 -1632 -1906 -1620
 0 0 0 0 0 0 0 0 0 0
 0 0 0 0 0 0 0 0 0 0
 -12.13 -12.5 -25.05 -13.01 -23.27 15.87 -6.433 -9.303 -22.38 -8.748
 -27.15 -82.73 -65.49 -55.03 -38.46 -12.71 -16.18 105.8 -40.95 -57.02
 -31.02 -90.35 -34.43 -87.31 -27.28 -45.84 -45.78 112.3 -56.99 -101.6
 -120.8 -152.4 -103.8 -111.7 -43.03 -142.3 -110.9 32.86 -89 -257.8
 -220.4 -261.4 -211.8 -212.6 -250.4 -292.7 -274.4 -190.4 -165.3 -260.6
 -393.5 -411.3 -409.4 -362.4 -470.3 -413.3 -390.5 -503.3 -347.2 -200
 -477.5 -391.8 -459.5 -420.5 -554.1 -493.6 -507.4 -552.6 -430.2 -338.1
 -536.8 -454.8 -444.5 -480.6 -555.5 -547.2 -445.3 -513.8 -500.9 -386.9
 -420 -358 -434.4 -438.4 -367.9 -445.2 -437.7 -442.6 -407.8 -456.8
 -252.5 -141.1 -265 -240.3 -203.7 -121.5 -229.4 -163.4 -296.2 -264.8
 -112 -61.51 -115.5 -131 -25.78 65.32 -137.7 -94.4 -115 -88.25
 -5.1 -1.9 -2.9 -8.2 -3.4 9.8 -5.4 -2.1 -4.1 -8.7
 -0.93 -1.922 -7.874 -12.4 -2.48 -2.046 -0.806 12.4 -2.79 -12.4
 -4.07 -13.77 -7.623 -18.08 -7.507 -1.809 -4.273 26.16 -6.25 -9.973
 -63.03 -89.51 -45.07 -66.68 -63.99 -23.11 -57.9 51.22 -83.7 -80.36
 -172.9 -229.9 -157.3 -159.3 -174.4 -101.6 -164.1 42.49 -170.1 -280.2
 -428.7 -558.5 -414.6 -357.1 -364.5 -386.7 -495 -263.1 -414.7 -607.6
 -701.4 -831.1 -676.7 -656.2 -673 -689 -721.6 -483.9 -699 -727.7
 -859.9 -1029 -852.6 -823.3 -925.3 -921.9 -903.7 -679.6 -877.5 -730.6
 -1012 -1142 -985.7 -979.2 -1221 -1057 -1067 -887.9 -952.7 -784.9
 -1050 -1129 -1101 -1086 -1311 -1103 -1096 -962.1 -990.8 -833.7
 -1129 -1129 -1139 -1144 -1271 -1109 -1151 -984.3 -1102 -958.1
 -927.1 -983.3 -946.5 -1007 -855.9 -878.4 -945.4 -748.8 -970.1 -1002
 -645.5 -570.8 -696.3 -641.7 -542 -460.8 -665.3 -523.6 -704.2 -664.1
 -276.3 -201.9 -256 -163 -194.2 15.68 -279.5 -194.8 -273.9 -253.3
 -43.89 -37.8 -45.33 -64.3 -47.05 64.7 -42.35 -11.75 -44.34 -55.52
 -12.4 -5.2 -3.5 12.4 -3.7 -12 -1.9 -4.7 -3.8 -11.9
 -40.45 -24.22 15.05 -21.32 -27.24 -28.97 -46.63 -11.12 -46.34 -43.45
 -111.8 -118.7 -61.13 -121.1 -137.5 -118.5 -131.6 -69.49 -96.43 -131.3
 -348.3 -355 -283.3 -276.5 -356.8 -289.9 -362.3 -197.2 -270.9 -439
 -671.6 -784 -599.4 -654.7 -667.8 -673.3 -748.4 -602.6 -704.1 -641.5
 -772.3 -908.3 -771.7 -760.6 -817.9 -780.9 -798.6 -758.9 -754.9 -664.6
 -687.1 -765 -706.1 -675.9 -737.6 -672.5 -722.7 -556.6 -635.7 -690.3
 -587.3 -575.7 -574.6 -619.4 -707.2 -544.9 -627.7 -476.8 -555.9 -681.5
 -583.3 -577.4 -628.1 -672.1 -794.7 -601.6 -724 -558.3 -682 -775.5
 -847.2 -924.5 -976.2 -1012 -965.1 -980.1 -1029 -914.5 -909.2 -981.1
 -894.3 -1000 -953.7 -952.2 -874.2 -1004 -1037 -836.7 -929.3 -1001
 -545.5 -616.4 -666.2 -474.4 -556.3 -516.4 -615 -455.6 -478.6 -545.8
 -250.7 -228.9 -272.6 -75.51 -270.5 -140 -253.3 -189.2 -156.7 -256.9
 -86.27 -54.45 -57.55 -39.9 -62.25 36.32 -57.29 -31.98 -41.06 -69.81
 -2.6 -5.4 20 -1.2 -20 -6.8 -20 -3.3 -20 -6.7
 -16.05 -14.56 18.77 -13.45 -34.4 -15.39 -34.82 -2.838 -36.72 -14.37
 -150.3 -166 -159.9 -230 -195.1 -137.2 -173.6 -112.2 -114.5 -187.2
 -469.6 -535.1 -416.5 -570 -514.8 -437.2 -562.9 -407.8 -451.2 -406.3
 -741.6 -871.2 -665.2 -786.5 -682.7 -655.3 -757.6 -690.4 -766.2 -615.3
 -560 -690.7 -553.7 -632.5 -513.5 -592.7 -634.5 -538 -555.9 -589.7
 -431.5 -522.4 -422.7 -558 -494 -312 -410.3 -400.7 -475.6 -441.2
 -297.3 -412.3 -381.9 -499.9 -509.7 -248 -479 -399.4 -539.1 -389.3
 -503.3 -491.6 -635.2 -579.5 -689.5 -527.5 -652.3 -524.1 -690.8 -599.2
 -871.2 -866.7 -1008 -1001 -907.4 -952.8 -1040 -868.1 -990.3 -941.7
 -738.8 -864.4 -863.3 -800.1 -858.8 -823.8 -991.7 -757.3 -785.6 -836.8
 -466.2 -489.7 -470.6 -389.8 -470.6 -490.2 -527.7 -492.1 -357.3 -416.8
 -170.9 -221.1 -209.5 -3.066 -222.1 -222 -206.2 -161.9 -191.4 -198.9
 -65.93 -90.56 -74.15 15.77 -76.18 -71.66 -76.1 -56.8 -48.35 -63.08
 -20 -20 20 -5.1 -20 -20 -18.3 -17.4 -20 -11.9
 -10.81 -42.04 10.02 -24.24 -53.46 -57.12 -49.52 -57.03 -43.05 -24.84
 -178.5 -194.8 -239.7 -302.2 -235.9 -102.8 -192.2 -208.9 -135.9 -173.1
 -531 -632.7 -606.5 -725.1 -560.6 -429.7 -566.9 -582.5 -529.1 -344.2
 -605.8 -776 -630.7 -753.4 -521.6 -572.6 -681.1 -679.5 -629.7 -583.3
 -577.9 -608.4 -539.7 -677.2 -503.6 -417.1 -578.7 -644.9 -480.1 -482.9
 -432.1 -532.7 -480.1 -507.6 -480.1 -330.7 -430.4 -519.3 -445.1 -327.9
 -519.3 -420.5 -510.4 -456.4 -515.6 -437.7 -432.9 -575.3 -488.2 -306.6
 -817.6 -641 -820.9 -721.3 -743.9 -986.6 -847.7 -795.4 -886 -749.2
 -845.8 -928.8 -949.5 -831 -828.3 -1159 -1043 -931.3 -937.3 -904.8
 -482.5 -628.9 -622.7 -613.5 -651.1 -711.5 -752 -640.7 -561 -521.5
 -131 -286.5 -288.2 -165.9 -230.3 -405 -369.3 -285.6 -250.8 -222.3
 23.31 -90.66 -44.93 13.59 -47.26 -205.7 -86.95 -67.54 -84.03 -50.54
 57.1 -9.57 -7.017 -9.588 -9.518 -67.22 -14 -8.332 -9.577 -7.266
 -4.6 -4.6 4.6 -1.173 -4.6 -4.6 -4.209 -4.002 -4.6 -2.737
 -1.827 -71.83 -44.53 -74.32 -12.28 -59.82 -36.36 -71.57 -56.57 -77.16
 -221.2 -291.2 -328.4 -354.1 -169.5 -204.1 -218.6 -270.9 -235.5 -258.8
 -468.8 -574.2 -625.3 -585.1 -396.6 -468.4 -502.8 -626.4 -484.1 -411.2
 -646.4 -730.2 -817.4 -749.6 -537 -562.8 -653.8 -790.1 -510.2 -570.2
 -597.6 -652 -697 -644.8 -446.4 -543.6 -576.4 -706 -510.6 -533.4
 -536 -536.8 -620.1 -512.5 -491.6 -514.1 -600.2 -684.1 -556.3 -430.9
 -878.4 -685 -846.4 -727.1 -800 -864.1 -876.4 -898.4 -809.7 -676
 -1015 -906 -962.4 -900.6 -902.5 -1012 -1074 -987.6 -1019 -895.3
 -762.1 -746.4 -710.4 -684.5 -729.9 -782.7 -826.3 -742.6 -762.5 -630.3
 -321.2 -368.4 -382.6 -340 -358.4 -419.9 -512.2 -382 -369.9 -278.2
 3.481 -167.1 -107.8 -163.1 -91.34 -245.1 -274.4 -167.7 -216.3 -122.8
 87.45 -35.33 -20.66 -71.22 -28.74 -106 -57.23 -37.96 -42.25 -26.65
 44.67 -4.064 -3.927 -9.487 -6.159 -45.95 -10.41 -4.104 -6.658 -4.562
 13.74 -7.418 -35.85 -7.643 1.444 -12.6 3.619 -9.943 -8.797 -8.573
 -37.06 -91.09 -147.5 -150.9 -23.61 -74.05 -60.97 -137.1 -123.6 -81.83
 -126.1 -194.6 -306.7 -295 -128.4 -119.5 -195.5 -257.5 -304.6 -208.6
 -484 -537.5 -574 -459.3 -339.4 -403.2 -387.2 -566.9 -529.9 -479.1
 -585.7 -704 -778.3 -730.5 -551.9 -493 -703.2 -740.2 -684.6 -691.7
 -803.6 -852.9 -887.9 -776 -759.6 -691 -807.7 -924.4 -693.3 -741.5
 -1030 -882.9 -944.2 -815 -907.5 -821.8 -1008 -987.9 -856.2 -879.3
 -1153 -921.1 -1132 -953.2 -994.9 -1067 -1091 -1111 -946.8 -1037
 -942 -796.4 -916.5 -791.9 -825.8 -894.4 -960.7 -945.1 -873.2 -879.2
 -595.1 -521.5 -455.3 -456.6 -463.8 -488 -551.4 -522.1 -614 -461.3
 -284.3 -284.2 -201.2 -289.3 -185.8 -265.1 -355.8 -235.6 -389.2 -312
 -45.71 -161.9 -167.8 -135 -104.2 -274.8 -173 -175 -223.9 -186.7
 45.43 -38.39 -66.74 -46.9 -42.83 -133.7 -43.05 -51.53 -52.41 -38.84
 11.65 -2.18 -5.647 -7.653 -3.066 -6.214 -6.992 -3.529 -4.468 -3.021
 -7.5 -26.37 -62.44 -20.98 34.32 -45.76 15.01 -18.73 -28.33 -44.36
 19.77 -82.85 -175.9 -109.8 1.563 -146.6 -45.94 -127 -128.1 -83.36
 -133.1 -194.8 -196.1 -219.3 -73.43 -281 -186.9 -210.8 -303.6 -212.2
 -330.1 -372.5 -385.4 -378.9 -277.9 -354.4 -320.6 -387 -463.3 -382.4
 -594.5 -686.3 -581.2 -599.1 -468.8 -557 -492.4 -637.4 -525.4 -587.4
 -752.9 -732.7 -690.3 -619.8 -675.5 -681.9 -717.8 -766.9 -647.9 -751.7
 -997.3 -828.8 -916.6 -853.1 -867.6 -913.3 -946.3 -966.9 -736.5 -998
 -948.3 -859.9 -976.9 -904.9 -888.8 -947.5 -951.7 -952.1 -933 -924.8
 -749.3 -600.1 -709.1 -614.1 -638.9 -731.3 -671.5 -722.5 -696.6 -611
 -471.8 -406 -438.8 -383 -359.7 -402.6 -396 -447.6 -554.4 -413.1
 -301.1 -337 -331.9 -242.9 -283.2 -311.3 -298.6 -313.1 -431.3 -413.5
 -76.26 -168.4 -252.9 -159.8 -151.9 -202.4 -139.5 -182.2 -235.9 -227.8
 34.65 -52.27 -146.7 -20.03 -50.69 -131.9 -4.578 -64.83 -51.33 -49.44
 13.06 -1.525 -11.08 -3.627 -2.13 -4.661 -5.13 -4.531 -3.087 -2.226
 24.03 -33.18 -78.97 -21.08 -22.87 -42.26 3.171 -42.15 -25.23 -22.58
 40.03 -102.5 -89.21 -117.8 -82.45 -220.4 -66 -119.6 -121.7 -93.08
 -45.63 -150.7 -134.8 -216.6 -89.53 -341.6 -143.8 -169.3 -138 -156.5
 -268.7 -395.4 -314.4 -505 -256.6 -508.7 -251.9 -367.7 -239.4 -371.7
