# Created by Octave 5.2.0, Thu Sep 24 23:50:52 2020 CEST <jiwidi@land>
# name: w
# type: matrix
# rows: 197
# columns: 10
 -4 -3.1 -3.2 -3.8 -3.6 -3.1 -3.6 -3.2 -5.3 -3.4
 0 0 0 0 0 0 0 0 0 0
 0 0 0 0 0 0 0 0 0 0
 -0.1 0 -0.3 -0.1 -0.1 0.3 -0.1 0 -0.2 0
 -0.153 -0.384 -0.222 -0.207 -0.153 0.123 -0.138 0.369 -0.322 -0.138
 -0.146 -0.4307 0.054 -0.4003 -0.046 -0.3537 -0.1 0.9543 -0.223 -0.408
 -0.576 -0.848 -0.1073 -0.126 0.048 -0.7477 -0.523 0.245 -0.385 -1.017
 -0.431 -0.785 -0.269 -0.577 -0.731 -0.908 -0.877 -0.697 0.099 -0.532
 -1.046 -1.194 -1.153 -0.7697 -1.146 -0.789 -1.001 -1.386 -0.588 -0.4
 -1.562 -0.646 -1.177 -0.9789 -1.854 -1.092 -1.108 -1.787 -0.1739 -0.5461
 -1.468 -0.431 -0.775 -0.866 -1.614 -1.277 -0.828 -0.847 -0.845 -0.709
 -0.83 -0.469 -0.89 -0.63 -0.615 -0.933 -1.062 -1.16 -0.443 -1.278
 -0.624 -0.038 -0.585 -0.2477 -0.208 0.1847 -0.869 -0.144 -0.924 -0.909
 -0.477 0.008 -0.6 -0.477 0.3 0.492 -0.546 -0.377 -0.6 -0.1
 0 0 0 -0.1 0 0.1 0 0 0 0
 0 0 0 0 0 0 0 0.062 0 -0.062
 0 0 -0.046 -0.212 0 0.024 0 0.246 -0.1 -0.012
 -0.217 -0.177 -0.2044 -0.3276 -0.2 0.1691 -0.197 0.2918 -0.4935 -0.2369
 -0.6918 -0.643 -0.3978 -0.4772 -0.41 -0.1525 -0.512 0.4558 -0.7595 -0.8581
 -0.8707 -1.509 -1.132 -0.4497 -0.6859 -0.5742 -1.518 -0.126 -1.105 -1.857
 -1.509 -2.213 -1.653 -1.419 -1.484 -1.765 -2.04 -0.3656 -1.844 -1.94
 -1.67 -3.032 -1.882 -1.596 -2.247 -2.29 -2.642 -0.9906 -2.253 -1.68
 -2.363 -2.962 -1.752 -2.283 -3.458 -2.611 -2.937 -1.457 -2.216 -1.41
 -2.207 -2.725 -2.818 -2.249 -3.672 -2.559 -2.614 -1.79 -1.877 -1.147
 -2.639 -2.36 -2.727 -2.674 -3.308 -2.57 -2.867 -1.871 -2.31 -1.901
 -2.178 -2.388 -2.071 -2.437 -1.69 -2.023 -2.325 -0.9384 -2.149 -2.37
 -1.233 -1.194 -1.846 -1.686 -0.7029 -0.7398 -1.836 -1.177 -1.918 -1.781
 -0.6797 0.02143 -0.8053 -0.1902 -0.018 0.7227 -0.8364 -0.3762 -1.242 -0.5877
 -0.191 0 0 -0.107 -0.117 0.315 -0.1 -0.091 -0.2 -0.1
 0 0 0 0.1 0 0 0 0 0 -0.1
 -0.1 0 0.1576 -0.186 0 -0.03102 -0.1018 0.1448 -0.2022 -0.1854
 -0.274 -0.1153 -0.07313 -0.3685 -0.3284 -0.1703 -0.1539 0.0646 0.1887 -0.7002
 -0.8413 -0.908 -0.768 -0.4895 -1.118 -0.654 -1.223 -0.2168 -0.2815 -1.326
 -1.544 -1.947 -0.9319 -1.412 -1.312 -1.547 -1.948 -1.197 -1.713 -1.583
 -1.637 -2.282 -2.107 -2.061 -2.068 -1.993 -2.123 -1.681 -1.658 -1.389
 -1.127 -1.913 -1.835 -1.725 -1.915 -1.289 -1.855 -0.838 -1.315 -1.904
 -1.007 -1.313 -1.417 -1.334 -1.975 -1.019 -1.618 -0.9788 -0.8183 -1.533
 -0.3445 -1.039 -1.433 -1.117 -1.911 -0.9124 -1.457 -0.962 -1.983 -1.743
 -1.57 -1.649 -1.77 -2.34 -1.773 -2.155 -2.121 -2.058 -1.655 -2.4
 -1.879 -2.005 -2.028 -2.215 -1.535 -2.735 -2.518 -1.535 -1.562 -2.248
 -1.271 -1.525 -2.051 -0.8413 -1.172 -1.013 -1.607 -0.595 -0.9206 -1.727
 -0.5228 -0.582 -0.7701 0.0528 -0.852 0.09473 -0.7601 -0.3831 -0.3144 -0.411
 -0.322 -0.099 -0.022 -0.345 -0.191 0.347 -0.316 -0.145 -0.161 -0.222
 0 0 0.2 0 0 -0.1 -0.1 0 -0.2 0
 0.000877 -2.3e-05 0.1531 0.005977 -2.3e-05 -0.08602 -0.1 -2.3e-05 -0.2 0.02598
 -0.1969 -0.4475 -0.3226 -0.8966 -0.4136 -0.1388 -0.7086 0.3229 -0.1886 -0.7683
 -1.125 -1.442 -0.7665 -1.809 -1.255 -0.9676 -1.735 -0.721 -1.008 -1.412
 -1.67 -1.972 -0.8835 -1.913 -1.025 -1.175 -1.872 -1.508 -1.487 -1.179
 -0.879 -2.151 -0.9301 -1.827 -0.7733 -1.015 -1.433 -0.87 -1.077 -1.276
 -0.955 -1.458 -0.9085 -1.502 -1.014 -0.3461 -0.8818 -0.8648 -0.9435 -0.7161
 -0.00275 -0.8447 -0.6452 -1.166 -1.331 0.3008 -1.074 -1.104 -1.6 -0.5766
 -0.274 -0.8069 -1.207 -0.8143 -1.341 -0.9835 -1.411 -0.9461 -1.685 -1.045
 -1.475 -1.569 -2.071 -1.946 -1.538 -1.981 -2.486 -1.398 -2.306 -1.944
 -1.454 -2.088 -2.135 -1.449 -1.906 -2.529 -2.819 -1.453 -2.226 -1.545
 -1.357 -1.458 -1.294 -0.6633 -1.086 -1.67 -1.882 -1.35 -0.192 -0.8617
 -0.07787 -0.6655 -0.6126 0.4162 -0.523 -0.6108 -0.7237 -0.3813 -0.2197 -0.5875
 -0.127 -0.344 0.056 0.2 -0.158 -0.043 -0.416 -0.2 -0.044 -0.258
 0 -0.1 0.1 0 0 0 0 0 0 0
 0.1229 -0.2021 0.308 -0.1022 -0.1001 -0.2861 -0.2901 0.008896 -0.2359 -0.01001
 -0.3381 -0.7253 -0.9544 -1.085 -0.582 0.1754 -0.7407 -0.653 -0.227 -0.3696
 -1.487 -1.768 -1.654 -2.85 -1.704 -0.7811 -2.009 -1.85 -1.392 -0.5615
 -1.694 -1.867 -0.9996 -2.677 -0.8709 -0.9283 -2.208 -1.46 -1.381 -1.33
 -1.398 -1.328 -0.639 -1.96 -1.152 -0.5338 -1.342 -1.998 -1.034 -0.2849
 -0.899 -1.361 -0.7732 -1.137 -1.479 -0.173 -1.055 -1.762 -0.8851 -0.3546
 -1.111 -0.8924 -0.772 -0.8533 -1.489 -0.7433 -0.5861 -1.52 -0.9312 -0.07226
 -1.974 -1.377 -1.986 -1.723 -1.762 -2.203 -2.118 -1.862 -2.277 -1.172
 -1.821 -1.901 -2.113 -1.303 -1.761 -3.254 -2.816 -2.184 -2.397 -1.825
 -0.9528 -1.614 -1.213 -1.36 -1.434 -1.819 -2.162 -1.175 -1.238 -0.9431
 -0.3033 -0.8723 -1.026 -0.3426 -0.7145 -1.297 -1.453 -0.7255 -0.254 -0.7216
 0.5467 -0.3473 -0.0354 0.1108 -0.2829 -0.7358 -0.4909 -0.4009 -0.301 -0.2469
 0.284 -0.03 0.071 0.03 -0.015 -0.399 -0.114 -0.214 -0.015 -0.015
 0 -0.023 0.023 0 0 0 0 0 0 0
 0.3514 -0.2788 -0.0268 -0.1978 -0.05228 -0.07645 -0.3226 -0.2218 -0.2238 -0.3023
 -0.4373 -0.8771 -1.381 -1.277 -0.1602 -0.1634 -0.318 -0.956 -0.4844 -0.5905
 -0.9367 -1.587 -2.341 -1.905 -0.7841 -0.7578 -1.605 -2.341 -1.685 -0.2771
 -1.385 -1.56 -2.3 -1.926 -0.467 -0.9628 -0.9987 -2.057 -0.4202 -1.129
 -0.943 -1.225 -1.774 -1.88 -0.2902 -0.7033 -0.8653 -2.218 -0.4749 -0.9194
 -0.8578 -1.354 -1.654 -1.057 -0.9304 -0.6847 -1.147 -1.9 -1.389 -0.2408
 -1.989 -1.363 -2.061 -1.398 -1.953 -2.08 -2.44 -2.622 -2.026 -0.8399
 -2.533 -1.689 -2.303 -1.445 -1.905 -2.088 -2.533 -2.025 -2.282 -1.695
 -1.819 -1.818 -1.299 -1.186 -1.152 -1.929 -2.038 -1.641 -1.893 -0.6523
 -0.6298 -1.172 -1.165 -0.9928 -0.8353 -1.073 -1.984 -0.9013 -1.2 -0.4311
 0.1039 -0.534 -0.4021 -0.6012 0.02862 -0.728 -1.073 -0.3103 -0.9179 -0.4194
 0.4867 -0.2 -0.08873 -0.2004 -0.1001 -0.3981 -0.4006 -0.4017 -0.1988 -0.2006
 0.2017 0 0.077 0 0 -0.2017 0 -0.077 0 0
 0.154 0 -0.223 0 0.046 -0.1 -0.1 -0.1 -0.023 -0.023
 -0.01963 -0.0021 -0.5831 -0.2027 0.124 0.0135 0.0309 -0.4691 -0.3697 0.0929
 -0.07147 -0.7302 -1.479 -1.347 -0.2104 0.2208 -0.4943 -1.042 -1.161 -0.6624
 -0.7089 -1.347 -2.094 -1.445 -0.5421 -0.5197 -0.957 -1.855 -1.406 -1.223
 -0.6729 -1.646 -2.197 -1.794 -0.993 -0.1882 -1.537 -2.158 -1.653 -1.67
 -1.522 -2.182 -2.209 -1.565 -1.438 -0.828 -1.447 -2.809 -1.555 -1.37
 -2.441 -1.746 -2.097 -1.441 -1.721 -1.799 -2.32 -2.555 -1.913 -1.553
 -2.982 -1.698 -2.48 -1.401 -2.005 -2.389 -2.771 -2.618 -1.474 -2.069
 -2.276 -0.997 -2.079 -1.499 -1.517 -1.818 -1.891 -1.929 -1.414 -1.183
 -1.275 -1.219 -0.7433 -0.7926 -0.9189 -1.241 -1.218 -0.84 -2.175 -0.5084
 -0.7144 -0.7409 -0.00652 -0.8418 -0.3569 -0.7309 -1.082 -0.383 -1.645 -0.9022
 0.06205 -0.4258 -0.4234 -0.3627 -0.2049 -0.9602 -0.6177 -0.4147 -0.9283 -0.6662
 0.5397 -0.2 -0.303 -0.00155 -0.1651 -0.6626 -0.228 -0.425 -0.2 -0.2006
 0.023 0 0 0 0 -0.023 0 0 0 0
 0 0 -0.3 0 0.2 -0.2 0 -0.1 -0.1 -0.1
 0.2178 -0.2933 -0.8444 -0.3935 0.1706 -0.5745 -0.06951 -0.649 -0.614 -0.3923
 -0.2346 -0.7792 -0.5069 -0.6629 -0.1034 -1.305 -0.7147 -0.8331 -1.051 -1.075
 -0.52 -0.9271 -1.04 -0.8842 -0.3534 -0.6664 -0.8754 -1.163 -1.684 -1.137
 -1.234 -2.06 -1.375 -1.2 -1.124 -0.9335 -0.8125 -1.856 -1.173 -1.629
 -2.117 -1.724 -1.523 -1.25 -1.582 -1.303 -1.922 -1.834 -1.479 -1.736
 -2.386 -1.667 -2.256 -1.684 -2.196 -1.913 -2.262 -1.981 -0.9511 -2.305
 -1.756 -1.513 -2.3 -1.23 -1.778 -1.83 -2.055 -1.688 -1.81 -1.9
 -2.051 -0.5361 -1.878 -1.113 -1.326 -1.474 -1.028 -1.563 -1.42 -1.564
 -1.036 -0.9669 -0.9795 -0.949 -0.518 -0.9512 -0.4431 -1.231 -1.724 -0.8386
 -0.9635 -1.129 -0.9956 -0.8654 -0.6456 -0.9571 -0.7469 -0.7821 -1.606 -1.459
 0.07783 -0.558 -1.322 -0.3623 -0.5523 -0.973 0.0279 -0.6163 -0.8115 -0.84
 0.6159 -0.1978 -0.6986 0.0415 -0.1518 -0.7289 0.07267 -0.3761 -0.1978 -0.2358
 0.048 0 -0.048 0 0 0 0 0 0 0
 0.231 -0.138 -0.338 0.138 0.031 -0.3 -0.069 -0.169 -0.069 -0.169
 0.319 -0.5363 -0.3126 -0.3541 -0.4648 -1.394 -0.3581 -0.5406 -0.7369 -0.557
 0.09818 -0.6744 -0.4839 -0.7022 -0.2241 -1.492 -0.252 -0.9815 -0.2489 -0.7604
