# Created by Octave 5.2.0, Fri Sep 25 00:24:18 2020 CEST <jiwidi@land>
# name: w
# type: matrix
# rows: 2001
# columns: 2
 0 0
 1177 -1177
 -780 780
 1495 -1495
 -129.5 129.5
 447 -447
 1463 -1463
 -417.8 417.8
 361.8 -361.8
 -517.5 517.5
 380.8 -380.8
 130.4 -130.4
 70.89 -70.89
 391.6 -391.6
 -382.9 382.9
 -1241 1241
 780.1 -780.1
 -703.2 703.2
 1304 -1304
 5.724 -5.724
 -240.4 240.4
 -910.8 910.8
 240.2 -240.2
 -239.9 239.9
 451.1 -451.1
 -1412 1412
 33.84 -33.84
 413.5 -413.5
 -383.9 383.9
 41.02 -41.02
 -355.4 355.4
 583.8 -583.8
 276.8 -276.8
 189.1 -189.1
 571.4 -571.4
 -2494 2494
 -1683 1683
 -293.4 293.4
 -804.4 804.4
 -366.5 366.5
 -696.9 696.9
 1144 -1144
 -166.1 166.1
 -886.6 886.6
 221.3 -221.3
 712.2 -712.2
 -480.2 480.2
 1964 -1964
 -275.4 275.4
 843.3 -843.3
 677.7 -677.7
 143.3 -143.3
 154.1 -154.1
 -929.9 929.9
 2261 -2261
 1537 -1537
 170.4 -170.4
 226.3 -226.3
 -18.34 18.34
 -1359 1359
 486.7 -486.7
 -711.9 711.9
 -41.13 41.13
 597.5 -597.5
 -738.3 738.3
 90.73 -90.73
 1157 -1157
 71.15 -71.15
 1009 -1009
 535.7 -535.7
 -1175 1175
 -1272 1272
 -224 224
 1271 -1271
 1857 -1857
 -703.5 703.5
 -3618 3618
 -838.4 838.4
 753.3 -753.3
 -459 459
 184.2 -184.2
 284.6 -284.6
 -718.5 718.5
 320.2 -320.2
 784 -784
 159 -159
 -925.4 925.4
 -526.9 526.9
 -324 324
 -859.4 859.4
 198.8 -198.8
 925.6 -925.6
 449 -449
 -93.28 93.28
 1031 -1031
 -117.7 117.7
 -239 239
 125.9 -125.9
 -461.2 461.2
 -129.2 129.2
 603.2 -603.2
 991.5 -991.5
 -521.3 521.3
 -1420 1420
 696.3 -696.3
 518.9 -518.9
 96.81 -96.81
 304.3 -304.3
 717.5 -717.5
 287.7 -287.7
 1813 -1813
 -885.1 885.1
 327.8 -327.8
 38.58 -38.58
 -355.6 355.6
 -571.5 571.5
 166.6 -166.6
 -275.8 275.8
 -1182 1182
 -481.6 481.6
 309 -309
 1971 -1971
 -1724 1724
 311.7 -311.7
 656.9 -656.9
 -2529 2529
 -541.7 541.7
 35.74 -35.74
 259.5 -259.5
 -532 532
 2150 -2150
 117.3 -117.3
 473.9 -473.9
 -541.9 541.9
 967.2 -967.2
 -631.4 631.4
 308 -308
 -2432 2432
 -459.6 459.6
 -91.9 91.9
 -698 698
 -585.5 585.5
 270.5 -270.5
 280.7 -280.7
 576 -576
 -355.5 355.5
 1224 -1224
 -150.7 150.7
 -1103 1103
 189.3 -189.3
 398.5 -398.5
 -1508 1508
 1048 -1048
 1596 -1596
 115.9 -115.9
 -221.8 221.8
 -707.6 707.6
 450.6 -450.6
 -1507 1507
 117.4 -117.4
 76.92 -76.92
 1170 -1170
 -909.9 909.9
 -1959 1959
 1153 -1153
 2316 -2316
 1289 -1289
 107.3 -107.3
 124.3 -124.3
 -798.7 798.7
 56.06 -56.06
 1148 -1148
 -218.3 218.3
 326.5 -326.5
 852.4 -852.4
 134.9 -134.9
 -1274 1274
 1289 -1289
 -892.4 892.4
 -118.8 118.8
 205.3 -205.3
 -727.9 727.9
 -1496 1496
 922.4 -922.4
 307 -307
 -508.5 508.5
 1520 -1520
 -685.7 685.7
 -10.82 10.82
 -1821 1821
 538.9 -538.9
 271.1 -271.1
 -93 93
 114.1 -114.1
 -582.3 582.3
 -977.4 977.4
 332.5 -332.5
 -586.1 586.1
 -233.4 233.4
 2277 -2277
 376 -376
 -898.2 898.2
 -854 854
 694.4 -694.4
 -431.5 431.5
 -139.3 139.3
 -868 868
 -1378 1378
 -503.1 503.1
 1756 -1756
 -2541 2541
 357.9 -357.9
 -599.3 599.3
 322.3 -322.3
 -822.8 822.8
 1727 -1727
 -245.4 245.4
 -1220 1220
 982.5 -982.5
 253.4 -253.4
 -651.5 651.5
 25.69 -25.69
 990.2 -990.2
 926.6 -926.6
 483.5 -483.5
 953.8 -953.8
 -64.78 64.78
 -996.1 996.1
 161.9 -161.9
 -1104 1104
 1001 -1001
 974 -974
 148.2 -148.2
 -1205 1205
 290.9 -290.9
 -488.8 488.8
 -273.4 273.4
 -682 682
 1178 -1178
 735.8 -735.8
 -724.1 724.1
 105.5 -105.5
 -563.4 563.4
 38.44 -38.44
 -792.2 792.2
 -345.5 345.5
 627.4 -627.4
 67.15 -67.15
 -444.9 444.9
 -959.3 959.3
 932.5 -932.5
 452.5 -452.5
 538 -538
 670.5 -670.5
 -228.2 228.2
 832.3 -832.3
 486 -486
 1619 -1619
 928 -928
 -32.19 32.19
 2044 -2044
 -513.5 513.5
 210.2 -210.2
 -1100 1100
 577.4 -577.4
 343.1 -343.1
 462.6 -462.6
 -331.2 331.2
 441.1 -441.1
 1402 -1402
 -391 391
 220.8 -220.8
 -223.3 223.3
 180.5 -180.5
 198.2 -198.2
 491.4 -491.4
 582.8 -582.8
 527.2 -527.2
 -1027 1027
 -1027 1027
 -633.5 633.5
 534.5 -534.5
 404 -404
 94.55 -94.55
 1338 -1338
 153.4 -153.4
 -196 196
 9.775 -9.775
 361.6 -361.6
 -1105 1105
 -408.1 408.1
 -2095 2095
 2097 -2097
 392.4 -392.4
 -236.4 236.4
 583 -583
 -2917 2917
 -225.9 225.9
 1017 -1017
 144.8 -144.8
 -1139 1139
 -118.6 118.6
 159.5 -159.5
 -1454 1454
 313.3 -313.3
 340 -340
 637.2 -637.2
 -464.5 464.5
 -936.5 936.5
 239.1 -239.1
 373.2 -373.2
 1772 -1772
 -1140 1140
 -618.4 618.4
 1167 -1167
 -1317 1317
 103 -103
 1338 -1338
 -468.5 468.5
 -107.9 107.9
 591.5 -591.5
 3629 -3629
 639.3 -639.3
 261.9 -261.9
 -162.7 162.7
 251.3 -251.3
 1514 -1514
 -72.8 72.8
 49.26 -49.26
 371.7 -371.7
 -453 453
 245.2 -245.2
 -675.3 675.3
 -687.3 687.3
 -530.5 530.5
 699.3 -699.3
 -179.5 179.5
 1055 -1055
 351.5 -351.5
 1810 -1810
 59.66 -59.66
 -744.8 744.8
 -897.2 897.2
 746.9 -746.9
 -87.43 87.43
 -231.6 231.6
 1210 -1210
 789.6 -789.6
 1565 -1565
 1328 -1328
 -381.7 381.7
 -351.2 351.2
 -2109 2109
 -681.3 681.3
 216.2 -216.2
 796.3 -796.3
 -1364 1364
 93.12 -93.12
 -34.52 34.52
 1653 -1653
 -1530 1530
 -1237 1237
 -697.4 697.4
 1015 -1015
 317.7 -317.7
 145.8 -145.8
 1092 -1092
 -2049 2049
 594.4 -594.4
 -3122 3122
 783.4 -783.4
 733.4 -733.4
 -468.2 468.2
 -1256 1256
 -1690 1690
 64.91 -64.91
 527.4 -527.4
 1663 -1663
 -229.1 229.1
 -2070 2070
 -159.6 159.6
 -1410 1410
 -80.42 80.42
 -1066 1066
 569.6 -569.6
 1383 -1383
 -36.11 36.11
 1246 -1246
 488.9 -488.9
 -299.1 299.1
 -283.5 283.5
 -825 825
 349.4 -349.4
 -1232 1232
 264.7 -264.7
 -593.8 593.8
 -17.17 17.17
 375.4 -375.4
 -182.1 182.1
 1943 -1943
 -66.14 66.14
 -1235 1235
 -692.6 692.6
 -170.6 170.6
 -895.5 895.5
 -937.9 937.9
 152 -152
 139.9 -139.9
 -680.9 680.9
 1841 -1841
 -614.5 614.5
 80.62 -80.62
 -370.7 370.7
 154.9 -154.9
 -2332 2332
 178.7 -178.7
 1245 -1245
 -913.7 913.7
 1110 -1110
 421.5 -421.5
 1798 -1798
 -653.2 653.2
 2670 -2670
 469.9 -469.9
 -981.8 981.8
 -694.2 694.2
 -628.1 628.1
 -331.3 331.3
 -318.6 318.6
 -2.947 2.947
 1761 -1761
 -652.6 652.6
 1402 -1402
 -147.5 147.5
 -1615 1615
 -357.4 357.4
 -633 633
 440.1 -440.1
 -1288 1288
 -122.3 122.3
 -658.1 658.1
 -148.1 148.1
 -1874 1874
 1542 -1542
 170.3 -170.3
 -828.8 828.8
 -188.9 188.9
 -277.7 277.7
 464.4 -464.4
 1790 -1790
 -656.4 656.4
 -150.9 150.9
 1668 -1668
 354.2 -354.2
 637.8 -637.8
 1509 -1509
 -448.9 448.9
 1796 -1796
 9.632 -9.632
 709 -709
 -364.7 364.7
 586.2 -586.2
 1008 -1008
 -21.58 21.58
 1601 -1601
 287.4 -287.4
 525.6 -525.6
 -81.74 81.74
 179.6 -179.6
 70.92 -70.92
 -913.7 913.7
 3.652 -3.652
 102.5 -102.5
 -883 883
 390.6 -390.6
 1727 -1727
 103.6 -103.6
 -260.2 260.2
 -86.97 86.97
 223.8 -223.8
 -186.7 186.7
 -239.9 239.9
 296.7 -296.7
 -41.2 41.2
 -281.4 281.4
 -26.07 26.07
 -32.45 32.45
 -2630 2630
 -247.4 247.4
 -212.5 212.5
 -476.2 476.2
 235.7 -235.7
 -40.17 40.17
 -478.3 478.3
 -251.9 251.9
 -1528 1528
 -1190 1190
 -716.1 716.1
 866.5 -866.5
 -2419 2419
 285 -285
 1334 -1334
 -1341 1341
 -280.1 280.1
 -431.2 431.2
 -1797 1797
 -721.7 721.7
 791.6 -791.6
 196.4 -196.4
 1757 -1757
 -195.6 195.6
 -280.3 280.3
 -721 721
 54.46 -54.46
 -622.6 622.6
 -1227 1227
 -647.1 647.1
 -65.37 65.37
 -363.8 363.8
 -1610 1610
 -11.21 11.21
 1394 -1394
 -1242 1242
 395.6 -395.6
 -2857 2857
 697.6 -697.6
 -6.917 6.917
 122.3 -122.3
 86.19 -86.19
 -53.06 53.06
 1791 -1791
 -192.4 192.4
 -1239 1239
 813.5 -813.5
 444.8 -444.8
 -1963 1963
 1860 -1860
 -51.74 51.74
 1138 -1138
 -126.2 126.2
 -1479 1479
 -805.2 805.2
 199.9 -199.9
 -492.5 492.5
 1288 -1288
 -1616 1616
 1033 -1033
 -905.6 905.6
 -1385 1385
 -345.4 345.4
 1811 -1811
 -569.3 569.3
 1767 -1767
 -817.2 817.2
 828.8 -828.8
 6.666 -6.666
 356.3 -356.3
 -1330 1330
 -286.6 286.6
 -33.78 33.78
 844.4 -844.4
 -395.3 395.3
 370.5 -370.5
 -51.17 51.17
 -442.6 442.6
 -522 522
 1159 -1159
 25.18 -25.18
 287.8 -287.8
 -469.6 469.6
 302.5 -302.5
 308.3 -308.3
 -7.362 7.362
 2523 -2523
 -1008 1008
 -115.3 115.3
 -92.35 92.35
 1006 -1006
 1045 -1045
 -79.09 79.09
 586 -586
 148.1 -148.1
 -213.6 213.6
 -400.1 400.1
 1617 -1617
 2869 -2869
 279.6 -279.6
 482.7 -482.7
 -361.1 361.1
 744.2 -744.2
 -250.5 250.5
 533.9 -533.9
 -1369 1369
 537.7 -537.7
 354.7 -354.7
 -702.5 702.5
 -642.3 642.3
