# Created by Octave 5.2.0, Fri Sep 25 00:28:08 2020 CEST <jiwidi@land>
# name: w
# type: matrix
# rows: 2001
# columns: 2
 -3.55e+04 3.55e+04
 3001 -3001
 -1.166e+04 1.166e+04
 -5719 5719
 -3664 3664
 -4668 4668
 9351 -9351
 7564 -7564
 1520 -1520
 -4758 4758
 1.483e+04 -1.483e+04
 -4806 4806
 2949 -2949
 4288 -4288
 -1.28e+04 1.28e+04
 -2.029e+04 2.029e+04
 -2281 2281
 8558 -8558
 -9514 9514
 1.084e+04 -1.084e+04
 -9310 9310
 -9795 9795
 -1.745e+04 1.745e+04
 -1.505e+04 1.505e+04
 1.925e+04 -1.925e+04
 -5465 5465
 -3875 3875
 -3.585e+04 3.585e+04
 -3216 3216
 -33.98 33.98
 1900 -1900
 -3916 3916
 1.561e+04 -1.561e+04
 -7300 7300
 1.153e+04 -1.153e+04
 1.677e+04 -1.677e+04
 -9093 9093
 -1272 1272
 -1.025e+04 1.025e+04
 -60.42 60.42
 -1.086e+04 1.086e+04
 5158 -5158
 -5825 5825
 -4731 4731
 2793 -2793
 1.454e+04 -1.454e+04
 -8924 8924
 1.163e+04 -1.163e+04
 -2.011e+04 2.011e+04
 -6450 6450
 1761 -1761
 3572 -3572
 -1201 1201
 -4904 4904
 5.012e+04 -5.012e+04
 8275 -8275
 2845 -2845
 5361 -5361
 -1517 1517
 1923 -1923
 1985 -1985
 -2250 2250
 -2969 2969
 1537 -1537
 -4348 4348
 -4773 4773
 5781 -5781
 -1.88e+04 1.88e+04
 3371 -3371
 2559 -2559
 -1.85e+04 1.85e+04
 -7999 7999
 -4481 4481
 6142 -6142
 1.435e+04 -1.435e+04
 -6137 6137
 -166.7 166.7
 -5814 5814
 -87.61 87.61
 3746 -3746
 1.077e+04 -1.077e+04
 -198.9 198.9
 7209 -7209
 -6566 6566
 8309 -8309
 948.1 -948.1
 -5518 5518
 -4932 4932
 3778 -3778
 70.68 -70.68
 668.4 -668.4
 4237 -4237
 8181 -8181
 -4602 4602
 -5768 5768
 -1.084e+04 1.084e+04
 4191 -4191
 3.404e+04 -3.404e+04
 -1.431e+04 1.431e+04
 556.8 -556.8
 6731 -6731
 1.032e+04 -1.032e+04
 6928 -6928
 -2.485e+04 2.485e+04
 1.398e+04 -1.398e+04
 -5089 5089
 1.053e+04 -1.053e+04
 1405 -1405
 -1165 1165
 -8468 8468
 5967 -5967
 3446 -3446
 -3427 3427
 -3408 3408
 -2.166e+04 2.166e+04
 -2276 2276
 5598 -5598
 1921 -1921
 -6066 6066
 -1.004e+04 1.004e+04
 5905 -5905
 3968 -3968
 -3417 3417
 -5501 5501
 -2791 2791
 -1.156e+04 1.156e+04
 5672 -5672
 8053 -8053
 -3125 3125
 -7333 7333
 -8099 8099
 -3195 3195
 1110 -1110
 -3915 3915
 6470 -6470
 -9761 9761
 4367 -4367
 760 -760
 -8092 8092
 539.8 -539.8
 -8638 8638
 -8392 8392
 1123 -1123
 -1495 1495
 -2300 2300
 -4076 4076
 7828 -7828
 -3.137e+04 3.137e+04
 -6673 6673
 1664 -1664
 -9471 9471
 -1.583e+04 1.583e+04
 2133 -2133
 7.777e+04 -7.777e+04
 2702 -2702
 -892.5 892.5
 -3.912e+04 3.912e+04
 -7418 7418
 2233 -2233
 -2.164e+04 2.164e+04
 -6140 6140
 5084 -5084
 -2729 2729
 -1.026e+04 1.026e+04
 1.413e+04 -1.413e+04
 5.438e+04 -5.438e+04
 7715 -7715
 1.308e+04 -1.308e+04
 5047 -5047
 -5208 5208
 -8918 8918
 5629 -5629
 5626 -5626
 -8681 8681
 6238 -6238
 3498 -3498
 -209.1 209.1
 2.576e+04 -2.576e+04
 233.7 -233.7
 -3032 3032
 -3977 3977
 4.525e+04 -4.525e+04
 -3.2e+04 3.2e+04
 3735 -3735
 -3537 3537
 -588.6 588.6
 9442 -9442
 272.3 -272.3
 -1324 1324
 -1.456e+04 1.456e+04
 1.629e+04 -1.629e+04
 8919 -8919
 3085 -3085
 -2057 2057
 -6448 6448
 -2566 2566
 634.2 -634.2
 -2588 2588
 1.086e+04 -1.086e+04
 3067 -3067
 1.241e+04 -1.241e+04
 -1.292e+04 1.292e+04
 -4798 4798
 1.951e+04 -1.951e+04
 1.923e+04 -1.923e+04
 271 -271
 -3.072e+04 3.072e+04
 -1.643e+04 1.643e+04
 -1079 1079
 3284 -3284
 -3.765e+04 3.765e+04
 1.161e+04 -1.161e+04
 -1.776e+04 1.776e+04
 -1262 1262
 -5676 5676
 -3118 3118
 -1.582e+04 1.582e+04
 -6557 6557
 -1569 1569
 -1.253e+04 1.253e+04
 -9854 9854
 4697 -4697
 -1.816e+04 1.816e+04
 3620 -3620
 -9372 9372
 1.095e+04 -1.095e+04
 2754 -2754
 -1.078e+04 1.078e+04
 1.604e+04 -1.604e+04
 -3097 3097
 5032 -5032
 1.03e+04 -1.03e+04
 1.216e+04 -1.216e+04
 -1.057e+04 1.057e+04
 1.034e+04 -1.034e+04
 -1.25e+04 1.25e+04
 -9610 9610
 -7279 7279
 4525 -4525
 1.315e+04 -1.315e+04
 -7777 7777
 -117.7 117.7
 -9163 9163
 7208 -7208
 -3801 3801
 -1896 1896
 1542 -1542
 -2.101e+04 2.101e+04
 -2.233e+04 2.233e+04
 -7065 7065
 4491 -4491
 -8513 8513
 -669 669
 1.147e+04 -1.147e+04
 -2179 2179
 -2587 2587
 -775.5 775.5
 2.081e+04 -2.081e+04
 2.285e+04 -2.285e+04
 -4493 4493
 2.043e+04 -2.043e+04
 -1.85e+04 1.85e+04
 -7726 7726
 -5630 5630
 1.087e+04 -1.087e+04
 -6917 6917
 -1.1e+04 1.1e+04
 -6996 6996
 -6304 6304
 3634 -3634
 8972 -8972
 1.235e+04 -1.235e+04
 3494 -3494
 -2129 2129
 1984 -1984
 -1.034e+04 1.034e+04
 3053 -3053
 2566 -2566
 -7665 7665
 -1.419e+04 1.419e+04
 470 -470
 1.701e+04 -1.701e+04
 -1.547e+04 1.547e+04
 2.091e+04 -2.091e+04
 3.378e+04 -3.378e+04
 1798 -1798
 -1.191e+04 1.191e+04
 -1356 1356
 -8715 8715
 -1.058e+04 1.058e+04
 -3554 3554
 -2.717e+04 2.717e+04
 4551 -4551
 -457.9 457.9
 -89.1 89.1
 6828 -6828
 -2.228e+04 2.228e+04
 -3935 3935
 -8022 8022
 4717 -4717
 1591 -1591
 -3103 3103
 -9181 9181
 -1.182e+04 1.182e+04
 2.923e+04 -2.923e+04
 4370 -4370
 -4260 4260
 1454 -1454
 619.2 -619.2
 2.534e+04 -2.534e+04
 3930 -3930
 2.311e+04 -2.311e+04
 -1.311e+04 1.311e+04
 6355 -6355
 -1.843e+04 1.843e+04
 -4994 4994
 4.678e+04 -4.678e+04
 2.411e+04 -2.411e+04
 -7531 7531
 1.459e+04 -1.459e+04
 5367 -5367
 3.299e+04 -3.299e+04
 1.295e+04 -1.295e+04
 8601 -8601
 1667 -1667
 937.7 -937.7
 6647 -6647
 -952.1 952.1
 5184 -5184
 -2683 2683
 -8521 8521
 9882 -9882
 -8910 8910
 -1.394e+04 1.394e+04
 1.036e+04 -1.036e+04
 -1.103e+04 1.103e+04
 -644.4 644.4
 -2836 2836
 -1423 1423
 5801 -5801
 226.7 -226.7
 -2.248e+04 2.248e+04
 -8114 8114
 6169 -6169
 -5052 5052
 977.4 -977.4
 -4415 4415
 9631 -9631
 2.343e+04 -2.343e+04
 1.021e+04 -1.021e+04
 -2811 2811
 -1.211e+04 1.211e+04
 -4887 4887
 -4018 4018
 5634 -5634
 2814 -2814
 -3.264e+04 3.264e+04
 1.743e+04 -1.743e+04
 -51.96 51.96
 2.413e+04 -2.413e+04
 -3170 3170
 -1.275e+04 1.275e+04
 -1.142e+04 1.142e+04
 1.002e+04 -1.002e+04
 -6390 6390
 -2113 2113
 2.565e+04 -2.565e+04
 -1.099e+04 1.099e+04
 7272 -7272
 -1.289e+04 1.289e+04
 -4878 4878
 7915 -7915
 1.025e+04 -1.025e+04
 1114 -1114
 -1779 1779
 -818.4 818.4
 8534 -8534
 1.909e+04 -1.909e+04
 -8998 8998
 -1.104e+04 1.104e+04
 -1345 1345
 -1.744e+04 1.744e+04
 -6768 6768
 -8842 8842
 4.177e+04 -4.177e+04
 1.108e+04 -1.108e+04
 1616 -1616
 5512 -5512
 -2117 2117
 -4247 4247
 -5414 5414
 -3213 3213
 -8938 8938
 -2.001e+04 2.001e+04
 4426 -4426
 -1.164e+04 1.164e+04
 -420.9 420.9
 -7632 7632
 -7678 7678
 2.933e+04 -2.933e+04
 -1.502e+04 1.502e+04
 -5954 5954
 -4903 4903
 -8511 8511
 8773 -8773
 -8755 8755
 -1.001e+04 1.001e+04
 1.049e+04 -1.049e+04
 -1.195e+04 1.195e+04
 1.517e+04 -1.517e+04
 -4793 4793
 7121 -7121
 -4327 4327
 -2.197e+04 2.197e+04
 -1.268e+04 1.268e+04
 457.1 -457.1
 3.49e+04 -3.49e+04
 -8737 8737
 3.086e+04 -3.086e+04
 1.851e+04 -1.851e+04
 6934 -6934
 3488 -3488
 1.378e+04 -1.378e+04
 -2.298e+04 2.298e+04
 -5324 5324
 -6285 6285
 -718.5 718.5
 -4456 4456
 -9002 9002
 -1.435e+04 1.435e+04
 1.825e+04 -1.825e+04
 -6917 6917
 2.539e+04 -2.539e+04
 1268 -1268
 474.4 -474.4
 -2824 2824
 6996 -6996
 5187 -5187
 -1.226e+04 1.226e+04
 -1342 1342
 -7843 7843
 5035 -5035
 -1.962e+04 1.962e+04
 1.643e+04 -1.643e+04
 -6765 6765
 8601 -8601
 -4441 4441
 -1.89e+04 1.89e+04
 2.084e+04 -2.084e+04
 -1108 1108
 -1.068e+04 1.068e+04
 -4751 4751
 1.673e+04 -1.673e+04
 3.836e+04 -3.836e+04
 3779 -3779
 7786 -7786
 -9453 9453
 2597 -2597
 -1.195e+04 1.195e+04
 503.5 -503.5
 -1.172e+04 1.172e+04
 -1.279e+04 1.279e+04
 3.353e+04 -3.353e+04
 1063 -1063
 9456 -9456
 1.068e+04 -1.068e+04
 9615 -9615
 4948 -4948
 369.1 -369.1
 3383 -3383
 -2035 2035
 -3771 3771
 -8058 8058
 43.54 -43.54
 -650.2 650.2
 3122 -3122
 9498 -9498
 4256 -4256
 -6762 6762
 1.184e+04 -1.184e+04
 -694.1 694.1
 6213 -6213
 -3098 3098
 16.29 -16.29
 1.823e+04 -1.823e+04
 -55.4 55.4
 -8931 8931
 -1.737e+04 1.737e+04
 -5498 5498
 -5870 5870
 6856 -6856
 -801.1 801.1
 -672.3 672.3
 -3294 3294
 5380 -5380
 -3918 3918
 -9590 9590
 -1092 1092
 2714 -2714
 -2.158e+04 2.158e+04
 1.009e+04 -1.009e+04
 -6019 6019
 -8497 8497
 -4195 4195
 -1459 1459
 -7334 7334
 -3345 3345
 -2.18e+04 2.18e+04
 8591 -8591
 -2753 2753
 -1346 1346
 2668 -2668
 -2.441e+04 2.441e+04
 -1698 1698
 7922 -7922
 -1.906e+04 1.906e+04
 -4909 4909
 5375 -5375
