# Created by Octave 5.2.0, Fri Sep 25 00:20:09 2020 CEST <jiwidi@land>
# name: w
# type: matrix
# rows: 2001
# columns: 2
 -3.6e+04 3.6e+04
 292.6 -292.6
 -1196 1196
 -572.6 572.6
 -368.6 368.6
 -468.9 468.9
 929.5 -929.5
 753.8 -753.8
 145.7 -145.7
 -483.4 483.4
 1482 -1482
 -483.8 483.8
 282.6 -282.6
 426.2 -426.2
 -1394 1394
 -2115 2115
 -254.4 254.4
 849.8 -849.8
 -963.3 963.3
 1172 -1172
 -953.4 953.4
 -989.4 989.4
 -1747 1747
 -1541 1541
 1919 -1919
 -559.3 559.3
 -402.4 402.4
 -3942 3942
 -325.9 325.9
 -10.51 10.51
 184 -184
 -393.5 393.5
 1553 -1553
 -747.8 747.8
 1149 -1149
 1672 -1672
 -914.6 914.6
 -131.4 131.4
 -1043 1043
 -23.88 23.88
 -1104 1104
 513.8 -513.8
 -593.6 593.6
 -482.8 482.8
 283.7 -283.7
 1447 -1447
 -960.6 960.6
 1127 -1127
 -2095 2095
 -680.7 680.7
 167.9 -167.9
 390.3 -390.3
 -124.2 124.2
 -497.3 497.3
 5009 -5009
 812.6 -812.6
 281 -281
 533.2 -533.2
 -204.5 204.5
 176.8 -176.8
 282.7 -282.7
 -276.5 276.5
 -328.2 328.2
 139.1 -139.1
 -447.8 447.8
 -497.7 497.7
 568.2 -568.2
 -1999 1999
 334.2 -334.2
 247.8 -247.8
 -1855 1855
 -805.4 805.4
 -454 454
 613 -613
 1411 -1411
 -626.9 626.9
 -39.92 39.92
 -589.2 589.2
 -20.06 20.06
 367 -367
 1074 -1074
 -24.43 24.43
 709 -709
 -667.9 667.9
 811.5 -811.5
 85.87 -85.87
 -557.6 557.6
 -496.1 496.1
 375.2 -375.2
 23.3 -23.3
 52.69 -52.69
 399.1 -399.1
 813.1 -813.1
 -481.2 481.2
 -587.5 587.5
 -1108 1108
 415.2 -415.2
 3394 -3394
 -1501 1501
 59.87 -59.87
 660.7 -660.7
 1019 -1019
 682.4 -682.4
 -2511 2511
 1381 -1381
 -531.6 531.6
 1053 -1053
 135.8 -135.8
 -120.8 120.8
 -871.3 871.3
 579.2 -579.2
 335.8 -335.8
 -426.2 426.2
 -345.9 345.9
 -2272 2272
 -237.3 237.3
 546.4 -546.4
 191.2 -191.2
 -617.5 617.5
 -1014 1014
 609.2 -609.2
 395.3 -395.3
 -340.4 340.4
 -595.4 595.4
 -282.3 282.3
 -1208 1208
 564.2 -564.2
 800.9 -800.9
 -330.9 330.9
 -741.6 741.6
 -849.7 849.7
 -354.7 354.7
 129.1 -129.1
 -552.7 552.7
 650.8 -650.8
 -985.6 985.6
 431.2 -431.2
 47.69 -47.69
 -814.8 814.8
 48.77 -48.77
 -898 898
 -858.1 858.1
 108.6 -108.6
 -163 163
 -233.4 233.4
 -411.9 411.9
 762.2 -762.2
 -3354 3354
 -677.4 677.4
 151.8 -151.8
 -968.3 968.3
 -1600 1600
 156.9 -156.9
 7774 -7774
 266.5 -266.5
 -89.79 89.79
 -4118 4118
 -771.5 771.5
 197.3 -197.3
 -2217 2217
 -627.4 627.4
 492.8 -492.8
 -279.4 279.4
 -1036 1036
 1405 -1405
 5440 -5440
 763.2 -763.2
 1285 -1285
 481.6 -481.6
 -527.1 527.1
 -947.8 947.8
 555.4 -555.4
 549.9 -549.9
 -890.7 890.7
 623.5 -623.5
 350.2 -350.2
 -28.26 28.26
 2573 -2573
 24.92 -24.92
 -309.3 309.3
 -406.2 406.2
 4521 -4521
 -3319 3319
 370.3 -370.3
 -395.8 395.8
 -66.52 66.52
 939.5 -939.5
 8.316 -8.316
 -138 138
 -1474 1474
 1626 -1626
 886.8 -886.8
 280.5 -280.5
 -214.6 214.6
 -652.9 652.9
 -267.2 267.2
 55.36 -55.36
 -256.6 256.6
 1079 -1079
 301.6 -301.6
 1238 -1238
 -1328 1328
 -482.9 482.9
 1952 -1952
 1921 -1921
 87.62 -87.62
 -3120 3120
 -1730 1730
 -112.6 112.6
 295.4 -295.4
 -3904 3904
 1157 -1157
 -1791 1791
 -78.67 78.67
 -584.8 584.8
 -425.2 425.2
 -1617 1617
 -661.3 661.3
 -166.3 166.3
 -1277 1277
 -1010 1010
 467.3 -467.3
 -1833 1833
 356.4 -356.4
 -998.3 998.3
 1092 -1092
 264.9 -264.9
 -1100 1100
 1590 -1590
 -317.1 317.1
 488.4 -488.4
 1024 -1024
 1208 -1208
 -1089 1089
 1042 -1042
 -1288 1288
 -972.8 972.8
 -740.7 740.7
 437.4 -437.4
 1314 -1314
 -824.9 824.9
 -14.45 14.45
 -926.8 926.8
 717.3 -717.3
 -388.6 388.6
 -192.4 192.4
 129.2 -129.2
 -2203 2203
 -2302 2302
 -715.1 715.1
 454 -454
 -905.2 905.2
 -79.76 79.76
 1113 -1113
 -219.5 219.5
 -289.8 289.8
 -92.04 92.04
 2081 -2081
 2282 -2282
 -481.7 481.7
 2041 -2041
 -1915 1915
 -781.1 781.1
 -567.6 567.6
 1085 -1085
 -703.4 703.4
 -1147 1147
 -740.6 740.6
 -675.7 675.7
 355.8 -355.8
 892.4 -892.4
 1227 -1227
 347.6 -347.6
 -226.7 226.7
 194 -194
 -1084 1084
 299.8 -299.8
 242.2 -242.2
 -775.5 775.5
 -1425 1425
 39.96 -39.96
 1699 -1699
 -1602 1602
 2090 -2090
 3377 -3377
 179 -179
 -1215 1215
 -136.3 136.3
 -886.9 886.9
 -1066 1066
 -394.7 394.7
 -2847 2847
 448.4 -448.4
 -49.34 49.34
 -8.886 8.886
 680.7 -680.7
 -2288 2288
 -409.1 409.1
 -810.4 810.4
 464.5 -464.5
 152.9 -152.9
 -315.9 315.9
 -924.1 924.1
 -1191 1191
 2922 -2922
 436.7 -436.7
 -426.9 426.9
 119.1 -119.1
 50.45 -50.45
 2533 -2533
 370.9 -370.9
 2308 -2308
 -1320 1320
 623.1 -623.1
 -1916 1916
 -505.6 505.6
 4674 -4674
 2465 -2465
 -768.9 768.9
 1444 -1444
 534.8 -534.8
 3295 -3295
 1315 -1315
 858 -858
 162.3 -162.3
 80.29 -80.29
 657.9 -657.9
 -99.26 99.26
 508.3 -508.3
 -243.3 243.3
 -878.6 878.6
 978.4 -978.4
 -898 898
 -1427 1427
 1033 -1033
 -1167 1167
 -65.41 65.41
 -307.1 307.1
 -160.3 160.3
 576.5 -576.5
 18.22 -18.22
 -2310 2310
 -831.5 831.5
 611.4 -611.4
 -490.6 490.6
 88.66 -88.66
 -470.7 470.7
 961.1 -961.1
 2342 -2342
 1007 -1007
 -286 286
 -1250 1250
 -506.6 506.6
 -402.4 402.4
 594.3 -594.3
 324.3 -324.3
 -3440 3440
 1786 -1786
 -5.534 5.534
 2412 -2412
 -326 326
 -1299 1299
 -1149 1149
 1017 -1017
 -645.8 645.8
 -216.2 216.2
 2552 -2552
 -1201 1201
 776.6 -776.6
 -1292 1292
 -537.7 537.7
 782.7 -782.7
 1025 -1025
 52.67 -52.67
 -199.6 199.6
 -83.12 83.12
 840.9 -840.9
 1891 -1891
 -909.1 909.1
 -1106 1106
 -160.8 160.8
 -1765 1765
 -680.7 680.7
 -949.6 949.6
 4174 -4174
 1088 -1088
 158.5 -158.5
 547.6 -547.6
 -216.3 216.3
 -430.7 430.7
 -555.5 555.5
 -324.3 324.3
 -973.2 973.2
 -2013 2013
 445.6 -445.6
 -1198 1198
 -51.62 51.62
 -772.7 772.7
 -798.2 798.2
 2932 -2932
 -1562 1562
 -600.3 600.3
 -496.7 496.7
 -873.6 873.6
 873 -873
 -881.3 881.3
 -1012 1012
 1020 -1020
 -1204 1204
 1514 -1514
 -459.4 459.4
 705.6 -705.6
 -440.6 440.6
 -2411 2411
 -1276 1276
 39.91 -39.91
 3531 -3531
 -895.2 895.2
 3085 -3085
 1846 -1846
 675.1 -675.1
 337.6 -337.6
 1357 -1357
 -2703 2703
 -541 541
 -640.7 640.7
 -75.41 75.41
 -457.3 457.3
 -917.3 917.3
 -1468 1468
 1807 -1807
 -713.9 713.9
 2535 -2535
 123.1 -123.1
 43.23 -43.23
 -284.9 284.9
 693.4 -693.4
 495.6 -495.6
 -1230 1230
 -149.7 149.7
 -896.9 896.9
 486.7 -486.7
 -2144 2144
 1639 -1639
 -738.4 738.4
 849.1 -849.1
 -460.1 460.1
 -1931 1931
 2077 -2077
 -125.3 125.3
 -1086 1086
 -496.1 496.1
 1664 -1664
 3833 -3833
 361.9 -361.9
 777.6 -777.6
 -963.4 963.4
 257.2 -257.2
 -1203 1203
 -23.36 23.36
 -1195 1195
 -1308 1308
 3349 -3349
 89.43 -89.43
 931.8 -931.8
 1065 -1065
 933 -933
 487.8 -487.8
 36.59 -36.59
 319.8 -319.8
 -211.2 211.2
 -388 388
 -829.9 829.9
 0.518 -0.518
 -76.53 76.53
 310.9 -310.9
 951.8 -951.8
 420.1 -420.1
 -731.1 731.1
 1184 -1184
 -69.82 69.82
 620.1 -620.1
 -315.9 315.9
 -1.212 1.212
 1820 -1820
 -5.54 5.54
 -909 909
 -1860 1860
 -557.1 557.1
 -685.7 685.7
 675.1 -675.1
 -94.81 94.81
 -89.24 89.24
 -357.5 357.5
 515 -515
 -399.7 399.7
 -999.5 999.5
 -116.5 116.5
 179.6 -179.6
 -2244 2244
 1008 -1008
 -633.6 633.6
 -853.1 853.1
 -426.3 426.3
 -144.7 144.7
 -756.1 756.1
 -296.6 296.6
 -2336 2336
 856.9 -856.9
 -282.6 282.6
 -146.3 146.3
 253.3 -253.3
 -2466 2466
 -171.8 171.8
 769.9 -769.9
 -1960 1960
 -506.2 506.2
 522.7 -522.7
 -471.2 471.2
 -571.5 571.5
 -317.6 317.6
 1216 -1216
 -2150 2150
 317.6 -317.6
 -33.86 33.86
 -83.19 83.19
 -462.9 462.9
 -1349 1349
 4.432 -4.432
 -685.6 685.6
 -835.4 835.4
 -829.8 829.8
 -708.4 708.4
 -738.9 738.9
 -889.7 889.7
 -2468 2468
 946.3 -946.3
 506.6 -506.6
 -197.9 197.9
 -39.34 39.34
 -883.5 883.5
 -983.4 983.4
 -1006 1006
 1430 -1430
 1248 -1248
 -189.6 189.6
 481.7 -481.7
 -2326 2326
 -429.1 429.1
 -20.5 20.5
 765.6 -765.6
 -1744 1744
 2192 -2192
 369.2 -369.2
 26.66 -26.66
 -167.4 167.4
 183.5 -183.5
 -833.7 833.7
 1506 -1506
 -106.5 106.5
 1999 -1999
 81.43 -81.43
 651.8 -651.8
 -52.19 52.19
 -498.3 498.3
 -2816 2816
 -438.5 438.5
 895.1 -895.1
 976.6 -976.6
 -23.32 23.32
 -1604 1604
 -219.6 219.6
 -1219 1219
 1932 -1932
 -424.1 424.1
 -289.9 289.9
 -13.85 13.85
 142 -142
 2694 -2694
 -344.2 344.2
 366.4 -366.4
 -1177 1177
 -1128 1128
 -1029 1029
 783.2 -783.2
 57.64 -57.64
 408.5 -408.5
 107.5 -107.5
 -1593 1593
 -51.56 51.56
 180.6 -180.6
 -220.7 220.7
 -2476 2476
 -5846 5846
 199 -199
 119.7 -119.7
