# Created by Octave 5.2.0, Fri Sep 25 00:34:26 2020 CEST <jiwidi@land>
# name: w
# type: matrix
# rows: 2001
# columns: 2
 -2000 2000
 1.288e+04 -1.288e+04
 -2.061e+04 2.061e+04
 3979 -3979
 -6685 6685
 1.48e+04 -1.48e+04
 3.202e+04 -3.202e+04
 2842 -2842
 5470 -5470
 -1.044e+04 1.044e+04
 2.422e+04 -2.422e+04
 -8706 8706
 1269 -1269
 1.095e+04 -1.095e+04
 -5418 5418
 -3.79e+04 3.79e+04
 1.729e+04 -1.729e+04
 -1.271e+04 1.271e+04
 -4332 4332
 1.77e+04 -1.77e+04
 -2.165e+04 2.165e+04
 -3.594e+04 3.594e+04
 -8727 8727
 -2.787e+04 2.787e+04
 1.795e+04 -1.795e+04
 -2.683e+04 2.683e+04
 1958 -1958
 4.018e+04 -4.018e+04
 -8387 8387
 -1717 1717
 -2120 2120
 -1032 1032
 1.905e+04 -1.905e+04
 -5222 5222
 1.66e+04 -1.66e+04
 -2.731e+04 2.731e+04
 -3.321e+04 3.321e+04
 -8641 8641
 -1.937e+04 1.937e+04
 -1.002e+04 1.002e+04
 -2.176e+04 2.176e+04
 2.171e+04 -2.171e+04
 -1.157e+04 1.157e+04
 -1.633e+04 1.633e+04
 2489 -2489
 3.319e+04 -3.319e+04
 -7552 7552
 4.96e+04 -4.96e+04
 -2.804e+04 2.804e+04
 7556 -7556
 5032 -5032
 1.008e+04 -1.008e+04
 -243.1 243.1
 -2.648e+04 2.648e+04
 5.455e+04 -5.455e+04
 2.648e+04 -2.648e+04
 6047 -6047
 5744 -5744
 1804 -1804
 -2483 2483
 9502 -9502
 -1.369e+04 1.369e+04
 1.359e+04 -1.359e+04
 2e+04 -2e+04
 -1.38e+04 1.38e+04
 -5551 5551
 2.503e+04 -2.503e+04
 -1.35e+04 1.35e+04
 1.482e+04 -1.482e+04
 1.472e+04 -1.472e+04
 -3.825e+04 3.825e+04
 -3.152e+04 3.152e+04
 -1.287e+04 1.287e+04
 1.912e+04 -1.912e+04
 5.185e+04 -5.185e+04
 -2.088e+04 2.088e+04
 -7.241e+04 7.241e+04
 -2.261e+04 2.261e+04
 1.834e+04 -1.834e+04
 -5014 5014
 1.92e+04 -1.92e+04
 -4267 4267
 -1.09e+04 1.09e+04
 -8126 8126
 3.534e+04 -3.534e+04
 9399 -9399
 -2.795e+04 2.795e+04
 -8635 8635
 -215.8 215.8
 -1.064e+04 1.064e+04
 6522 -6522
 1.6e+04 -1.6e+04
 2.608e+04 -2.608e+04
 -1.373e+04 1.373e+04
 8430 -8430
 -1.739e+04 1.739e+04
 -3418 3418
 4.564e+04 -4.564e+04
 -2.217e+04 2.217e+04
 -5437 5437
 1.891e+04 -1.891e+04
 3.36e+04 -3.36e+04
 -1.322e+04 1.322e+04
 -5.294e+04 5.294e+04
 1.631e+04 -1.631e+04
 6476 -6476
 7885 -7885
 1.011e+04 -1.011e+04
 8032 -8032
 -790.2 790.2
 4.463e+04 -4.463e+04
 -5333 5333
 -1.844e+04 1.844e+04
 -1243 1243
 -3.679e+04 3.679e+04
 -1.469e+04 1.469e+04
 5943 -5943
 -2155 2155
 -2.011e+04 2.011e+04
 -3.467e+04 3.467e+04
 1.039e+04 -1.039e+04
 3.826e+04 -3.826e+04
 -3.449e+04 3.449e+04
 6420 -6420
 -4883 4883
 -4.569e+04 4.569e+04
 -1.256e+04 1.256e+04
 2222 -2222
 -4730 4730
 -1.968e+04 1.968e+04
 1.07e+04 -1.07e+04
 5492 -5492
 1.045e+04 -1.045e+04
 2.063e+04 -2.063e+04
 1.212e+04 -1.212e+04
 -2.893e+04 2.893e+04
 1.633e+04 -1.633e+04
 -5.332e+04 5.332e+04
 -1.56e+04 1.56e+04
 3382 -3382
 -2.525e+04 2.525e+04
 -2.266e+04 2.266e+04
 3919 -3919
 -9525 9525
 1620 -1620
 -1.535e+04 1.535e+04
 1.966e+04 -1.966e+04
 -1.221e+04 1.221e+04
 -1.981e+04 1.981e+04
 1.154e+04 -1.154e+04
 -3813 3813
 -4.591e+04 4.591e+04
 2.408e+04 -2.408e+04
 8.671e+04 -8.671e+04
 6210 -6210
 -1.54e+04 1.54e+04
 -3.496e+04 3.496e+04
 4674 -4674
 -2.612e+04 2.612e+04
 -2.062e+04 2.062e+04
 -6306 6306
 3.117e+04 -3.117e+04
 -7120 7120
 -5.638e+04 5.638e+04
 3.885e+04 -3.885e+04
 1.013e+05 -1.013e+05
 3.313e+04 -3.313e+04
 8253 -8253
 1.727e+04 -1.727e+04
 -5614 5614
 5011 -5011
 3.464e+04 -3.464e+04
 1.783e+04 -1.783e+04
 -1.046e+04 1.046e+04
 1.616e+04 -1.616e+04
 9082 -9082
 -2.787e+04 2.787e+04
 3.866e+04 -3.866e+04
 -1.344e+04 1.344e+04
 -1744 1744
 -7465 7465
 1.926e+04 -1.926e+04
 -6.125e+04 6.125e+04
 2.262e+04 -2.262e+04
 8886 -8886
 -8368 8368
 3.017e+04 -3.017e+04
 -7014 7014
 -5761 5761
 -3.439e+04 3.439e+04
 3.203e+04 -3.203e+04
 2.041e+04 -2.041e+04
 7675 -7675
 1897 -1897
 -1.632e+04 1.632e+04
 -4.236e+04 4.236e+04
 -6303 6303
 -9338 9338
 1.328e+04 -1.328e+04
 3.67e+04 -3.67e+04
 1.441e+04 -1.441e+04
 -3.259e+04 3.259e+04
 -1.089e+04 1.089e+04
 3.081e+04 -3.081e+04
 1.501e+04 -1.501e+04
 2138 -2138
 -4.452e+04 4.452e+04
 -3.438e+04 3.438e+04
 -8268 8268
 3.991e+04 -3.991e+04
 -9.989e+04 9.989e+04
 2.456e+04 -2.456e+04
 -3.441e+04 3.441e+04
 1677 -1677
 -2.613e+04 2.613e+04
 4.049e+04 -4.049e+04
 -2.024e+04 2.024e+04
 -3.162e+04 3.162e+04
 1.43e+04 -1.43e+04
 -2705 2705
 -2.721e+04 2.721e+04
 1.024e+04 -1.024e+04
 -1.224e+04 1.224e+04
 2.032e+04 -2.032e+04
 -9078 9078
 2.181e+04 -2.181e+04
 -7118 7118
 -3.259e+04 3.259e+04
 3.359e+04 -3.359e+04
 -2.13e+04 2.13e+04
 2.808e+04 -2.808e+04
 -2635 2635
 3854 -3854
 -4.869e+04 4.869e+04
 2.702e+04 -2.702e+04
 -2.374e+04 2.374e+04
 -3.159e+04 3.159e+04
 -2.323e+04 2.323e+04
 2.629e+04 -2.629e+04
 2.618e+04 -2.618e+04
 -2.839e+04 2.839e+04
 -6935 6935
 -2.4e+04 2.4e+04
 1.034e+04 -1.034e+04
 -1.265e+04 1.265e+04
 -5374 5374
 1.233e+04 -1.233e+04
 -2.669e+04 2.669e+04
 -2.417e+04 2.417e+04
 -2.561e+04 2.561e+04
 1.378e+04 -1.378e+04
 5325 -5325
 7512 -7512
 2.793e+04 -2.793e+04
 -5634 5634
 1.273e+04 -1.273e+04
 1.705e+04 -1.705e+04
 4.333e+04 -4.333e+04
 2.256e+04 -2.256e+04
 1542 -1542
 6.003e+04 -6.003e+04
 -2.674e+04 2.674e+04
 -4886 4886
 -1.739e+04 1.739e+04
 2.41e+04 -2.41e+04
 -4019 4019
 3642 -3642
 -1.991e+04 1.991e+04
 1.405e+04 -1.405e+04
 2.445e+04 -2.445e+04
 4376 -4376
 1.876e+04 -1.876e+04
 1.15e+04 -1.15e+04
 1.15e+04 -1.15e+04
 -5893 5893
 1.211e+04 -1.211e+04
 1.157e+04 -1.157e+04
 1.407e+04 -1.407e+04
 -1.926e+04 1.926e+04
 -5.639e+04 5.639e+04
 -1.187e+04 1.187e+04
 2.029e+04 -2.029e+04
 -8636 8636
 2.974e+04 -2.974e+04
 4.996e+04 -4.996e+04
 4283 -4283
 -1.604e+04 1.604e+04
 1023 -1023
 -2000 2000
 -2.477e+04 2.477e+04
 -1124 1124
 -5.799e+04 5.799e+04
 4.392e+04 -4.392e+04
 8309 -8309
 795 -795
 2.443e+04 -2.443e+04
 -6.928e+04 6.928e+04
 -7295 7295
 -5154 5154
 7697 -7697
 -1.541e+04 1.541e+04
 -6386 6386
 2752 -2752
 -3.54e+04 3.54e+04
 3.218e+04 -3.218e+04
 9479 -9479
 7284 -7284
 2216 -2216
 -1.268e+04 1.268e+04
 3.61e+04 -3.61e+04
 2.506e+04 -2.506e+04
 8.139e+04 -8.139e+04
 -3.11e+04 3.11e+04
 4432 -4432
 -9296 9296
 -2.436e+04 2.436e+04
 3.731e+04 -3.731e+04
 4.401e+04 -4.401e+04
 -2.391e+04 2.391e+04
 1.691e+04 -1.691e+04
 1.492e+04 -1.492e+04
 1.147e+05 -1.147e+05
 3.487e+04 -3.487e+04
 1.576e+04 -1.576e+04
 -649.7 649.7
 2679 -2679
 3.354e+04 -3.354e+04
 -5414 5414
 -2.578e+04 2.578e+04
 4212 -4212
 -2.167e+04 2.167e+04
 1.997e+04 -1.997e+04
 -2.303e+04 2.303e+04
 -2.62e+04 2.62e+04
 -1.083e+04 1.083e+04
 -8807 8807
 -3840 3840
 -4139 4139
 -1947 1947
 2.39e+04 -2.39e+04
 -6536 6536
 -5.897e+04 5.897e+04
 -2.156e+04 2.156e+04
 1.779e+04 -1.779e+04
 -1.497e+04 1.497e+04
 -4352 4352
 1.915e+04 -1.915e+04
 2.541e+04 -2.541e+04
 4.515e+04 -4.515e+04
 6.388e+04 -6.388e+04
 -1.281e+04 1.281e+04
 -2.901e+04 2.901e+04
 -3.502e+04 3.502e+04
 -1.982e+04 1.982e+04
 1.91e+04 -1.91e+04
 2.268e+04 -2.268e+04
 -6.505e+04 6.505e+04
 3.457e+04 -3.457e+04
 -793 793
 5.995e+04 -5.995e+04
 -2.658e+04 2.658e+04
 -2.693e+04 2.693e+04
 -2.986e+04 2.986e+04
 2.984e+04 -2.984e+04
 -1.09e+04 1.09e+04
 -7469 7469
 4.746e+04 -4.746e+04
 -2.328e+04 2.328e+04
 2.237e+04 -2.237e+04
 -7.897e+04 7.897e+04
 1.592e+04 -1.592e+04
 1.907e+04 -1.907e+04
 8209 -8209
 -4.254e+04 4.254e+04
 -2.603e+04 2.603e+04
 -1380 1380
 3.039e+04 -3.039e+04
 3.583e+04 -3.583e+04
 -2.03e+04 2.03e+04
 -2.825e+04 2.825e+04
 -1374 1374
 -4.041e+04 4.041e+04
 -5660 5660
 -3.191e+04 3.191e+04
 5.064e+04 -5.064e+04
 4.22e+04 -4.22e+04
 -2381 2381
 2.443e+04 -2.443e+04
 3167 -3167
 -1.019e+04 1.019e+04
 -4377 4377
 -1.162e+04 1.162e+04
 5925 -5925
 -4.484e+04 4.484e+04
 1.37e+04 -1.37e+04
 -1.474e+04 1.474e+04
 -2833 2833
 -1.23e+04 1.23e+04
 -7757 7757
 7.109e+04 -7.109e+04
 -2.094e+04 2.094e+04
 -2.602e+04 2.602e+04
 -1.335e+04 1.335e+04
 -7417 7417
 -6183 6183
 -2.832e+04 2.832e+04
 -1.431e+04 1.431e+04
 2.008e+04 -2.008e+04
 -2.796e+04 2.796e+04
 4.256e+04 -4.256e+04
 -1.248e+04 1.248e+04
 1.699e+04 -1.699e+04
 -8439 8439
 -7131 7131
 -5.617e+04 5.617e+04
 2826 -2826
 7.48e+04 -7.48e+04
 -1.934e+04 1.934e+04
 4.133e+04 -4.133e+04
 1.735e+04 -1.735e+04
 3.366e+04 -3.366e+04
 -2.64e+04 2.64e+04
 9.282e+04 -9.282e+04
