# Created by Octave 5.2.0, Fri Sep 25 00:38:44 2020 CEST <jiwidi@land>
# name: w
# type: matrix
# rows: 2001
# columns: 2
 0 0
 8.124e+04 -8.124e+04
 9491 -9491
 1.267e+05 -1.267e+05
 4217 -4217
 1.747e+04 -1.747e+04
 8.372e+04 -8.372e+04
 -1.842e+04 1.842e+04
 3.473e+04 -3.473e+04
 -9687 9687
 -2.953e+04 2.953e+04
 1.029e+04 -1.029e+04
 3611 -3611
 1.908e+04 -1.908e+04
 -2.033e+04 2.033e+04
 -6.756e+04 6.756e+04
 3.303e+04 -3.303e+04
 -6.432e+04 6.432e+04
 6.681e+04 -6.681e+04
 -3432 3432
 -1.484e+04 1.484e+04
 -7.268e+04 7.268e+04
 4.993e+04 -4.993e+04
 -2195 2195
 698.7 -698.7
 -5.278e+04 5.278e+04
 392.7 -392.7
 -1.746e+04 1.746e+04
 -2.667e+04 2.667e+04
 3.724e+04 -3.724e+04
 -6.443e+04 6.443e+04
 5144 -5144
 2.104e+04 -2.104e+04
 -5931 5931
 4.409e+04 -4.409e+04
 -1.276e+05 1.276e+05
 -1.202e+05 1.202e+05
 -3.896e+04 3.896e+04
 -6.052e+04 6.052e+04
 -2.266e+04 2.266e+04
 -15.38 15.38
 3.732e+04 -3.732e+04
 -2.561e+04 2.561e+04
 -6.267e+04 6.267e+04
 -3.731e+04 3.731e+04
 3.187e+04 -3.187e+04
 -5.671e+04 5.671e+04
 1.003e+05 -1.003e+05
 -2793 2793
 4.289e+04 -4.289e+04
 2.005e+04 -2.005e+04
 -2.543e+04 2.543e+04
 1333 -1333
 -8.067e+04 8.067e+04
 7.216e+04 -7.216e+04
 7.258e+04 -7.258e+04
 -1.461e+04 1.461e+04
 2.814e+04 -2.814e+04
 -8002 8002
 -8.956e+04 8.956e+04
 6485 -6485
 -1.891e+04 1.891e+04
 -3389 3389
 5.285e+04 -5.285e+04
 -4.081e+04 4.081e+04
 -1.613e+04 1.613e+04
 7.377e+04 -7.377e+04
 4829 -4829
 4.277e+04 -4.277e+04
 3799 -3799
 2.713e+04 -2.713e+04
 -1.095e+05 1.095e+05
 -1.251e+04 1.251e+04
 2.61e+04 -2.61e+04
 1.024e+05 -1.024e+05
 -4.923e+04 4.923e+04
 -2.24e+05 2.24e+05
 -6.091e+04 6.091e+04
 4.835e+04 -4.835e+04
 -8.344e+04 8.344e+04
 1.313e+04 -1.313e+04
 8493 -8493
 -6.408e+04 6.408e+04
 -2.532e+04 2.532e+04
 -248.6 248.6
 9999 -9999
 -1.037e+05 1.037e+05
 -1.449e+04 1.449e+04
 -3.774e+04 3.774e+04
 -4.221e+04 4.221e+04
 9680 -9680
 8.073e+04 -8.073e+04
 -450.3 450.3
 -4893 4893
 1.281e+05 -1.281e+05
 -8959 8959
 -1.471e+04 1.471e+04
 4.806e+04 -4.806e+04
 3101 -3101
 -9044 9044
 1465 -1465
 8609 -8609
 -4.414e+04 4.414e+04
 -2.424e+04 2.424e+04
 8491 -8491
 4.728e+04 -4.728e+04
 -4.079e+04 4.079e+04
 1.004e+04 -1.004e+04
 1.209e+04 -1.209e+04
 3.35e+04 -3.35e+04
 4.778e+04 -4.778e+04
 -8868 8868
 -637.6 637.6
 1.517e+04 -1.517e+04
 2.024e+04 -2.024e+04
 -3.554e+04 3.554e+04
 3.177e+04 -3.177e+04
 -2.001e+04 2.001e+04
 -5.741e+04 5.741e+04
 -3.402e+04 3.402e+04
 1.513e+04 -1.513e+04
 7.602e+04 -7.602e+04
 -1.672e+05 1.672e+05
 1.084e+04 -1.084e+04
 6.057e+04 -6.057e+04
 -1.32e+05 1.32e+05
 -2.776e+04 2.776e+04
 -1.888e+04 1.888e+04
 2.566e+04 -2.566e+04
 -7248 7248
 6.54e+04 -6.54e+04
 -3.933e+04 3.933e+04
 -7560 7560
 -3.14e+04 3.14e+04
 2.511e+04 -2.511e+04
 3256 -3256
 3.902e+04 -3.902e+04
 -1.524e+05 1.524e+05
 -1.425e+04 1.425e+04
 -1.343e+04 1.343e+04
 -1316 1316
 -1.106e+04 1.106e+04
 3.628e+04 -3.628e+04
 -9921 9921
 4.42e+04 -4.42e+04
 -1.589e+04 1.589e+04
 7.29e+04 -7.29e+04
 -1.002e+04 1.002e+04
 -5.633e+04 5.633e+04
 3.63e+04 -3.63e+04
 1.767e+04 -1.767e+04
 -7.967e+04 7.967e+04
 5.63e+04 -5.63e+04
 1.171e+05 -1.171e+05
 -5196 5196
 -2.909e+04 2.909e+04
 -2.369e+04 2.369e+04
 2.596e+04 -2.596e+04
 -6.238e+04 6.238e+04
 1.024e+04 -1.024e+04
 6159 -6159
 3.839e+04 -3.839e+04
 -5.524e+04 5.524e+04
 -7.08e+04 7.08e+04
 2.564e+04 -2.564e+04
 9.683e+04 -9.683e+04
 1.689e+04 -1.689e+04
 -1.476e+04 1.476e+04
 8920 -8920
 -3.525e+04 3.525e+04
 -1.675e+04 1.675e+04
 2.088e+04 -2.088e+04
 -4.391e+04 4.391e+04
 3.807e+04 -3.807e+04
 2.853e+04 -2.853e+04
 -4752 4752
 -3.85e+04 3.85e+04
 7.666e+04 -7.666e+04
 -7063 7063
 6009 -6009
 -7136 7136
 -6.224e+04 6.224e+04
 -1.004e+05 1.004e+05
 8.529e+04 -8.529e+04
 -5930 5930
 -2.765e+04 2.765e+04
 6.326e+04 -6.326e+04
 -3.249e+04 3.249e+04
 1.254e+04 -1.254e+04
 -7.115e+04 7.115e+04
 3.279e+04 -3.279e+04
 1.333e+04 -1.333e+04
 -9841 9841
 -1.662e+04 1.662e+04
 -4.146e+04 4.146e+04
 -4.962e+04 4.962e+04
 -1.89e+04 1.89e+04
 -5.639e+04 5.639e+04
 4231 -4231
 1.332e+05 -1.332e+05
 3.76e+04 -3.76e+04
 -4.067e+04 4.067e+04
 -8.568e+04 8.568e+04
 8.914e+04 -8.914e+04
 -3.412e+04 3.412e+04
 2.632e+04 -2.632e+04
 -2.941e+04 2.941e+04
 -3.176e+04 3.176e+04
 -1.941e+04 1.941e+04
 5.338e+04 -5.338e+04
 -1.912e+05 1.912e+05
 1.056e+04 -1.056e+04
 -5.685e+04 5.685e+04
 4.424e+04 -4.424e+04
 -4.346e+04 4.346e+04
 9.243e+04 -9.243e+04
 -1.746e+04 1.746e+04
 -3.65e+04 3.65e+04
 -944.6 944.6
 5.564e+04 -5.564e+04
 -2.78e+04 2.78e+04
 -1.636e+04 1.636e+04
 7.677e+04 -7.677e+04
 4.65e+04 -4.65e+04
 6.412e+04 -6.412e+04
 3.753e+04 -3.753e+04
 3.108e+04 -3.108e+04
 -3889 3889
 3.114e+04 -3.114e+04
 -7.455e+04 7.455e+04
 2.179e+04 -2.179e+04
 1.064e+05 -1.064e+05
 1.084e+04 -1.084e+04
 -7.941e+04 7.941e+04
 2.772e+04 -2.772e+04
 -2.247e+04 2.247e+04
 -3.149e+04 3.149e+04
 -6.459e+04 6.459e+04
 7.266e+04 -7.266e+04
 3.492e+04 -3.492e+04
 -8.628e+04 8.628e+04
 -2.736e+04 2.736e+04
 -3.691e+04 3.691e+04
 5465 -5465
 -4.395e+04 4.395e+04
 -5.895e+04 5.895e+04
 3.291e+04 -3.291e+04
 3.443e+04 -3.443e+04
 -1.765e+04 1.765e+04
 -7.204e+04 7.204e+04
 8.668e+04 -8.668e+04
 2.274e+04 -2.274e+04
 2.403e+04 -2.403e+04
 2.875e+04 -2.875e+04
 -1.838e+04 1.838e+04
 2.615e+04 -2.615e+04
 1.699e+04 -1.699e+04
 1.252e+05 -1.252e+05
 8.281e+04 -8.281e+04
 -8251 8251
 1.024e+05 -1.024e+05
 -2.011e+04 2.011e+04
 -635.1 635.1
 -3.559e+04 3.559e+04
 2.618e+04 -2.618e+04
 2.279e+04 -2.279e+04
 1.167e+04 -1.167e+04
 5175 -5175
 3725 -3725
 8.077e+04 -8.077e+04
 5488 -5488
 -5.792e+04 5.792e+04
 -5.589e+04 5.589e+04
 1095 -1095
 -7668 7668
 3.287e+04 -3.287e+04
 1.834e+04 -1.834e+04
 234.8 -234.8
 -6.005e+04 6.005e+04
 -80.22 80.22
 -5.599e+04 5.599e+04
 1.468e+04 -1.468e+04
 2.452e+04 -2.452e+04
 1560 -1560
 8.065e+04 -8.065e+04
 2.559e+04 -2.559e+04
 1.938e+04 -1.938e+04
 -2.438e+04 2.438e+04
 2.918e+04 -2.918e+04
 -9.25e+04 9.25e+04
 3174 -3174
 -1.435e+05 1.435e+05
 9.758e+04 -9.758e+04
 1.485e+04 -1.485e+04
 1.069e+04 -1.069e+04
 8159 -8159
 -1.272e+05 1.272e+05
 -1.607e+04 1.607e+04
 4.737e+04 -4.737e+04
 1.769e+04 -1.769e+04
 -4.416e+04 4.416e+04
 135 -135
 4.895e+04 -4.895e+04
 -7.708e+04 7.708e+04
 4.606e+04 -4.606e+04
 6294 -6294
 5.248e+04 -5.248e+04
 -8855 8855
 4489 -4489
 1.927e+04 -1.927e+04
 2248 -2248
 1.265e+05 -1.265e+05
 -7.021e+04 7.021e+04
 -9.19e+04 9.19e+04
 4.301e+04 -4.301e+04
 -5.272e+04 5.272e+04
 -2180 2180
 5.105e+04 -5.105e+04
 -1.055e+04 1.055e+04
 -1.023e+04 1.023e+04
 5.115e+04 -5.115e+04
 2.166e+05 -2.166e+05
 3.55e+04 -3.55e+04
 -5248 5248
 -4.061e+04 4.061e+04
 3.356e+04 -3.356e+04
 8.071e+04 -8.071e+04
 4.412e+04 -4.412e+04
 2.888e+04 -2.888e+04
 3.2e+04 -3.2e+04
 -7.449e+04 7.449e+04
 1.15e+04 -1.15e+04
 2.124e+04 -2.124e+04
 -5.737e+04 5.737e+04
 -3.089e+04 3.089e+04
 1.138e+04 -1.138e+04
 -2781 2781
 9.815e+04 -9.815e+04
 6.455e+04 -6.455e+04
 9.068e+04 -9.068e+04
 8170 -8170
 -3.685e+04 3.685e+04
 -1.349e+04 1.349e+04
 5.684e+04 -5.684e+04
 -2.636e+04 2.636e+04
 -3.13e+04 3.13e+04
 8.509e+04 -8.509e+04
 1.721e+04 -1.721e+04
 7.377e+04 -7.377e+04
 2.605e+04 -2.605e+04
 -2.478e+04 2.478e+04
 1946 -1946
 -1.055e+05 1.055e+05
 -2.423e+04 2.423e+04
 -3.015e+04 3.015e+04
 3.707e+04 -3.707e+04
 -3.658e+04 3.658e+04
 -2.168e+04 2.168e+04
 -4481 4481
 1.024e+05 -1.024e+05
 -7.888e+04 7.888e+04
 -3.574e+04 3.574e+04
 -4.784e+04 4.784e+04
 4.609e+04 -4.609e+04
 -1.77e+04 1.77e+04
 1.814e+04 -1.814e+04
 3.339e+04 -3.339e+04
 -9.239e+04 9.239e+04
 1.062e+04 -1.062e+04
 -1.126e+05 1.126e+05
 3.731e+04 -3.731e+04
 3.375e+04 -3.375e+04
 -2.561e+04 2.561e+04
 -1.143e+05 1.143e+05
 -1.019e+05 1.019e+05
 8879 -8879
 -1.121e+04 1.121e+04
 9.189e+04 -9.189e+04
 1.552e+04 -1.552e+04
 -1.314e+05 1.314e+05
 -4.141e+04 4.141e+04
 -4.19e+04 4.19e+04
 -6619 6619
 -3.545e+04 3.545e+04
 4716 -4716
 6.125e+04 -6.125e+04
 2.671e+04 -2.671e+04
 8.822e+04 -8.822e+04
 5.906e+04 -5.906e+04
 -4.665e+04 4.665e+04
 -3576 3576
 -4739 4739
 1.194e+04 -1.194e+04
 -1.116e+05 1.116e+05
 1741 -1741
 2.11e+04 -2.11e+04
