# Created by Octave 5.2.0, Fri Sep 25 00:46:00 2020 CEST <jiwidi@land>
# name: w
# type: matrix
# rows: 2001
# columns: 2
 0 0
 8.101e+05 -8.101e+05
 9.009e+04 -9.009e+04
 1.252e+06 -1.252e+06
 3.249e+04 -3.249e+04
 1.662e+05 -1.662e+05
 8.326e+05 -8.326e+05
 -1.888e+05 1.888e+05
 3.417e+05 -3.417e+05
 -9.826e+04 9.826e+04
 -3.032e+05 3.032e+05
 1.125e+05 -1.125e+05
 3.223e+04 -3.223e+04
 1.818e+05 -1.818e+05
 -2.189e+05 2.189e+05
 -6.775e+05 6.775e+05
 3.246e+05 -3.246e+05
 -6.328e+05 6.328e+05
 6.64e+05 -6.64e+05
 -4.275e+04 4.275e+04
 -1.513e+05 1.513e+05
 -7.307e+05 7.307e+05
 4.99e+05 -4.99e+05
 -2.619e+04 2.619e+04
 7709 -7709
 -5.228e+05 5.228e+05
 2984 -2984
 -1.699e+05 1.699e+05
 -2.624e+05 2.624e+05
 3.654e+05 -3.654e+05
 -6.338e+05 6.338e+05
 4.673e+04 -4.673e+04
 2.21e+05 -2.21e+05
 -5.538e+04 5.538e+04
 4.399e+05 -4.399e+05
 -1.279e+06 1.279e+06
 -1.201e+06 1.201e+06
 -3.934e+05 3.934e+05
 -6.075e+05 6.075e+05
 -2.306e+05 2.306e+05
 -7082 7082
 3.777e+05 -3.777e+05
 -2.516e+05 2.516e+05
 -6.2e+05 6.2e+05
 -3.807e+05 3.807e+05
 3.223e+05 -3.223e+05
 -5.587e+05 5.587e+05
 9.999e+05 -9.999e+05
 -2.449e+04 2.449e+04
 4.257e+05 -4.257e+05
 1.914e+05 -1.914e+05
 -2.553e+05 2.553e+05
 1.561e+04 -1.561e+04
 -8.13e+05 8.13e+05
 7.137e+05 -7.137e+05
 7.122e+05 -7.122e+05
 -1.417e+05 1.417e+05
 2.851e+05 -2.851e+05
 -8.409e+04 8.409e+04
 -8.908e+05 8.908e+05
 6.388e+04 -6.388e+04
 -1.926e+05 1.926e+05
 -2.211e+04 2.211e+04
 5.153e+05 -5.153e+05
 -4.001e+05 4.001e+05
 -1.605e+05 1.605e+05
 7.385e+05 -7.385e+05
 4.992e+04 -4.992e+04
 4.31e+05 -4.31e+05
 4.348e+04 -4.348e+04
 2.934e+05 -2.934e+05
 -1.087e+06 1.087e+06
 -1.226e+05 1.226e+05
 2.618e+05 -2.618e+05
 1.001e+06 -1.001e+06
 -4.933e+05 4.933e+05
 -2.244e+06 2.244e+06
 -6e+05 6e+05
 4.724e+05 -4.724e+05
 -8.381e+05 8.381e+05
 1.356e+05 -1.356e+05
 8.122e+04 -8.122e+04
 -6.406e+05 6.406e+05
 -2.562e+05 2.562e+05
 -3455 3455
 1.016e+05 -1.016e+05
 -1.045e+06 1.045e+06
 -1.414e+05 1.414e+05
 -3.696e+05 3.696e+05
 -4.354e+05 4.354e+05
 9.597e+04 -9.597e+04
 8.035e+05 -8.035e+05
 -6942 6942
 -5.475e+04 5.475e+04
 1.285e+06 -1.285e+06
 -8.383e+04 8.383e+04
 -1.471e+05 1.471e+05
 4.81e+05 -4.81e+05
 3.098e+04 -3.098e+04
 -9.216e+04 9.216e+04
 8524 -8524
 7.758e+04 -7.758e+04
 -4.362e+05 4.362e+05
 -2.304e+05 2.304e+05
 8.998e+04 -8.998e+04
 4.706e+05 -4.706e+05
 -3.984e+05 3.984e+05
 9.583e+04 -9.583e+04
 1.154e+05 -1.154e+05
 3.318e+05 -3.318e+05
 4.664e+05 -4.664e+05
 -8.946e+04 8.946e+04
 -6794 6794
 1.55e+05 -1.55e+05
 1.932e+05 -1.932e+05
 -3.645e+05 3.645e+05
 3.164e+05 -3.164e+05
 -1.971e+05 1.971e+05
 -5.775e+05 5.775e+05
 -3.534e+05 3.534e+05
 1.529e+05 -1.529e+05
 7.562e+05 -7.562e+05
 -1.674e+06 1.674e+06
 1.055e+05 -1.055e+05
 6.014e+05 -6.014e+05
 -1.302e+06 1.302e+06
 -2.674e+05 2.674e+05
 -1.908e+05 1.908e+05
 2.615e+05 -2.615e+05
 -7.7e+04 7.7e+04
 6.395e+05 -6.395e+05
 -3.982e+05 3.982e+05
 -7.607e+04 7.607e+04
 -3.152e+05 3.152e+05
 2.541e+05 -2.541e+05
 2.901e+04 -2.901e+04
 3.951e+05 -3.951e+05
 -1.524e+06 1.524e+06
 -1.427e+05 1.427e+05
 -1.341e+05 1.341e+05
 -4205 4205
 -1.057e+05 1.057e+05
 3.698e+05 -3.698e+05
 -1.026e+05 1.026e+05
 4.309e+05 -4.309e+05
 -1.549e+05 1.549e+05
 7.359e+05 -7.359e+05
 -1.01e+05 1.01e+05
 -5.561e+05 5.561e+05
 3.577e+05 -3.577e+05
 1.685e+05 -1.685e+05
 -7.981e+05 7.981e+05
 5.638e+05 -5.638e+05
 1.172e+06 -1.172e+06
 -5.509e+04 5.509e+04
 -2.956e+05 2.956e+05
 -2.255e+05 2.255e+05
 2.564e+05 -2.564e+05
 -6.027e+05 6.027e+05
 1.101e+05 -1.101e+05
 5.635e+04 -5.635e+04
 3.889e+05 -3.889e+05
 -5.459e+05 5.459e+05
 -7.054e+05 7.054e+05
 2.519e+05 -2.519e+05
 9.708e+05 -9.708e+05
 1.722e+05 -1.722e+05
 -1.428e+05 1.428e+05
 8.696e+04 -8.696e+04
 -3.541e+05 3.541e+05
 -1.677e+05 1.677e+05
 2.048e+05 -2.048e+05
 -4.441e+05 4.441e+05
 3.895e+05 -3.895e+05
 2.853e+05 -2.853e+05
 -5.132e+04 5.132e+04
 -3.86e+05 3.86e+05
 7.678e+05 -7.678e+05
 -5.971e+04 5.971e+04
 5.308e+04 -5.308e+04
 -7e+04 7e+04
 -6.345e+05 6.345e+05
 -9.928e+05 9.928e+05
 8.514e+05 -8.514e+05
 -6.402e+04 6.402e+04
 -2.706e+05 2.706e+05
 6.335e+05 -6.335e+05
 -3.244e+05 3.244e+05
 1.418e+05 -1.418e+05
 -7.249e+05 7.249e+05
 3.178e+05 -3.178e+05
 1.424e+05 -1.424e+05
 -8.804e+04 8.804e+04
 -1.678e+05 1.678e+05
 -4.123e+05 4.123e+05
 -5.045e+05 5.045e+05
 -1.817e+05 1.817e+05
 -5.662e+05 5.662e+05
 3.48e+04 -3.48e+04
 1.328e+06 -1.328e+06
 3.705e+05 -3.705e+05
 -4.131e+05 4.131e+05
 -8.505e+05 8.505e+05
 9.016e+05 -9.016e+05
 -3.327e+05 3.327e+05
 2.625e+05 -2.625e+05
 -2.969e+05 2.969e+05
 -3.182e+05 3.182e+05
 -1.908e+05 1.908e+05
 5.314e+05 -5.314e+05
 -1.91e+06 1.91e+06
 1.042e+05 -1.042e+05
 -5.74e+05 5.74e+05
 4.46e+05 -4.46e+05
 -4.381e+05 4.381e+05
 9.289e+05 -9.289e+05
 -1.758e+05 1.758e+05
 -3.574e+05 3.574e+05
 6935 -6935
 5.586e+05 -5.586e+05
 -2.735e+05 2.735e+05
 -1.649e+05 1.649e+05
 7.573e+05 -7.573e+05
 4.576e+05 -4.576e+05
 6.446e+05 -6.446e+05
 3.68e+05 -3.68e+05
 3.114e+05 -3.114e+05
 -4.508e+04 4.508e+04
 3.043e+05 -3.043e+05
 -7.535e+05 7.535e+05
 2.252e+05 -2.252e+05
 1.073e+06 -1.073e+06
 9.888e+04 -9.888e+04
 -7.916e+05 7.916e+05
 2.793e+05 -2.793e+05
 -2.246e+05 2.246e+05
 -3.205e+05 3.205e+05
 -6.408e+05 6.408e+05
 7.32e+05 -7.32e+05
 3.544e+05 -3.544e+05
 -8.663e+05 8.663e+05
 -2.704e+05 2.704e+05
 -3.704e+05 3.704e+05
 6.366e+04 -6.366e+04
 -4.317e+05 4.317e+05
 -5.855e+05 5.855e+05
 3.231e+05 -3.231e+05
 3.315e+05 -3.315e+05
 -1.705e+05 1.705e+05
 -7.318e+05 7.318e+05
 8.58e+05 -8.58e+05
 2.294e+05 -2.294e+05
 2.464e+05 -2.464e+05
 2.842e+05 -2.842e+05
 -1.841e+05 1.841e+05
 2.668e+05 -2.668e+05
 1.738e+05 -1.738e+05
 1.248e+06 -1.248e+06
 8.223e+05 -8.223e+05
 -8.797e+04 8.797e+04
 1.025e+06 -1.025e+06
 -2.044e+05 2.044e+05
 -1.37e+04 1.37e+04
 -3.55e+05 3.55e+05
 2.55e+05 -2.55e+05
 2.296e+05 -2.296e+05
 1.174e+05 -1.174e+05
 5.056e+04 -5.056e+04
 4.288e+04 -4.288e+04
 7.965e+05 -7.965e+05
 6.284e+04 -6.284e+04
 -5.846e+05 5.846e+05
 -5.702e+05 5.702e+05
 2583 -2583
 -6.862e+04 6.862e+04
 3.315e+05 -3.315e+05
 1.826e+05 -1.826e+05
 -7852 7852
 -6.011e+05 6.011e+05
 4103 -4103
 -5.582e+05 5.582e+05
 1.384e+05 -1.384e+05
 2.365e+05 -2.365e+05
 1.956e+04 -1.956e+04
 8.104e+05 -8.104e+05
 2.554e+05 -2.554e+05
 1.926e+05 -1.926e+05
 -2.434e+05 2.434e+05
 2.814e+05 -2.814e+05
 -9.281e+05 9.281e+05
 3.349e+04 -3.349e+04
 -1.411e+06 1.411e+06
 9.731e+05 -9.731e+05
 1.43e+05 -1.43e+05
 1.003e+05 -1.003e+05
 8.06e+04 -8.06e+04
 -1.258e+06 1.258e+06
 -1.561e+05 1.561e+05
 4.879e+05 -4.879e+05
 1.684e+05 -1.684e+05
 -4.396e+05 4.396e+05
 6256 -6256
 4.959e+05 -4.959e+05
 -7.738e+05 7.738e+05
 4.714e+05 -4.714e+05
 6.413e+04 -6.413e+04
 5.261e+05 -5.261e+05
 -8.997e+04 8.997e+04
 5.107e+04 -5.107e+04
 1.904e+05 -1.904e+05
 1.173e+04 -1.173e+04
 1.266e+06 -1.266e+06
 -6.965e+05 6.965e+05
 -9.231e+05 9.231e+05
 4.46e+05 -4.46e+05
 -5.249e+05 5.249e+05
 -2.272e+04 2.272e+04
 5.083e+05 -5.083e+05
 -1.048e+05 1.048e+05
 -1.008e+05 1.008e+05
 5.122e+05 -5.122e+05
 2.168e+06 -2.168e+06
 3.492e+05 -3.492e+05
 -5.81e+04 5.81e+04
 -4.061e+05 4.061e+05
 3.308e+05 -3.308e+05
 8.12e+05 -8.12e+05
 4.336e+05 -4.336e+05
 3.033e+05 -3.033e+05
 3.261e+05 -3.261e+05
 -7.442e+05 7.442e+05
 1.108e+05 -1.108e+05
 2.063e+05 -2.063e+05
 -5.597e+05 5.597e+05
 -3.148e+05 3.148e+05
 1.066e+05 -1.066e+05
 -2.593e+04 2.593e+04
 9.719e+05 -9.719e+05
 6.437e+05 -6.437e+05
 9.045e+05 -9.045e+05
 7.768e+04 -7.768e+04
 -3.705e+05 3.705e+05
 -1.263e+05 1.263e+05
 5.747e+05 -5.747e+05
 -2.765e+05 2.765e+05
 -3.143e+05 3.143e+05
 8.5e+05 -8.5e+05
 1.71e+05 -1.71e+05
 7.363e+05 -7.363e+05
 2.601e+05 -2.601e+05
 -2.464e+05 2.464e+05
 1.475e+04 -1.475e+04
 -1.069e+06 1.069e+06
 -2.474e+05 2.474e+05
 -3.119e+05 3.119e+05
 3.582e+05 -3.582e+05
 -3.59e+05 3.59e+05
 -2.237e+05 2.237e+05
 -4.423e+04 4.423e+04
 1.006e+06 -1.006e+06
 -7.984e+05 7.984e+05
 -3.484e+05 3.484e+05
 -4.699e+05 4.699e+05
 4.57e+05 -4.57e+05
 -1.652e+05 1.652e+05
 1.857e+05 -1.857e+05
 3.346e+05 -3.346e+05
 -9.229e+05 9.229e+05
