# Created by Octave 5.2.0, Fri Sep 25 00:25:28 2020 CEST <jiwidi@land>
# name: w
# type: matrix
# rows: 2001
# columns: 2
 -200 200
 1288 -1288
 -2061 2061
 397.9 -397.9
 -668.5 668.5
 1480 -1480
 3202 -3202
 284.2 -284.2
 547 -547
 -1044 1044
 2422 -2422
 -870.6 870.6
 126.9 -126.9
 1095 -1095
 -541.8 541.8
 -3790 3790
 1729 -1729
 -1271 1271
 -433.2 433.2
 1770 -1770
 -2165 2165
 -3594 3594
 -872.7 872.7
 -2787 2787
 1795 -1795
 -2683 2683
 195.8 -195.8
 4018 -4018
 -838.7 838.7
 -171.7 171.7
 -212 212
 -103.2 103.2
 1905 -1905
 -522.2 522.2
 1660 -1660
 -2731 2731
 -3321 3321
 -864.1 864.1
 -1937 1937
 -1002 1002
 -2176 2176
 2171 -2171
 -1157 1157
 -1633 1633
 248.9 -248.9
 3319 -3319
 -755.2 755.2
 4960 -4960
 -2804 2804
 755.6 -755.6
 503.2 -503.2
 1008 -1008
 -24.31 24.31
 -2648 2648
 5455 -5455
 2648 -2648
 604.7 -604.7
 574.4 -574.4
 180.4 -180.4
 -248.3 248.3
 950.2 -950.2
 -1369 1369
 1359 -1359
 2000 -2000
 -1380 1380
 -555.1 555.1
 2503 -2503
 -1350 1350
 1482 -1482
 1472 -1472
 -3825 3825
 -3152 3152
 -1287 1287
 1912 -1912
 5185 -5185
 -2088 2088
 -7241 7241
 -2261 2261
 1834 -1834
 -501.4 501.4
 1920 -1920
 -426.7 426.7
 -1090 1090
 -812.6 812.6
 3534 -3534
 939.9 -939.9
 -2795 2795
 -863.5 863.5
 -21.58 21.58
 -1064 1064
 652.2 -652.2
 1600 -1600
 2608 -2608
 -1373 1373
 843 -843
 -1739 1739
 -341.8 341.8
 4564 -4564
 -2217 2217
 -543.7 543.7
 1891 -1891
 3360 -3360
 -1322 1322
 -5294 5294
 1631 -1631
 647.6 -647.6
 788.5 -788.5
 1011 -1011
 803.2 -803.2
 -79.02 79.02
 4463 -4463
 -533.3 533.3
 -1844 1844
 -124.3 124.3
 -3679 3679
 -1469 1469
 594.3 -594.3
 -215.5 215.5
 -2011 2011
 -3467 3467
 1039 -1039
 3826 -3826
 -3449 3449
 642 -642
 -488.3 488.3
 -4569 4569
 -1256 1256
 222.2 -222.2
 -473 473
 -1968 1968
 1070 -1070
 549.2 -549.2
 1045 -1045
 2063 -2063
 1212 -1212
 -2893 2893
 1633 -1633
 -5332 5332
 -1560 1560
 338.2 -338.2
 -2525 2525
 -2266 2266
 391.9 -391.9
 -952.5 952.5
 162 -162
 -1535 1535
 1966 -1966
 -1221 1221
 -1981 1981
 1154 -1154
 -381.3 381.3
 -4591 4591
 2408 -2408
 8671 -8671
 621 -621
 -1540 1540
 -3496 3496
 467.4 -467.4
 -2612 2612
 -2062 2062
 -630.6 630.6
 3117 -3117
 -712 712
 -5638 5638
 3885 -3885
 1.013e+04 -1.013e+04
 3313 -3313
 825.3 -825.3
 1727 -1727
 -561.4 561.4
 501.1 -501.1
 3464 -3464
 1783 -1783
 -1046 1046
 1616 -1616
 908.2 -908.2
 -2787 2787
 3866 -3866
 -1344 1344
 -174.4 174.4
 -746.5 746.5
 1926 -1926
 -6125 6125
 2262 -2262
 888.6 -888.6
 -836.8 836.8
 3017 -3017
 -701.4 701.4
 -576.1 576.1
 -3439 3439
 3203 -3203
 2041 -2041
 767.5 -767.5
 189.7 -189.7
 -1632 1632
 -4236 4236
 -630.3 630.3
 -933.8 933.8
 1328 -1328
 3670 -3670
 1441 -1441
 -3259 3259
 -1089 1089
 3081 -3081
 1501 -1501
 213.8 -213.8
 -4452 4452
 -3438 3438
 -826.8 826.8
 3991 -3991
 -9989 9989
 2456 -2456
 -3441 3441
 167.7 -167.7
 -2613 2613
 4049 -4049
 -2024 2024
 -3162 3162
 1430 -1430
 -270.5 270.5
 -2721 2721
 1024 -1024
 -1224 1224
 2032 -2032
 -907.8 907.8
 2181 -2181
 -711.8 711.8
 -3259 3259
 3359 -3359
 -2130 2130
 2808 -2808
 -263.5 263.5
 385.4 -385.4
 -4869 4869
 2702 -2702
 -2374 2374
 -3159 3159
 -2323 2323
 2629 -2629
 2618 -2618
 -2839 2839
 -693.5 693.5
 -2400 2400
 1034 -1034
 -1265 1265
 -537.4 537.4
 1233 -1233
 -2669 2669
 -2417 2417
 -2561 2561
 1378 -1378
 532.5 -532.5
 751.2 -751.2
 2793 -2793
 -563.4 563.4
 1273 -1273
 1705 -1705
 4333 -4333
 2256 -2256
 154.2 -154.2
 6003 -6003
 -2674 2674
 -488.6 488.6
 -1739 1739
 2410 -2410
 -401.9 401.9
 364.2 -364.2
 -1991 1991
 1405 -1405
 2445 -2445
 437.6 -437.6
 1876 -1876
 1150 -1150
 1150 -1150
 -589.3 589.3
 1211 -1211
 1157 -1157
 1407 -1407
 -1926 1926
 -5639 5639
 -1187 1187
 2029 -2029
 -863.6 863.6
 2974 -2974
 4996 -4996
 428.3 -428.3
 -1604 1604
 102.3 -102.3
 -200 200
 -2477 2477
 -112.4 112.4
 -5799 5799
 4392 -4392
 830.9 -830.9
 79.5 -79.5
 2443 -2443
 -6928 6928
 -729.5 729.5
 -515.4 515.4
 769.7 -769.7
 -1541 1541
 -638.6 638.6
 275.2 -275.2
 -3540 3540
 3218 -3218
 947.9 -947.9
 728.4 -728.4
 221.6 -221.6
 -1268 1268
 3610 -3610
 2506 -2506
 8139 -8139
 -3110 3110
 443.2 -443.2
 -929.6 929.6
 -2436 2436
 3731 -3731
 4401 -4401
 -2391 2391
 1691 -1691
 1492 -1492
 1.147e+04 -1.147e+04
 3487 -3487
 1576 -1576
 -64.97 64.97
 267.9 -267.9
 3354 -3354
 -541.4 541.4
 -2578 2578
 421.2 -421.2
 -2167 2167
 1997 -1997
 -2303 2303
 -2620 2620
 -1083 1083
 -880.7 880.7
 -384 384
 -413.9 413.9
 -194.7 194.7
 2390 -2390
 -653.6 653.6
 -5897 5897
 -2156 2156
 1779 -1779
 -1497 1497
 -435.2 435.2
 1915 -1915
 2541 -2541
 4515 -4515
 6388 -6388
 -1281 1281
 -2901 2901
 -3502 3502
 -1982 1982
 1910 -1910
 2268 -2268
 -6505 6505
 3457 -3457
 -79.3 79.3
 5995 -5995
 -2658 2658
 -2693 2693
 -2986 2986
 2984 -2984
 -1090 1090
 -746.9 746.9
 4746 -4746
 -2328 2328
 2237 -2237
 -7897 7897
 1592 -1592
 1907 -1907
 820.9 -820.9
 -4254 4254
 -2603 2603
 -138 138
 3039 -3039
 3583 -3583
 -2030 2030
 -2825 2825
 -137.4 137.4
 -4041 4041
 -566 566
 -3191 3191
 5064 -5064
 4220 -4220
 -238.1 238.1
 2443 -2443
 316.7 -316.7
 -1019 1019
 -437.7 437.7
 -1162 1162
 592.5 -592.5
 -4484 4484
 1370 -1370
 -1474 1474
 -283.3 283.3
 -1230 1230
 -775.7 775.7
 7109 -7109
 -2094 2094
 -2602 2602
 -1335 1335
 -741.7 741.7
 -618.3 618.3
 -2832 2832
 -1431 1431
 2008 -2008
 -2796 2796
 4256 -4256
 -1248 1248
 1699 -1699
 -843.9 843.9
 -713.1 713.1
 -5617 5617
 282.6 -282.6
 7480 -7480
 -1934 1934
 4133 -4133
 1735 -1735
 3366 -3366
 -2640 2640
 9282 -9282
 -1645 1645
 -2385 2385
 -1128 1128
 -1111 1111
 -939.4 939.4
 -2290 2290
 -1452 1452
 3052 -3052
 -1904 1904
 4482 -4482
 -985.9 985.9
 -3604 3604
 -443.3 443.3
 118.8 -118.8
 2364 -2364
 -2678 2678
 -723.5 723.5
 250.8 -250.8
 575.8 -575.8
 -4113 4113
 3742 -3742
 -0.1529 0.1529
 -38.92 38.92
 -909.2 909.2
 -2311 2311
 1901 -1901
 2385 -2385
 -2492 2492
 290 -290
 5253 -5253
 3511 -3511
 1874 -1874
 3230 -3230
 -1917 1917
 2592 -2592
 -1042 1042
 2522 -2522
 -2329 2329
 -23.13 23.13
 4503 -4503
 742 -742
 3753 -3753
 2735 -2735
 1954 -1954
 -375.7 375.7
 247.7 -247.7
 674.9 -674.9
 -1611 1611
 -227.3 227.3
 -786.5 786.5
 -1129 1129
 -58.57 58.57
 2194 -2194
 1967 -1967
 700.8 -700.8
 160.3 -160.3
 2267 -2267
 -292.5 292.5
 166.6 -166.6
 61.76 -61.76
 14.19 -14.19
 868.5 -868.5
 -36.51 36.51
 -1572 1572
 -9029 9029
 -1237 1237
 706.7 -706.7
 667 -667
 1091 -1091
 -1628 1628
 -569.3 569.3
 713.1 -713.1
 -2333 2333
 -1746 1746
 -2130 2130
 2186 -2186
 -5873 5873
 1678 -1678
 1133 -1133
 -3307 3307
 -981.4 981.4
 -1192 1192
 -3667 3667
 -1338 1338
 2629 -2629
 1487 -1487
 83.94 -83.94
 -282.5 282.5
 -424.3 424.3
 -3457 3457
 -1853 1853
 2744 -2744
 -4111 4111
 -1963 1963
 665.1 -665.1
 -608.4 608.4
 -2605 2605
 -362.6 362.6
 2600 -2600
 -4745 4745
 366.2 -366.2
 -5598 5598
 2403 -2403
 934.6 -934.6
 -2011 2011
 102.3 -102.3
 -996.8 996.8
 2603 -2603
 -638.1 638.1
 -3168 3168
 1453 -1453
 -1626 1626
 -6186 6186
 5530 -5530
 539.8 -539.8
 2929 -2929
 -35.96 35.96
 -934.2 934.2
 -3285 3285
 -626.9 626.9
 1238 -1238
 4703 -4703
 -2984 2984
 2170 -2170
 -2484 2484
 -2314 2314
 222.2 -222.2
 4367 -4367
 -2079 2079
 7205 -7205
 -1521 1521
 2116 -2116
 2067 -2067
 679.4 -679.4
 -2719 2719
 1436 -1436
 11.92 -11.92
 2932 -2932
 -2069 2069
 237.2 -237.2
 151.5 -151.5
 -3542 3542
 -4026 4026
 703.5 -703.5
 1209 -1209
 1516 -1516
 -533.1 533.1
 -1767 1767
 -539.9 539.9
 -1905 1905
 9349 -9349
 -2097 2097
 -92.64 92.64
 -118.4 118.4
 2386 -2386
 3424 -3424
 -814.5 814.5
 2029 -2029
 -1307 1307
 -1893 1893
 -590.6 590.6
 2889 -2889
 5011 -5011
 1168 -1168
 108.7 -108.7
 -1573 1573
 327.8 -327.8
 -511.8 511.8
 1087 -1087
 -5447 5447
 5573 -5573
 -419.5 419.5
 -419.6 419.6
 -1738 1738
 2076 -2076
 -1014 1014
 2080 -2080
 -1946 1946
 -831.7 831.7
 565.7 -565.7
 2838 -2838
 3157 -3157
 472.2 -472.2
 8746 -8746
 4554 -4554
 -3553 3553
 936 -936
 -1556 1556
 -3360 3360
 1693 -1693
 -1017 1017
 -3565 3565
 -696.1 696.1
 -1788 1788
 -2729 2729
 2210 -2210
 -1503 1503
 -819 819
 1638 -1638
 -926.8 926.8
 464 -464
 -763.8 763.8
 1298 -1298
