# Created by Octave 5.2.0, Fri Sep 25 00:40:46 2020 CEST <jiwidi@land>
# name: w
# type: matrix
# rows: 2001
# columns: 2
 0 0
 8.468e+04 -8.468e+04
 -5222 5222
 1.559e+05 -1.559e+05
 4846 -4846
 2.488e+04 -2.488e+04
 9.871e+04 -9.871e+04
 -1.545e+04 1.545e+04
 4.175e+04 -4.175e+04
 -1.922e+04 1.922e+04
 -1.147e+04 1.147e+04
 5270 -5270
 9567 -9567
 1.966e+04 -1.966e+04
 -3.058e+04 3.058e+04
 -7.608e+04 7.608e+04
 4.198e+04 -4.198e+04
 -6.051e+04 6.051e+04
 9.021e+04 -9.021e+04
 -1.103e+04 1.103e+04
 -5605 5605
 -6.743e+04 6.743e+04
 3.543e+04 -3.543e+04
 978.6 -978.6
 6581 -6581
 -7.723e+04 7.723e+04
 -1.977e+04 1.977e+04
 -6135 6135
 -2.952e+04 2.952e+04
 3.589e+04 -3.589e+04
 -4.832e+04 4.832e+04
 -549.1 549.1
 3.088e+04 -3.088e+04
 -3517 3517
 4.531e+04 -4.531e+04
 -1.5e+05 1.5e+05
 -1.454e+05 1.454e+05
 -3.4e+04 3.4e+04
 -6.831e+04 6.831e+04
 -2.116e+04 2.116e+04
 -5484 5484
 2.63e+04 -2.63e+04
 -2.774e+04 2.774e+04
 -7.425e+04 7.425e+04
 -4.115e+04 4.115e+04
 2.382e+04 -2.382e+04
 -5.823e+04 5.823e+04
 1.356e+05 -1.356e+05
 -567 567
 6.238e+04 -6.238e+04
 2.513e+04 -2.513e+04
 -2.983e+04 2.983e+04
 6004 -6004
 -6.267e+04 6.267e+04
 8.541e+04 -8.541e+04
 8.009e+04 -8.009e+04
 -1.323e+04 1.323e+04
 1.629e+04 -1.629e+04
 -9448 9448
 -9.837e+04 9.837e+04
 2.083e+04 -2.083e+04
 -2.559e+04 2.559e+04
 7518 -7518
 5.995e+04 -5.995e+04
 -4.389e+04 4.389e+04
 -1.792e+04 1.792e+04
 7.575e+04 -7.575e+04
 -1.69e+04 1.69e+04
 5.683e+04 -5.683e+04
 1.633e+04 -1.633e+04
 1.179e+04 -1.179e+04
 -1.219e+05 1.219e+05
 -1.183e+04 1.183e+04
 4.425e+04 -4.425e+04
 1.12e+05 -1.12e+05
 -6.112e+04 6.112e+04
 -2.141e+05 2.141e+05
 -6.236e+04 6.236e+04
 5.915e+04 -5.915e+04
 -9.728e+04 9.728e+04
 2.681e+04 -2.681e+04
 8516 -8516
 -7.839e+04 7.839e+04
 -1.445e+04 1.445e+04
 707.1 -707.1
 1.679e+04 -1.679e+04
 -1.063e+05 1.063e+05
 -2.304e+04 2.304e+04
 -4.73e+04 4.73e+04
 -9113 9113
 2.118e+04 -2.118e+04
 8.001e+04 -8.001e+04
 3561 -3561
 -7467 7467
 1.305e+05 -1.305e+05
 -8155 8155
 -2.891e+04 2.891e+04
 6.161e+04 -6.161e+04
 3400 -3400
 -7653 7653
 7206 -7206
 2.274e+04 -2.274e+04
 -4.81e+04 4.81e+04
 -6.124e+04 6.124e+04
 1.427e+04 -1.427e+04
 5.659e+04 -5.659e+04
 -1.169e+04 1.169e+04
 2.156e+04 -2.156e+04
 2.037e+04 -2.037e+04
 3.048e+04 -3.048e+04
 5.647e+04 -5.647e+04
 -1.483e+04 1.483e+04
 1.29e+04 -1.29e+04
 6797 -6797
 3.957e+04 -3.957e+04
 -3.018e+04 3.018e+04
 4.026e+04 -4.026e+04
 -2.852e+04 2.852e+04
 -6.799e+04 6.799e+04
 -4.093e+04 4.093e+04
 -2032 2032
 8.202e+04 -8.202e+04
 -1.862e+05 1.862e+05
 2.122e+04 -2.122e+04
 5.749e+04 -5.749e+04
 -1.606e+05 1.606e+05
 -3.406e+04 3.406e+04
 -2.853e+04 2.853e+04
 4.023e+04 -4.023e+04
 -764.2 764.2
 8.996e+04 -8.996e+04
 -3.648e+04 3.648e+04
 4736 -4736
 -2.961e+04 2.961e+04
 5.411e+04 -5.411e+04
 -3824 3824
 3.831e+04 -3.831e+04
 -1.736e+05 1.736e+05
 -1.991e+04 1.991e+04
 -2.009e+04 2.009e+04
 -9972 9972
 -1.838e+04 1.838e+04
 3.871e+04 -3.871e+04
 -3.005e+04 3.005e+04
 5.177e+04 -5.177e+04
 -3.131e+04 3.131e+04
 9.374e+04 -9.374e+04
 -8331 8331
 -4.744e+04 4.744e+04
 3.159e+04 -3.159e+04
 8771 -8771
 -9.783e+04 9.783e+04
 4.475e+04 -4.475e+04
 1.223e+05 -1.223e+05
 -1.07e+04 1.07e+04
 -3.332e+04 3.332e+04
 -1.799e+04 1.799e+04
 2.697e+04 -2.697e+04
 -7.251e+04 7.251e+04
 5090 -5090
 -1320 1320
 5.119e+04 -5.119e+04
 -5.846e+04 5.846e+04
 -9.364e+04 9.364e+04
 3.394e+04 -3.394e+04
 1.337e+05 -1.337e+05
 5.471e+04 -5.471e+04
 -4429 4429
 7969 -7969
 -4.166e+04 4.166e+04
 -1.964e+04 1.964e+04
 3.44e+04 -3.44e+04
 -4.257e+04 4.257e+04
 3.898e+04 -3.898e+04
 3.156e+04 -3.156e+04
 -5047 5047
 -5.016e+04 5.016e+04
 8.376e+04 -8.376e+04
 -3.293e+04 3.293e+04
 6020 -6020
 -4079 4079
 -6.171e+04 6.171e+04
 -1.139e+05 1.139e+05
 8.403e+04 -8.403e+04
 -1.011e+04 1.011e+04
 -3.168e+04 3.168e+04
 8.807e+04 -8.807e+04
 -5.165e+04 5.165e+04
 2.147e+04 -2.147e+04
 -8.785e+04 8.785e+04
 4.009e+04 -4.009e+04
 8891 -8891
 -2.232e+04 2.232e+04
 -6823 6823
 -4.312e+04 4.312e+04
 -4.977e+04 4.977e+04
 -1.355e+04 1.355e+04
 -5.649e+04 5.649e+04
 -1034 1034
 1.522e+05 -1.522e+05
 2.951e+04 -2.951e+04
 -3.643e+04 3.643e+04
 -8.441e+04 8.441e+04
 1.006e+05 -1.006e+05
 -2.845e+04 2.845e+04
 3.579e+04 -3.579e+04
 -9025 9025
 -3.617e+04 3.617e+04
 -2.051e+04 2.051e+04
 7.812e+04 -7.812e+04
 -1.966e+05 1.966e+05
 1.777e+04 -1.777e+04
 -4.891e+04 4.891e+04
 6.007e+04 -6.007e+04
 -4.249e+04 4.249e+04
 1.26e+05 -1.26e+05
 -1.834e+04 1.834e+04
 -5.024e+04 5.024e+04
 1.045e+04 -1.045e+04
 4.951e+04 -4.951e+04
 -3.744e+04 3.744e+04
 -2067 2067
 5.89e+04 -5.89e+04
 5.967e+04 -5.967e+04
 6.419e+04 -6.419e+04
 5.843e+04 -5.843e+04
 1.471e+04 -1.471e+04
 -1.177e+04 1.177e+04
 2.448e+04 -2.448e+04
 -7.489e+04 7.489e+04
 3.034e+04 -3.034e+04
 1.001e+05 -1.001e+05
 2.242e+04 -2.242e+04
 -7.144e+04 7.144e+04
 2.75e+04 -2.75e+04
 -1.814e+04 1.814e+04
 -2.187e+04 2.187e+04
 -6.774e+04 6.774e+04
 8.318e+04 -8.318e+04
 3.877e+04 -3.877e+04
 -7.52e+04 7.52e+04
 -1.939e+04 1.939e+04
 -3.476e+04 3.476e+04
 -3763 3763
 -4.974e+04 4.974e+04
 -6.405e+04 6.405e+04
 4.5e+04 -4.5e+04
 1.821e+04 -1.821e+04
 -2.455e+04 2.455e+04
 -7.219e+04 7.219e+04
 7.578e+04 -7.578e+04
 3.156e+04 -3.156e+04
 3.267e+04 -3.267e+04
 1.772e+04 -1.772e+04
 -2.915e+04 2.915e+04
 4.227e+04 -4.227e+04
 1.876e+04 -1.876e+04
 1.103e+05 -1.103e+05
 7.407e+04 -7.407e+04
 -5927 5927
 1.417e+05 -1.417e+05
 -3.017e+04 3.017e+04
 1.183e+04 -1.183e+04
 -4.869e+04 4.869e+04
 2.904e+04 -2.904e+04
 2.594e+04 -2.594e+04
 6096 -6096
 6279 -6279
 1380 -1380
 1.017e+05 -1.017e+05
 7179 -7179
 -5.214e+04 5.214e+04
 -3.496e+04 3.496e+04
 -7657 7657
 -5718 5718
 3.357e+04 -3.357e+04
 3.161e+04 -3.161e+04
 -8262 8262
 -7.152e+04 7.152e+04
 -2.544e+04 2.544e+04
 -5.87e+04 5.87e+04
 2.561e+04 -2.561e+04
 3.318e+04 -3.318e+04
 4798 -4798
 1.029e+05 -1.029e+05
 2.196e+04 -2.196e+04
 2.894e+04 -2.894e+04
 -2.158e+04 2.158e+04
 5.026e+04 -5.026e+04
 -9.448e+04 9.448e+04
 -6172 6172
 -1.544e+05 1.544e+05
 1.098e+05 -1.098e+05
 1.985e+04 -1.985e+04
 168.9 -168.9
 1.671e+04 -1.671e+04
 -1.345e+05 1.345e+05
 -1.696e+04 1.696e+04
 6.081e+04 -6.081e+04
 4164 -4164
 -5.784e+04 5.784e+04
 -1328 1328
 4.713e+04 -4.713e+04
 -1.003e+05 1.003e+05
 4.036e+04 -4.036e+04
 7955 -7955
 5.081e+04 -5.081e+04
 -1.803e+04 1.803e+04
 1.1e+04 -1.1e+04
 1.683e+04 -1.683e+04
 -1490 1490
 1.066e+05 -1.066e+05
 -7.419e+04 7.419e+04
 -1.011e+05 1.011e+05
 6.179e+04 -6.179e+04
 -6.914e+04 6.914e+04
 2824 -2824
 3.947e+04 -3.947e+04
 -1.818e+04 1.818e+04
 -2.623e+04 2.623e+04
 5.306e+04 -5.306e+04
 2.351e+05 -2.351e+05
 4.047e+04 -4.047e+04
 -4126 4126
 -5.067e+04 5.067e+04
 2.568e+04 -2.568e+04
 9.044e+04 -9.044e+04
 3.576e+04 -3.576e+04
 1590 -1590
 1.644e+04 -1.644e+04
 -6.306e+04 6.306e+04
 1.693e+04 -1.693e+04
 2.097e+04 -2.097e+04
 -6.128e+04 6.128e+04
 -4.691e+04 4.691e+04
 1.142e+04 -1.142e+04
 -6672 6672
 1.224e+05 -1.224e+05
 6.734e+04 -6.734e+04
 1.01e+05 -1.01e+05
 -4138 4138
 -5.616e+04 5.616e+04
 -4.044e+04 4.044e+04
 5.057e+04 -5.057e+04
 3445 -3445
 -3.053e+04 3.053e+04
 8.997e+04 -8.997e+04
 2.455e+04 -2.455e+04
 8.306e+04 -8.306e+04
 6.707e+04 -6.707e+04
 -2.691e+04 2.691e+04
 -1.17e+04 1.17e+04
 -1.176e+05 1.176e+05
 -3.405e+04 3.405e+04
 -2.843e+04 2.843e+04
 5.106e+04 -5.106e+04
 -4.695e+04 4.695e+04
 -2.762e+04 2.762e+04
 -6690 6690
 1.067e+05 -1.067e+05
 -8.437e+04 8.437e+04
 -5.952e+04 5.952e+04
 -6.229e+04 6.229e+04
 5.363e+04 -5.363e+04
 -1.88e+04 1.88e+04
 2.297e+04 -2.297e+04
 4.367e+04 -4.367e+04
 -9.649e+04 9.649e+04
 2.975e+04 -2.975e+04
 -1.351e+05 1.351e+05
 4.49e+04 -4.49e+04
 3.431e+04 -3.431e+04
 -3.671e+04 3.671e+04
 -1.279e+05 1.279e+05
 -1.279e+05 1.279e+05
 1.083e+04 -1.083e+04
 -9300 9300
 9.721e+04 -9.721e+04
 -4898 4898
 -1.539e+05 1.539e+05
 -3.355e+04 3.355e+04
 -5.054e+04 5.054e+04
 -4073 4073
 -3.877e+04 3.877e+04
 2939 -2939
 4.962e+04 -4.962e+04
 1.959e+04 -1.959e+04
 9.252e+04 -9.252e+04
 6.599e+04 -6.599e+04
 -3.205e+04 3.205e+04
 -2.034e+04 2.034e+04
 -9087 9087
 4832 -4832
