# Created by Octave 5.2.0, Fri Sep 25 00:11:41 2020 CEST <jiwidi@land>
# name: w
# type: matrix
# rows: 2001
# columns: 2
 -3600 3600
 29.26 -29.26
 -119.6 119.6
 -57.26 57.26
 -36.86 36.86
 -46.89 46.89
 92.95 -92.95
 75.38 -75.38
 14.57 -14.57
 -48.34 48.34
 148.2 -148.2
 -48.38 48.38
 28.26 -28.26
 42.62 -42.62
 -139.4 139.4
 -211.5 211.5
 -25.44 25.44
 84.98 -84.98
 -96.33 96.33
 117.2 -117.2
 -95.34 95.34
 -98.94 98.94
 -174.7 174.7
 -154.1 154.1
 191.9 -191.9
 -55.93 55.93
 -40.24 40.24
 -394.2 394.2
 -32.59 32.59
 -1.051 1.051
 18.4 -18.4
 -39.35 39.35
 155.3 -155.3
 -74.78 74.78
 114.9 -114.9
 167.2 -167.2
 -91.46 91.46
 -13.14 13.14
 -104.3 104.3
 -2.388 2.388
 -110.4 110.4
 51.38 -51.38
 -59.36 59.36
 -48.28 48.28
 28.37 -28.37
 144.7 -144.7
 -96.06 96.06
 112.7 -112.7
 -209.5 209.5
 -68.07 68.07
 16.79 -16.79
 39.03 -39.03
 -12.42 12.42
 -49.73 49.73
 500.9 -500.9
 81.26 -81.26
 28.1 -28.1
 53.32 -53.32
 -20.45 20.45
 17.68 -17.68
 28.27 -28.27
 -27.65 27.65
 -32.82 32.82
 13.91 -13.91
 -44.78 44.78
 -49.77 49.77
 56.82 -56.82
 -199.9 199.9
 33.42 -33.42
 24.78 -24.78
 -185.5 185.5
 -80.54 80.54
 -45.4 45.4
 61.3 -61.3
 141.1 -141.1
 -62.69 62.69
 -3.992 3.992
 -58.92 58.92
 -2.006 2.006
 36.7 -36.7
 107.4 -107.4
 -2.443 2.443
 70.9 -70.9
 -66.79 66.79
 81.15 -81.15
 8.587 -8.587
 -55.76 55.76
 -49.61 49.61
 37.52 -37.52
 2.33 -2.33
 5.269 -5.269
 39.91 -39.91
 81.31 -81.31
 -48.12 48.12
 -58.75 58.75
 -110.8 110.8
 41.52 -41.52
 339.4 -339.4
 -150.1 150.1
 5.987 -5.987
 66.07 -66.07
 101.9 -101.9
 68.24 -68.24
 -251.1 251.1
 138.1 -138.1
 -53.16 53.16
 105.3 -105.3
 13.58 -13.58
 -12.08 12.08
 -87.13 87.13
 57.93 -57.93
 33.58 -33.58
 -42.62 42.62
 -34.59 34.59
 -227.2 227.2
 -23.73 23.73
 54.64 -54.64
 19.12 -19.12
 -61.75 61.75
 -101.4 101.4
 60.92 -60.92
 39.53 -39.53
 -34.04 34.04
 -59.54 59.54
 -28.23 28.23
 -120.8 120.8
 56.42 -56.42
 80.09 -80.09
 -33.09 33.09
 -74.16 74.16
 -84.97 84.97
 -35.47 35.47
 12.91 -12.91
 -55.27 55.27
 65.08 -65.08
 -98.56 98.56
 43.12 -43.12
 4.769 -4.769
 -81.48 81.48
 4.877 -4.877
 -89.8 89.8
 -85.81 85.81
 10.86 -10.86
 -16.3 16.3
 -23.34 23.34
 -41.19 41.19
 76.22 -76.22
 -335.4 335.4
 -67.74 67.74
 15.18 -15.18
 -96.83 96.83
 -160 160
 15.69 -15.69
 777.4 -777.4
 26.65 -26.65
 -8.979 8.979
 -411.8 411.8
 -77.15 77.15
 19.73 -19.73
 -221.7 221.7
 -62.74 62.74
 49.28 -49.28
 -27.94 27.94
 -103.6 103.6
 140.5 -140.5
 544 -544
 76.32 -76.32
 128.5 -128.5
 48.16 -48.16
 -52.71 52.71
 -94.78 94.78
 55.54 -55.54
 54.99 -54.99
 -89.07 89.07
 62.35 -62.35
 35.02 -35.02
 -2.826 2.826
 257.3 -257.3
 2.492 -2.492
 -30.93 30.93
 -40.62 40.62
 452.1 -452.1
 -331.9 331.9
 37.03 -37.03
 -39.58 39.58
 -6.652 6.652
 93.95 -93.95
 0.8316 -0.8316
 -13.8 13.8
 -147.4 147.4
 162.6 -162.6
 88.68 -88.68
 28.05 -28.05
 -21.46 21.46
 -65.29 65.29
 -26.72 26.72
 5.536 -5.536
 -25.66 25.66
 107.9 -107.9
 30.16 -30.16
 123.8 -123.8
 -132.8 132.8
 -48.29 48.29
 195.2 -195.2
 192.1 -192.1
 8.762 -8.762
 -312 312
 -173 173
 -11.26 11.26
 29.54 -29.54
 -390.4 390.4
 115.7 -115.7
 -179.1 179.1
 -7.867 7.867
 -58.48 58.48
 -42.52 42.52
 -161.7 161.7
 -66.13 66.13
 -16.63 16.63
 -127.7 127.7
 -101 101
 46.73 -46.73
 -183.3 183.3
 35.64 -35.64
 -99.83 99.83
 109.2 -109.2
 26.49 -26.49
 -110 110
 159 -159
 -31.71 31.71
 48.84 -48.84
 102.4 -102.4
 120.8 -120.8
 -108.9 108.9
 104.2 -104.2
 -128.8 128.8
 -97.28 97.28
 -74.07 74.07
 43.74 -43.74
 131.4 -131.4
 -82.49 82.49
 -1.445 1.445
 -92.68 92.68
 71.73 -71.73
 -38.86 38.86
 -19.24 19.24
 12.92 -12.92
 -220.3 220.3
 -230.2 230.2
 -71.52 71.52
 45.4 -45.4
 -90.52 90.52
 -7.976 7.976
 111.3 -111.3
 -21.95 21.95
 -28.98 28.98
 -9.204 9.204
 208.1 -208.1
 228.2 -228.2
 -48.17 48.17
 204.1 -204.1
 -191.5 191.5
 -78.11 78.11
 -56.76 56.76
 108.5 -108.5
 -70.34 70.34
 -114.7 114.7
 -74.06 74.06
 -67.57 67.57
 35.58 -35.58
 89.24 -89.24
 122.7 -122.7
 34.76 -34.76
 -22.67 22.67
 19.4 -19.4
 -108.4 108.4
 29.98 -29.98
 24.22 -24.22
 -77.55 77.55
 -142.5 142.5
 3.996 -3.996
 169.9 -169.9
 -160.2 160.2
 209 -209
 337.7 -337.7
 17.9 -17.9
 -121.5 121.5
 -13.63 13.63
 -88.69 88.69
 -106.6 106.6
 -39.47 39.47
 -284.7 284.7
 44.84 -44.84
 -4.934 4.934
 -0.8886 0.8886
 68.07 -68.07
 -228.8 228.8
 -40.91 40.91
 -81.04 81.04
 46.45 -46.45
 15.29 -15.29
 -31.59 31.59
 -92.41 92.41
 -119.1 119.1
 292.2 -292.2
 43.67 -43.67
 -42.69 42.69
 11.91 -11.91
 5.045 -5.045
 253.3 -253.3
 37.09 -37.09
 230.8 -230.8
 -132 132
 62.31 -62.31
 -191.6 191.6
 -50.56 50.56
 467.4 -467.4
 246.5 -246.5
 -76.89 76.89
 144.4 -144.4
 53.48 -53.48
 329.5 -329.5
 131.5 -131.5
 85.8 -85.8
 16.23 -16.23
 8.029 -8.029
 65.79 -65.79
 -9.926 9.926
 50.83 -50.83
 -24.33 24.33
 -87.86 87.86
 97.84 -97.84
 -89.8 89.8
 -142.7 142.7
 103.3 -103.3
 -116.7 116.7
 -6.541 6.541
 -30.71 30.71
 -16.03 16.03
 57.65 -57.65
 1.822 -1.822
 -231 231
 -83.15 83.15
 61.14 -61.14
 -49.06 49.06
 8.866 -8.866
 -47.07 47.07
 96.11 -96.11
 234.2 -234.2
 100.7 -100.7
 -28.6 28.6
 -125 125
 -50.66 50.66
 -40.24 40.24
 59.43 -59.43
 32.43 -32.43
 -344 344
 178.6 -178.6
 -0.5534 0.5534
 241.2 -241.2
 -32.6 32.6
 -129.9 129.9
 -114.9 114.9
 101.7 -101.7
 -64.58 64.58
 -21.62 21.62
 255.2 -255.2
 -120.1 120.1
 77.66 -77.66
 -129.2 129.2
 -53.77 53.77
 78.27 -78.27
 102.5 -102.5
 5.267 -5.267
 -19.96 19.96
 -8.312 8.312
 84.09 -84.09
 189.1 -189.1
 -90.91 90.91
 -110.6 110.6
 -16.08 16.08
 -176.5 176.5
 -68.07 68.07
 -94.96 94.96
 417.4 -417.4
 108.8 -108.8
 15.85 -15.85
 54.76 -54.76
 -21.63 21.63
 -43.07 43.07
 -55.55 55.55
 -32.43 32.43
 -97.32 97.32
 -201.3 201.3
 44.56 -44.56
 -119.8 119.8
 -5.162 5.162
 -77.27 77.27
 -79.82 79.82
 293.2 -293.2
 -156.2 156.2
 -60.03 60.03
 -49.67 49.67
 -87.36 87.36
 87.3 -87.3
 -88.13 88.13
 -101.2 101.2
 102 -102
 -120.4 120.4
 151.4 -151.4
 -45.94 45.94
 70.56 -70.56
 -44.06 44.06
 -241.1 241.1
 -127.6 127.6
 3.991 -3.991
 353.1 -353.1
 -89.52 89.52
 308.5 -308.5
 184.6 -184.6
 67.51 -67.51
 33.76 -33.76
 135.7 -135.7
 -270.3 270.3
 -54.1 54.1
 -64.07 64.07
 -7.541 7.541
 -45.73 45.73
 -91.73 91.73
 -146.8 146.8
 180.7 -180.7
 -71.39 71.39
 253.5 -253.5
 12.31 -12.31
 4.323 -4.323
 -28.49 28.49
 69.34 -69.34
 49.56 -49.56
 -123 123
 -14.97 14.97
 -89.69 89.69
 48.67 -48.67
 -214.4 214.4
 163.9 -163.9
 -73.84 73.84
 84.91 -84.91
 -46.01 46.01
 -193.1 193.1
 207.7 -207.7
 -12.53 12.53
 -108.6 108.6
 -49.61 49.61
 166.4 -166.4
 383.3 -383.3
 36.19 -36.19
 77.76 -77.76
 -96.34 96.34
 25.72 -25.72
 -120.3 120.3
 -2.336 2.336
 -119.5 119.5
 -130.8 130.8
 334.9 -334.9
 8.943 -8.943
 93.18 -93.18
 106.5 -106.5
 93.3 -93.3
 48.78 -48.78
 3.659 -3.659
 31.98 -31.98
 -21.12 21.12
 -38.8 38.8
 -82.99 82.99
 0.0518 -0.0518
 -7.653 7.653
 31.09 -31.09
 95.18 -95.18
 42.01 -42.01
 -73.11 73.11
 118.4 -118.4
 -6.982 6.982
 62.01 -62.01
 -31.59 31.59
 -0.1212 0.1212
 182 -182
 -0.554 0.554
 -90.9 90.9
 -186 186
 -55.71 55.71
 -68.57 68.57
 67.51 -67.51
 -9.481 9.481
 -8.924 8.924
 -35.75 35.75
 51.5 -51.5
 -39.97 39.97
 -99.95 99.95
 -11.65 11.65
 17.96 -17.96
 -224.4 224.4
 100.8 -100.8
 -63.35 63.35
 -85.31 85.31
 -42.63 42.63
 -14.47 14.47
 -75.61 75.61
 -29.66 29.66
 -233.6 233.6
 85.69 -85.69
 -28.26 28.26
 -14.63 14.63
 25.33 -25.33
 -246.6 246.6
 -17.18 17.18
 76.99 -76.99
 -196 196
 -50.62 50.62
 52.27 -52.27
 -47.12 47.12
 -57.15 57.15
 -31.76 31.76
 121.6 -121.6
 -215 215
 31.76 -31.76
 -3.386 3.386
 -8.319 8.319
 -46.29 46.29
 -134.9 134.9
 0.4432 -0.4432
 -68.56 68.56
 -83.54 83.54
 -82.98 82.98
 -70.84 70.84
 -73.89 73.89
 -88.97 88.97
 -246.8 246.8
 94.63 -94.63
 50.66 -50.66
 -19.79 19.79
 -3.934 3.934
 -88.35 88.35
 -98.34 98.34
 -100.6 100.6
 143 -143
 124.8 -124.8
 -18.96 18.96
 48.17 -48.17
 -232.6 232.6
 -42.91 42.91
 -2.05 2.05
 76.56 -76.56
 -174.4 174.4
 219.2 -219.2
 36.92 -36.92
 2.666 -2.666
 -16.74 16.74
 18.35 -18.35
 -83.37 83.37
 150.6 -150.6
 -10.65 10.65
 199.9 -199.9
 8.143 -8.143
 65.18 -65.18
 -5.219 5.219
 -49.83 49.83
 -281.6 281.6
 -43.85 43.85
 89.51 -89.51
 97.66 -97.66
 -2.332 2.332
