# Created by Octave 5.2.0, Fri Sep 25 00:36:43 2020 CEST <jiwidi@land>
# name: w
# type: matrix
# rows: 2001
# columns: 2
 0 0
 8.092e+04 -8.092e+04
 8823 -8823
 1.259e+05 -1.259e+05
 3687 -3687
 1.619e+04 -1.619e+04
 8.35e+04 -8.35e+04
 -1.844e+04 1.844e+04
 3.386e+04 -3.386e+04
 -9790 9790
 -3.042e+04 3.042e+04
 1.057e+04 -1.057e+04
 3877 -3877
 1.961e+04 -1.961e+04
 -2.195e+04 2.195e+04
 -6.853e+04 6.853e+04
 3.289e+04 -3.289e+04
 -6.282e+04 6.282e+04
 6.649e+04 -6.649e+04
 -2978 2978
 -1.489e+04 1.489e+04
 -7.479e+04 7.479e+04
 5.027e+04 -5.027e+04
 -3110 3110
 593.7 -593.7
 -5.198e+04 5.198e+04
 256.7 -256.7
 -1.858e+04 1.858e+04
 -2.695e+04 2.695e+04
 3.696e+04 -3.696e+04
 -6.389e+04 6.389e+04
 5069 -5069
 2.17e+04 -2.17e+04
 -5845 5845
 4.349e+04 -4.349e+04
 -1.277e+05 1.277e+05
 -1.196e+05 1.196e+05
 -3.918e+04 3.918e+04
 -6.086e+04 6.086e+04
 -2.354e+04 2.354e+04
 397.6 -397.6
 3.763e+04 -3.763e+04
 -2.544e+04 2.544e+04
 -6.193e+04 6.193e+04
 -3.806e+04 3.806e+04
 3.168e+04 -3.168e+04
 -5.65e+04 5.65e+04
 9.82e+04 -9.82e+04
 -2413 2413
 4.226e+04 -4.226e+04
 2.004e+04 -2.004e+04
 -2.597e+04 2.597e+04
 1281 -1281
 -8.181e+04 8.181e+04
 7.114e+04 -7.114e+04
 7.28e+04 -7.28e+04
 -1.502e+04 1.502e+04
 2.754e+04 -2.754e+04
 -8293 8293
 -8.881e+04 8.881e+04
 3569 -3569
 -1.948e+04 1.948e+04
 -1676 1676
 5.236e+04 -5.236e+04
 -4e+04 4e+04
 -1.63e+04 1.63e+04
 7.364e+04 -7.364e+04
 3911 -3911
 4.219e+04 -4.219e+04
 3594 -3594
 2.858e+04 -2.858e+04
 -1.093e+05 1.093e+05
 -1.268e+04 1.268e+04
 2.503e+04 -2.503e+04
 1.003e+05 -1.003e+05
 -4.856e+04 4.856e+04
 -2.236e+05 2.236e+05
 -6.118e+04 6.118e+04
 4.756e+04 -4.756e+04
 -8.396e+04 8.396e+04
 1.371e+04 -1.371e+04
 9516 -9516
 -6.327e+04 6.327e+04
 -2.513e+04 2.513e+04
 -270.5 270.5
 9999 -9999
 -1.042e+05 1.042e+05
 -1.341e+04 1.341e+04
 -3.77e+04 3.77e+04
 -4.096e+04 4.096e+04
 9278 -9278
 8.112e+04 -8.112e+04
 419.8 -419.8
 -5508 5508
 1.291e+05 -1.291e+05
 -7884 7884
 -1.413e+04 1.413e+04
 4.818e+04 -4.818e+04
 3170 -3170
 -9842 9842
 1304 -1304
 9080 -9080
 -4.411e+04 4.411e+04
 -2.455e+04 2.455e+04
 7358 -7358
 4.681e+04 -4.681e+04
 -4.114e+04 4.114e+04
 1.048e+04 -1.048e+04
 1.18e+04 -1.18e+04
 3.374e+04 -3.374e+04
 4.764e+04 -4.764e+04
 -8868 8868
 -1838 1838
 1.665e+04 -1.665e+04
 2.139e+04 -2.139e+04
 -3.628e+04 3.628e+04
 3.085e+04 -3.085e+04
 -2.035e+04 2.035e+04
 -5.737e+04 5.737e+04
 -3.512e+04 3.512e+04
 1.444e+04 -1.444e+04
 7.594e+04 -7.594e+04
 -1.675e+05 1.675e+05
 1.038e+04 -1.038e+04
 6.02e+04 -6.02e+04
 -1.303e+05 1.303e+05
 -2.725e+04 2.725e+04
 -1.948e+04 1.948e+04
 2.686e+04 -2.686e+04
 -6957 6957
 6.457e+04 -6.457e+04
 -4.058e+04 4.058e+04
 -6826 6826
 -3.074e+04 3.074e+04
 2.52e+04 -2.52e+04
 2890 -2890
 3.967e+04 -3.967e+04
 -1.527e+05 1.527e+05
 -1.385e+04 1.385e+04
 -1.27e+04 1.27e+04
 -531.2 531.2
 -1.068e+04 1.068e+04
 3.601e+04 -3.601e+04
 -9328 9328
 4.321e+04 -4.321e+04
 -1.439e+04 1.439e+04
 7.311e+04 -7.311e+04
 -1.027e+04 1.027e+04
 -5.606e+04 5.606e+04
 3.603e+04 -3.603e+04
 1.743e+04 -1.743e+04
 -7.992e+04 7.992e+04
 5.656e+04 -5.656e+04
 1.159e+05 -1.159e+05
 -5523 5523
 -2.886e+04 2.886e+04
 -2.235e+04 2.235e+04
 2.587e+04 -2.587e+04
 -6.262e+04 6.262e+04
 1.019e+04 -1.019e+04
 5727 -5727
 3.819e+04 -3.819e+04
 -5.559e+04 5.559e+04
 -7.049e+04 7.049e+04
 2.565e+04 -2.565e+04
 9.854e+04 -9.854e+04
 1.707e+04 -1.707e+04
 -1.426e+04 1.426e+04
 8568 -8568
 -3.48e+04 3.48e+04
 -1.671e+04 1.671e+04
 2.041e+04 -2.041e+04
 -4.471e+04 4.471e+04
 3.883e+04 -3.883e+04
 2.914e+04 -2.914e+04
 -5257 5257
 -3.88e+04 3.88e+04
 7.606e+04 -7.606e+04
 -6082 6082
 5144 -5144
 -7682 7682
 -6.272e+04 6.272e+04
 -9.989e+04 9.989e+04
 8.533e+04 -8.533e+04
 -5894 5894
 -2.757e+04 2.757e+04
 6.417e+04 -6.417e+04
 -3.052e+04 3.052e+04
 1.28e+04 -1.28e+04
 -7.302e+04 7.302e+04
 3.211e+04 -3.211e+04
 1.298e+04 -1.298e+04
 -8519 8519
 -1.782e+04 1.782e+04
 -4.119e+04 4.119e+04
 -4.955e+04 4.955e+04
 -1.901e+04 1.901e+04
 -5.559e+04 5.559e+04
 4187 -4187
 1.33e+05 -1.33e+05
 3.739e+04 -3.739e+04
 -4.064e+04 4.064e+04
 -8.58e+04 8.58e+04
 9.012e+04 -9.012e+04
 -3.459e+04 3.459e+04
 2.687e+04 -2.687e+04
 -3.057e+04 3.057e+04
 -3.183e+04 3.183e+04
 -2.045e+04 2.045e+04
 5.209e+04 -5.209e+04
 -1.908e+05 1.908e+05
 1.08e+04 -1.08e+04
 -5.753e+04 5.753e+04
 4.356e+04 -4.356e+04
 -4.349e+04 4.349e+04
 9.128e+04 -9.128e+04
 -1.768e+04 1.768e+04
 -3.534e+04 3.534e+04
 39.31 -39.31
 5.751e+04 -5.751e+04
 -2.696e+04 2.696e+04
 -1.59e+04 1.59e+04
 7.708e+04 -7.708e+04
 4.609e+04 -4.609e+04
 6.411e+04 -6.411e+04
 3.697e+04 -3.697e+04
 3.094e+04 -3.094e+04
 -4291 4291
 3.032e+04 -3.032e+04
 -7.548e+04 7.548e+04
 2.233e+04 -2.233e+04
 1.064e+05 -1.064e+05
 1.053e+04 -1.053e+04
 -7.908e+04 7.908e+04
 2.763e+04 -2.763e+04
 -2.399e+04 2.399e+04
 -3.231e+04 3.231e+04
 -6.313e+04 6.313e+04
 7.336e+04 -7.336e+04
 3.529e+04 -3.529e+04
 -8.693e+04 8.693e+04
 -2.66e+04 2.66e+04
 -3.623e+04 3.623e+04
 6283 -6283
 -4.329e+04 4.329e+04
 -5.884e+04 5.884e+04
 3.18e+04 -3.18e+04
 3.37e+04 -3.37e+04
 -1.613e+04 1.613e+04
 -7.32e+04 7.32e+04
 8.437e+04 -8.437e+04
 2.226e+04 -2.226e+04
 2.45e+04 -2.45e+04
 2.93e+04 -2.93e+04
 -1.752e+04 1.752e+04
 2.562e+04 -2.562e+04
 1.771e+04 -1.771e+04
 1.263e+05 -1.263e+05
 8.177e+04 -8.177e+04
 -9155 9155
 1.02e+05 -1.02e+05
 -2.007e+04 2.007e+04
 -915.3 915.3
 -3.542e+04 3.542e+04
 2.645e+04 -2.645e+04
 2.335e+04 -2.335e+04
 1.13e+04 -1.13e+04
 5286 -5286
 3354 -3354
 8.074e+04 -8.074e+04
 5682 -5682
 -5.912e+04 5.912e+04
 -5.587e+04 5.587e+04
 1611 -1611
 -7449 7449
 3.344e+04 -3.344e+04
 1.767e+04 -1.767e+04
 -238.8 238.8
 -6.008e+04 6.008e+04
 582.4 -582.4
 -5.561e+04 5.561e+04
 1.356e+04 -1.356e+04
 2.273e+04 -2.273e+04
 1352 -1352
 8.071e+04 -8.071e+04
 2.564e+04 -2.564e+04
 1.872e+04 -1.872e+04
 -2.417e+04 2.417e+04
 2.864e+04 -2.864e+04
 -9.305e+04 9.305e+04
 2514 -2514
 -1.432e+05 1.432e+05
 9.696e+04 -9.696e+04
 1.373e+04 -1.373e+04
 1.096e+04 -1.096e+04
 8381 -8381
 -1.265e+05 1.265e+05
 -1.552e+04 1.552e+04
 4.838e+04 -4.838e+04
 1.783e+04 -1.783e+04
 -4.352e+04 4.352e+04
 356.7 -356.7
 4.915e+04 -4.915e+04
 -7.747e+04 7.747e+04
 4.68e+04 -4.68e+04
 5712 -5712
 5.243e+04 -5.243e+04
 -8716 8716
 4597 -4597
 1.955e+04 -1.955e+04
 2440 -2440
 1.264e+05 -1.264e+05
 -6.934e+04 6.934e+04
 -9.243e+04 9.243e+04
 4.327e+04 -4.327e+04
 -5.23e+04 5.23e+04
 -1732 1732
 5.286e+04 -5.286e+04
 -1.122e+04 1.122e+04
 -9554 9554
 5.134e+04 -5.134e+04
 2.155e+05 -2.155e+05
 3.496e+04 -3.496e+04
 -5445 5445
 -4.081e+04 4.081e+04
 3.372e+04 -3.372e+04
 8.202e+04 -8.202e+04
 4.402e+04 -4.402e+04
 3.057e+04 -3.057e+04
 3.289e+04 -3.289e+04
 -7.465e+04 7.465e+04
 1.028e+04 -1.028e+04
 2.109e+04 -2.109e+04
 -5.7e+04 5.7e+04
 -3.077e+04 3.077e+04
 1.102e+04 -1.102e+04
 -2654 2654
 9.678e+04 -9.678e+04
 6.438e+04 -6.438e+04
 9.067e+04 -9.067e+04
 7305 -7305
 -3.588e+04 3.588e+04
 -1.355e+04 1.355e+04
 5.727e+04 -5.727e+04
 -2.64e+04 2.64e+04
 -3.089e+04 3.089e+04
 8.471e+04 -8.471e+04
 1.743e+04 -1.743e+04
 7.326e+04 -7.326e+04
 2.586e+04 -2.586e+04
 -2.479e+04 2.479e+04
 2592 -2592
 -1.065e+05 1.065e+05
 -2.443e+04 2.443e+04
 -3.032e+04 3.032e+04
 3.643e+04 -3.643e+04
 -3.711e+04 3.711e+04
 -2.267e+04 2.267e+04
 -4187 4187
 1.006e+05 -1.006e+05
 -7.867e+04 7.867e+04
 -3.567e+04 3.567e+04
 -4.735e+04 4.735e+04
 4.534e+04 -4.534e+04
 -1.721e+04 1.721e+04
 1.812e+04 -1.812e+04
 3.378e+04 -3.378e+04
 -9.115e+04 9.115e+04
 1.108e+04 -1.108e+04
 -1.115e+05 1.115e+05
 3.804e+04 -3.804e+04
 3.284e+04 -3.284e+04
 -2.546e+04 2.546e+04
 -1.137e+05 1.137e+05
 -1.013e+05 1.013e+05
 9020 -9020
 -1.231e+04 1.231e+04
 9.209e+04 -9.209e+04
 1.55e+04 -1.55e+04
 -1.305e+05 1.305e+05
 -4.194e+04 4.194e+04
 -4.211e+04 4.211e+04
 -6234 6234
 -3.479e+04 3.479e+04
 3901 -3901
 6.118e+04 -6.118e+04
 2.666e+04 -2.666e+04
 9.015e+04 -9.015e+04
 5.938e+04 -5.938e+04
 -4.699e+04 4.699e+04
 -4274 4274
 -4490 4490
 1.266e+04 -1.266e+04
 -1.106e+05 1.106e+05
 1598 -1598
 2.049e+04 -2.049e+04
 -2.445e+04 2.445e+04
