# Created by Octave 5.2.0, Fri Sep 25 00:41:50 2020 CEST <jiwidi@land>
# name: w
# type: matrix
# rows: 2001
# columns: 2
 0 0
 1.177e+05 -1.177e+05
 -7.8e+04 7.8e+04
 1.495e+05 -1.495e+05
 -1.295e+04 1.295e+04
 4.47e+04 -4.47e+04
 1.463e+05 -1.463e+05
 -4.178e+04 4.178e+04
 3.618e+04 -3.618e+04
 -5.175e+04 5.175e+04
 3.808e+04 -3.808e+04
 1.304e+04 -1.304e+04
 7089 -7089
 3.916e+04 -3.916e+04
 -3.829e+04 3.829e+04
 -1.241e+05 1.241e+05
 7.801e+04 -7.801e+04
 -7.032e+04 7.032e+04
 1.304e+05 -1.304e+05
 572.4 -572.4
 -2.404e+04 2.404e+04
 -9.108e+04 9.108e+04
 2.402e+04 -2.402e+04
 -2.399e+04 2.399e+04
 4.511e+04 -4.511e+04
 -1.412e+05 1.412e+05
 3384 -3384
 4.135e+04 -4.135e+04
 -3.839e+04 3.839e+04
 4102 -4102
 -3.554e+04 3.554e+04
 5.838e+04 -5.838e+04
 2.768e+04 -2.768e+04
 1.891e+04 -1.891e+04
 5.714e+04 -5.714e+04
 -2.494e+05 2.494e+05
 -1.683e+05 1.683e+05
 -2.934e+04 2.934e+04
 -8.044e+04 8.044e+04
 -3.665e+04 3.665e+04
 -6.969e+04 6.969e+04
 1.144e+05 -1.144e+05
 -1.661e+04 1.661e+04
 -8.866e+04 8.866e+04
 2.213e+04 -2.213e+04
 7.122e+04 -7.122e+04
 -4.802e+04 4.802e+04
 1.964e+05 -1.964e+05
 -2.754e+04 2.754e+04
 8.433e+04 -8.433e+04
 6.777e+04 -6.777e+04
 1.433e+04 -1.433e+04
 1.541e+04 -1.541e+04
 -9.299e+04 9.299e+04
 2.261e+05 -2.261e+05
 1.537e+05 -1.537e+05
 1.704e+04 -1.704e+04
 2.263e+04 -2.263e+04
 -1834 1834
 -1.359e+05 1.359e+05
 4.867e+04 -4.867e+04
 -7.119e+04 7.119e+04
 -4113 4113
 5.975e+04 -5.975e+04
 -7.383e+04 7.383e+04
 9073 -9073
 1.157e+05 -1.157e+05
 7115 -7115
 1.009e+05 -1.009e+05
 5.357e+04 -5.357e+04
 -1.175e+05 1.175e+05
 -1.272e+05 1.272e+05
 -2.24e+04 2.24e+04
 1.271e+05 -1.271e+05
 1.857e+05 -1.857e+05
 -7.035e+04 7.035e+04
 -3.618e+05 3.618e+05
 -8.384e+04 8.384e+04
 7.533e+04 -7.533e+04
 -4.59e+04 4.59e+04
 1.842e+04 -1.842e+04
 2.846e+04 -2.846e+04
 -7.185e+04 7.185e+04
 3.202e+04 -3.202e+04
 7.84e+04 -7.84e+04
 1.59e+04 -1.59e+04
 -9.254e+04 9.254e+04
 -5.269e+04 5.269e+04
 -3.24e+04 3.24e+04
 -8.594e+04 8.594e+04
 1.988e+04 -1.988e+04
 9.256e+04 -9.256e+04
 4.49e+04 -4.49e+04
 -9328 9328
 1.031e+05 -1.031e+05
 -1.177e+04 1.177e+04
 -2.39e+04 2.39e+04
 1.259e+04 -1.259e+04
 -4.612e+04 4.612e+04
 -1.292e+04 1.292e+04
 6.032e+04 -6.032e+04
 9.915e+04 -9.915e+04
 -5.213e+04 5.213e+04
 -1.42e+05 1.42e+05
 6.963e+04 -6.963e+04
 5.189e+04 -5.189e+04
 9681 -9681
 3.043e+04 -3.043e+04
 7.175e+04 -7.175e+04
 2.877e+04 -2.877e+04
 1.813e+05 -1.813e+05
 -8.851e+04 8.851e+04
 3.278e+04 -3.278e+04
 3858 -3858
 -3.556e+04 3.556e+04
 -5.715e+04 5.715e+04
 1.666e+04 -1.666e+04
 -2.758e+04 2.758e+04
 -1.182e+05 1.182e+05
 -4.816e+04 4.816e+04
 3.09e+04 -3.09e+04
 1.971e+05 -1.971e+05
 -1.724e+05 1.724e+05
 3.117e+04 -3.117e+04
 6.569e+04 -6.569e+04
 -2.529e+05 2.529e+05
 -5.417e+04 5.417e+04
 3574 -3574
 2.595e+04 -2.595e+04
 -5.32e+04 5.32e+04
 2.15e+05 -2.15e+05
 1.173e+04 -1.173e+04
 4.739e+04 -4.739e+04
 -5.419e+04 5.419e+04
 9.672e+04 -9.672e+04
 -6.314e+04 6.314e+04
 3.08e+04 -3.08e+04
 -2.432e+05 2.432e+05
 -4.596e+04 4.596e+04
 -9190 9190
 -6.98e+04 6.98e+04
 -5.855e+04 5.855e+04
 2.705e+04 -2.705e+04
 2.807e+04 -2.807e+04
 5.76e+04 -5.76e+04
 -3.555e+04 3.555e+04
 1.224e+05 -1.224e+05
 -1.507e+04 1.507e+04
 -1.103e+05 1.103e+05
 1.893e+04 -1.893e+04
 3.985e+04 -3.985e+04
 -1.508e+05 1.508e+05
 1.048e+05 -1.048e+05
 1.596e+05 -1.596e+05
 1.159e+04 -1.159e+04
 -2.218e+04 2.218e+04
 -7.076e+04 7.076e+04
 4.506e+04 -4.506e+04
 -1.507e+05 1.507e+05
 1.174e+04 -1.174e+04
 7692 -7692
 1.17e+05 -1.17e+05
 -9.099e+04 9.099e+04
 -1.959e+05 1.959e+05
 1.153e+05 -1.153e+05
 2.316e+05 -2.316e+05
 1.289e+05 -1.289e+05
 1.073e+04 -1.073e+04
 1.243e+04 -1.243e+04
 -7.987e+04 7.987e+04
 5606 -5606
 1.148e+05 -1.148e+05
 -2.183e+04 2.183e+04
 3.265e+04 -3.265e+04
 8.524e+04 -8.524e+04
 1.349e+04 -1.349e+04
 -1.274e+05 1.274e+05
 1.289e+05 -1.289e+05
 -8.924e+04 8.924e+04
 -1.188e+04 1.188e+04
 2.053e+04 -2.053e+04
 -7.279e+04 7.279e+04
 -1.496e+05 1.496e+05
 9.224e+04 -9.224e+04
 3.07e+04 -3.07e+04
 -5.085e+04 5.085e+04
 1.52e+05 -1.52e+05
 -6.857e+04 6.857e+04
 -1082 1082
 -1.821e+05 1.821e+05
 5.389e+04 -5.389e+04
 2.711e+04 -2.711e+04
 -9300 9300
 1.141e+04 -1.141e+04
 -5.823e+04 5.823e+04
 -9.774e+04 9.774e+04
 3.325e+04 -3.325e+04
 -5.861e+04 5.861e+04
 -2.334e+04 2.334e+04
 2.277e+05 -2.277e+05
 3.76e+04 -3.76e+04
 -8.982e+04 8.982e+04
 -8.54e+04 8.54e+04
 6.944e+04 -6.944e+04
 -4.315e+04 4.315e+04
 -1.393e+04 1.393e+04
 -8.68e+04 8.68e+04
 -1.378e+05 1.378e+05
 -5.031e+04 5.031e+04
 1.756e+05 -1.756e+05
 -2.541e+05 2.541e+05
 3.579e+04 -3.579e+04
 -5.993e+04 5.993e+04
 3.223e+04 -3.223e+04
 -8.228e+04 8.228e+04
 1.727e+05 -1.727e+05
 -2.454e+04 2.454e+04
 -1.22e+05 1.22e+05
 9.825e+04 -9.825e+04
 2.534e+04 -2.534e+04
 -6.515e+04 6.515e+04
 2569 -2569
 9.902e+04 -9.902e+04
 9.266e+04 -9.266e+04
 4.835e+04 -4.835e+04
 9.538e+04 -9.538e+04
 -6478 6478
 -9.961e+04 9.961e+04
 1.619e+04 -1.619e+04
 -1.104e+05 1.104e+05
 1.001e+05 -1.001e+05
 9.74e+04 -9.74e+04
 1.482e+04 -1.482e+04
 -1.205e+05 1.205e+05
 2.909e+04 -2.909e+04
 -4.888e+04 4.888e+04
 -2.734e+04 2.734e+04
 -6.82e+04 6.82e+04
 1.178e+05 -1.178e+05
 7.358e+04 -7.358e+04
 -7.241e+04 7.241e+04
 1.055e+04 -1.055e+04
 -5.634e+04 5.634e+04
 3844 -3844
 -7.922e+04 7.922e+04
 -3.455e+04 3.455e+04
 6.274e+04 -6.274e+04
 6715 -6715
 -4.449e+04 4.449e+04
 -9.593e+04 9.593e+04
 9.325e+04 -9.325e+04
 4.525e+04 -4.525e+04
 5.38e+04 -5.38e+04
 6.705e+04 -6.705e+04
 -2.282e+04 2.282e+04
 8.323e+04 -8.323e+04
 4.86e+04 -4.86e+04
 1.619e+05 -1.619e+05
 9.28e+04 -9.28e+04
 -3219 3219
 2.044e+05 -2.044e+05
 -5.135e+04 5.135e+04
 2.102e+04 -2.102e+04
 -1.1e+05 1.1e+05
 5.774e+04 -5.774e+04
 3.431e+04 -3.431e+04
 4.626e+04 -4.626e+04
 -3.312e+04 3.312e+04
 4.411e+04 -4.411e+04
 1.402e+05 -1.402e+05
 -3.91e+04 3.91e+04
 2.208e+04 -2.208e+04
 -2.233e+04 2.233e+04
 1.805e+04 -1.805e+04
 1.982e+04 -1.982e+04
 4.914e+04 -4.914e+04
 5.828e+04 -5.828e+04
 5.272e+04 -5.272e+04
 -1.027e+05 1.027e+05
 -1.027e+05 1.027e+05
 -6.335e+04 6.335e+04
 5.345e+04 -5.345e+04
 4.04e+04 -4.04e+04
 9455 -9455
 1.338e+05 -1.338e+05
 1.534e+04 -1.534e+04
 -1.96e+04 1.96e+04
 977.5 -977.5
 3.616e+04 -3.616e+04
 -1.105e+05 1.105e+05
 -4.081e+04 4.081e+04
 -2.095e+05 2.095e+05
 2.097e+05 -2.097e+05
 3.924e+04 -3.924e+04
 -2.364e+04 2.364e+04
 5.83e+04 -5.83e+04
 -2.917e+05 2.917e+05
 -2.259e+04 2.259e+04
 1.017e+05 -1.017e+05
 1.448e+04 -1.448e+04
 -1.139e+05 1.139e+05
 -1.186e+04 1.186e+04
 1.595e+04 -1.595e+04
 -1.454e+05 1.454e+05
 3.133e+04 -3.133e+04
 3.4e+04 -3.4e+04
 6.372e+04 -6.372e+04
 -4.645e+04 4.645e+04
 -9.365e+04 9.365e+04
 2.391e+04 -2.391e+04
 3.732e+04 -3.732e+04
 1.772e+05 -1.772e+05
 -1.14e+05 1.14e+05
 -6.184e+04 6.184e+04
 1.167e+05 -1.167e+05
 -1.317e+05 1.317e+05
 1.03e+04 -1.03e+04
 1.338e+05 -1.338e+05
 -4.685e+04 4.685e+04
 -1.079e+04 1.079e+04
 5.915e+04 -5.915e+04
 3.629e+05 -3.629e+05
 6.393e+04 -6.393e+04
 2.619e+04 -2.619e+04
 -1.627e+04 1.627e+04
 2.513e+04 -2.513e+04
 1.514e+05 -1.514e+05
 -7280 7280
 4926 -4926
 3.717e+04 -3.717e+04
 -4.53e+04 4.53e+04
 2.452e+04 -2.452e+04
 -6.753e+04 6.753e+04
 -6.873e+04 6.873e+04
 -5.305e+04 5.305e+04
 6.993e+04 -6.993e+04
 -1.795e+04 1.795e+04
 1.055e+05 -1.055e+05
 3.515e+04 -3.515e+04
 1.81e+05 -1.81e+05
 5966 -5966
 -7.448e+04 7.448e+04
 -8.972e+04 8.972e+04
 7.469e+04 -7.469e+04
 -8743 8743
 -2.316e+04 2.316e+04
 1.21e+05 -1.21e+05
 7.896e+04 -7.896e+04
 1.565e+05 -1.565e+05
 1.328e+05 -1.328e+05
 -3.817e+04 3.817e+04
 -3.512e+04 3.512e+04
 -2.109e+05 2.109e+05
 -6.813e+04 6.813e+04
 2.162e+04 -2.162e+04
 7.963e+04 -7.963e+04
 -1.364e+05 1.364e+05
 9312 -9312
 -3452 3452
 1.653e+05 -1.653e+05
 -1.53e+05 1.53e+05
 -1.237e+05 1.237e+05
 -6.974e+04 6.974e+04
 1.015e+05 -1.015e+05
 3.177e+04 -3.177e+04
 1.458e+04 -1.458e+04
 1.092e+05 -1.092e+05
 -2.049e+05 2.049e+05
 5.944e+04 -5.944e+04
 -3.122e+05 3.122e+05
 7.834e+04 -7.834e+04
 7.334e+04 -7.334e+04
 -4.682e+04 4.682e+04
 -1.256e+05 1.256e+05
 -1.69e+05 1.69e+05
 6491 -6491
