# Created by Octave 5.2.0, Fri Sep 25 00:16:05 2020 CEST <jiwidi@land>
# name: w
# type: matrix
# rows: 2001
# columns: 2
 -20 20
 128.8 -128.8
 -206.1 206.1
 39.79 -39.79
 -66.85 66.85
 148 -148
 320.2 -320.2
 28.42 -28.42
 54.7 -54.7
 -104.4 104.4
 242.2 -242.2
 -87.06 87.06
 12.69 -12.69
 109.5 -109.5
 -54.18 54.18
 -379 379
 172.9 -172.9
 -127.1 127.1
 -43.32 43.32
 177 -177
 -216.5 216.5
 -359.4 359.4
 -87.27 87.27
 -278.7 278.7
 179.5 -179.5
 -268.3 268.3
 19.58 -19.58
 401.8 -401.8
 -83.87 83.87
 -17.17 17.17
 -21.2 21.2
 -10.32 10.32
 190.5 -190.5
 -52.22 52.22
 166 -166
 -273.1 273.1
 -332.1 332.1
 -86.41 86.41
 -193.7 193.7
 -100.2 100.2
 -217.6 217.6
 217.1 -217.1
 -115.7 115.7
 -163.3 163.3
 24.89 -24.89
 331.9 -331.9
 -75.52 75.52
 496 -496
 -280.4 280.4
 75.56 -75.56
 50.32 -50.32
 100.8 -100.8
 -2.431 2.431
 -264.8 264.8
 545.5 -545.5
 264.8 -264.8
 60.47 -60.47
 57.44 -57.44
 18.04 -18.04
 -24.83 24.83
 95.02 -95.02
 -136.9 136.9
 135.9 -135.9
 200 -200
 -138 138
 -55.51 55.51
 250.3 -250.3
 -135 135
 148.2 -148.2
 147.2 -147.2
 -382.5 382.5
 -315.2 315.2
 -128.7 128.7
 191.2 -191.2
 518.5 -518.5
 -208.8 208.8
 -724.1 724.1
 -226.1 226.1
 183.4 -183.4
 -50.14 50.14
 192 -192
 -42.67 42.67
 -109 109
 -81.26 81.26
 353.4 -353.4
 93.99 -93.99
 -279.5 279.5
 -86.35 86.35
 -2.158 2.158
 -106.4 106.4
 65.22 -65.22
 160 -160
 260.8 -260.8
 -137.3 137.3
 84.3 -84.3
 -173.9 173.9
 -34.18 34.18
 456.4 -456.4
 -221.7 221.7
 -54.37 54.37
 189.1 -189.1
 336 -336
 -132.2 132.2
 -529.4 529.4
 163.1 -163.1
 64.76 -64.76
 78.85 -78.85
 101.1 -101.1
 80.32 -80.32
 -7.902 7.902
 446.3 -446.3
 -53.33 53.33
 -184.4 184.4
 -12.43 12.43
 -367.9 367.9
 -146.9 146.9
 59.43 -59.43
 -21.55 21.55
 -201.1 201.1
 -346.7 346.7
 103.9 -103.9
 382.6 -382.6
 -344.9 344.9
 64.2 -64.2
 -48.83 48.83
 -456.9 456.9
 -125.6 125.6
 22.22 -22.22
 -47.3 47.3
 -196.8 196.8
 107 -107
 54.92 -54.92
 104.5 -104.5
 206.3 -206.3
 121.2 -121.2
 -289.3 289.3
 163.3 -163.3
 -533.2 533.2
 -156 156
 33.82 -33.82
 -252.5 252.5
 -226.6 226.6
 39.19 -39.19
 -95.25 95.25
 16.2 -16.2
 -153.5 153.5
 196.6 -196.6
 -122.1 122.1
 -198.1 198.1
 115.4 -115.4
 -38.13 38.13
 -459.1 459.1
 240.8 -240.8
 867.1 -867.1
 62.1 -62.1
 -154 154
 -349.6 349.6
 46.74 -46.74
 -261.2 261.2
 -206.2 206.2
 -63.06 63.06
 311.7 -311.7
 -71.2 71.2
 -563.8 563.8
 388.5 -388.5
 1013 -1013
 331.3 -331.3
 82.53 -82.53
 172.7 -172.7
 -56.14 56.14
 50.11 -50.11
 346.4 -346.4
 178.3 -178.3
 -104.6 104.6
 161.6 -161.6
 90.82 -90.82
 -278.7 278.7
 386.6 -386.6
 -134.4 134.4
 -17.44 17.44
 -74.65 74.65
 192.6 -192.6
 -612.5 612.5
 226.2 -226.2
 88.86 -88.86
 -83.68 83.68
 301.7 -301.7
 -70.14 70.14
 -57.61 57.61
 -343.9 343.9
 320.3 -320.3
 204.1 -204.1
 76.75 -76.75
 18.97 -18.97
 -163.2 163.2
 -423.6 423.6
 -63.03 63.03
 -93.38 93.38
 132.8 -132.8
 367 -367
 144.1 -144.1
 -325.9 325.9
 -108.9 108.9
 308.1 -308.1
 150.1 -150.1
 21.38 -21.38
 -445.2 445.2
 -343.8 343.8
 -82.68 82.68
 399.1 -399.1
 -998.9 998.9
 245.6 -245.6
 -344.1 344.1
 16.77 -16.77
 -261.3 261.3
 404.9 -404.9
 -202.4 202.4
 -316.2 316.2
 143 -143
 -27.05 27.05
 -272.1 272.1
 102.4 -102.4
 -122.4 122.4
 203.2 -203.2
 -90.78 90.78
 218.1 -218.1
 -71.18 71.18
 -325.9 325.9
 335.9 -335.9
 -213 213
 280.8 -280.8
 -26.35 26.35
 38.54 -38.54
 -486.9 486.9
 270.2 -270.2
 -237.4 237.4
 -315.9 315.9
 -232.3 232.3
 262.9 -262.9
 261.8 -261.8
 -283.9 283.9
 -69.35 69.35
 -240 240
 103.4 -103.4
 -126.5 126.5
 -53.74 53.74
 123.3 -123.3
 -266.9 266.9
 -241.7 241.7
 -256.1 256.1
 137.8 -137.8
 53.25 -53.25
 75.12 -75.12
 279.3 -279.3
 -56.34 56.34
 127.3 -127.3
 170.5 -170.5
 433.3 -433.3
 225.6 -225.6
 15.42 -15.42
 600.3 -600.3
 -267.4 267.4
 -48.86 48.86
 -173.9 173.9
 241 -241
 -40.19 40.19
 36.42 -36.42
 -199.1 199.1
 140.5 -140.5
 244.5 -244.5
 43.76 -43.76
 187.6 -187.6
 115 -115
 115 -115
 -58.93 58.93
 121.1 -121.1
 115.7 -115.7
 140.7 -140.7
 -192.6 192.6
 -563.9 563.9
 -118.7 118.7
 202.9 -202.9
 -86.36 86.36
 297.4 -297.4
 499.6 -499.6
 42.83 -42.83
 -160.4 160.4
 10.23 -10.23
 -20 20
 -247.7 247.7
 -11.24 11.24
 -579.9 579.9
 439.2 -439.2
 83.09 -83.09
 7.95 -7.95
 244.3 -244.3
 -692.8 692.8
 -72.95 72.95
 -51.54 51.54
 76.97 -76.97
 -154.1 154.1
 -63.86 63.86
 27.52 -27.52
 -354 354
 321.8 -321.8
 94.79 -94.79
 72.84 -72.84
 22.16 -22.16
 -126.8 126.8
 361 -361
 250.6 -250.6
 813.9 -813.9
 -311 311
 44.32 -44.32
 -92.96 92.96
 -243.6 243.6
 373.1 -373.1
 440.1 -440.1
 -239.1 239.1
 169.1 -169.1
 149.2 -149.2
 1147 -1147
 348.7 -348.7
 157.6 -157.6
 -6.497 6.497
 26.79 -26.79
 335.4 -335.4
 -54.14 54.14
 -257.8 257.8
 42.12 -42.12
 -216.7 216.7
 199.7 -199.7
 -230.3 230.3
 -262 262
 -108.3 108.3
 -88.07 88.07
 -38.4 38.4
 -41.39 41.39
 -19.47 19.47
 239 -239
 -65.36 65.36
 -589.7 589.7
 -215.6 215.6
 177.9 -177.9
 -149.7 149.7
 -43.52 43.52
 191.5 -191.5
 254.1 -254.1
 451.5 -451.5
 638.8 -638.8
 -128.1 128.1
 -290.1 290.1
 -350.2 350.2
 -198.2 198.2
 191 -191
 226.8 -226.8
 -650.5 650.5
 345.7 -345.7
 -7.93 7.93
 599.5 -599.5
 -265.8 265.8
 -269.3 269.3
 -298.6 298.6
 298.4 -298.4
 -109 109
 -74.69 74.69
 474.6 -474.6
 -232.8 232.8
 223.7 -223.7
 -789.7 789.7
 159.2 -159.2
 190.7 -190.7
 82.09 -82.09
 -425.4 425.4
 -260.3 260.3
 -13.8 13.8
 303.9 -303.9
 358.3 -358.3
 -203 203
 -282.5 282.5
 -13.74 13.74
 -404.1 404.1
 -56.6 56.6
 -319.1 319.1
 506.4 -506.4
 422 -422
 -23.81 23.81
 244.3 -244.3
 31.67 -31.67
 -101.9 101.9
 -43.77 43.77
 -116.2 116.2
 59.25 -59.25
 -448.4 448.4
 137 -137
 -147.4 147.4
 -28.33 28.33
 -123 123
 -77.57 77.57
 710.9 -710.9
 -209.4 209.4
 -260.2 260.2
 -133.5 133.5
 -74.17 74.17
 -61.83 61.83
 -283.2 283.2
 -143.1 143.1
 200.8 -200.8
 -279.6 279.6
 425.6 -425.6
 -124.8 124.8
 169.9 -169.9
 -84.39 84.39
 -71.31 71.31
 -561.7 561.7
 28.26 -28.26
 748 -748
 -193.4 193.4
 413.3 -413.3
 173.5 -173.5
 336.6 -336.6
 -264 264
 928.2 -928.2
 -164.5 164.5
 -238.5 238.5
 -112.8 112.8
 -111.1 111.1
 -93.94 93.94
 -229 229
 -145.2 145.2
 305.2 -305.2
 -190.4 190.4
 448.2 -448.2
 -98.59 98.59
 -360.4 360.4
 -44.33 44.33
 11.88 -11.88
 236.4 -236.4
 -267.8 267.8
 -72.35 72.35
 25.08 -25.08
 57.58 -57.58
 -411.3 411.3
 374.2 -374.2
 -0.01529 0.01529
 -3.892 3.892
 -90.92 90.92
 -231.1 231.1
 190.1 -190.1
 238.5 -238.5
 -249.2 249.2
 29 -29
 525.3 -525.3
 351.1 -351.1
 187.4 -187.4
 323 -323
 -191.7 191.7
 259.2 -259.2
 -104.2 104.2
 252.2 -252.2
 -232.9 232.9
 -2.313 2.313
 450.3 -450.3
 74.2 -74.2
 375.3 -375.3
 273.5 -273.5
 195.4 -195.4
 -37.57 37.57
 24.77 -24.77
 67.49 -67.49
 -161.1 161.1
 -22.73 22.73
 -78.65 78.65
 -112.9 112.9
 -5.857 5.857
 219.4 -219.4
 196.7 -196.7
 70.08 -70.08
 16.03 -16.03
 226.7 -226.7
 -29.25 29.25
 16.66 -16.66
 6.176 -6.176
 1.419 -1.419
 86.85 -86.85
 -3.651 3.651
 -157.2 157.2
 -902.9 902.9
 -123.7 123.7
 70.67 -70.67
 66.7 -66.7
 109.1 -109.1
 -162.8 162.8
 -56.93 56.93
 71.31 -71.31
 -233.3 233.3
 -174.6 174.6
 -213 213
 218.6 -218.6
 -587.3 587.3
 167.8 -167.8
 113.3 -113.3
 -330.7 330.7
 -98.14 98.14
 -119.2 119.2
 -366.7 366.7
 -133.8 133.8
 262.9 -262.9
 148.7 -148.7
 8.394 -8.394
 -28.25 28.25
 -42.43 42.43
 -345.7 345.7
 -185.3 185.3
 274.4 -274.4
 -411.1 411.1
 -196.3 196.3
 66.51 -66.51
 -60.84 60.84
 -260.5 260.5
 -36.26 36.26
 260 -260
 -474.5 474.5
 36.62 -36.62
 -559.8 559.8
 240.3 -240.3
 93.46 -93.46
 -201.1 201.1
 10.23 -10.23
 -99.68 99.68
 260.3 -260.3
 -63.81 63.81
 -316.8 316.8
 145.3 -145.3
 -162.6 162.6
 -618.6 618.6
 553 -553
 53.98 -53.98
 292.9 -292.9
 -3.596 3.596
 -93.42 93.42
 -328.5 328.5
 -62.69 62.69
 123.8 -123.8
 470.3 -470.3
 -298.4 298.4
 217 -217
 -248.4 248.4
 -231.4 231.4
 22.22 -22.22
 436.7 -436.7
 -207.9 207.9
 720.5 -720.5
 -152.1 152.1
 211.6 -211.6
 206.7 -206.7
 67.94 -67.94
 -271.9 271.9
 143.6 -143.6
 1.192 -1.192
 293.2 -293.2
 -206.9 206.9
 23.72 -23.72
 15.15 -15.15
 -354.2 354.2
 -402.6 402.6
 70.35 -70.35
 120.9 -120.9
 151.6 -151.6
 -53.31 53.31
 -176.7 176.7
 -53.99 53.99
 -190.5 190.5
 934.9 -934.9
 -209.7 209.7
 -9.264 9.264
 -11.84 11.84
