# Created by Octave 5.2.0, Fri Sep 25 00:22:11 2020 CEST <jiwidi@land>
# name: w
# type: matrix
# rows: 2001
# columns: 2
 0 0
 823.5 -823.5
 106.9 -106.9
 1312 -1312
 47.08 -47.08
 219.9 -219.9
 893.9 -893.9
 -201.3 201.3
 359.9 -359.9
 -97.76 97.76
 -294.6 294.6
 110.5 -110.5
 19.33 -19.33
 208.4 -208.4
 -283.9 283.9
 -666.2 666.2
 337.5 -337.5
 -641.5 641.5
 699 -699
 -40.75 40.75
 -138.3 138.3
 -715 715
 485.2 -485.2
 -19.65 19.65
 10.5 -10.5
 -568.6 568.6
 -8.189 8.189
 -140.8 140.8
 -276.9 276.9
 351.7 -351.7
 -619.9 619.9
 44.48 -44.48
 238.2 -238.2
 -24.47 24.47
 437 -437
 -1317 1317
 -1222 1222
 -407.1 407.1
 -617.6 617.6
 -227.6 227.6
 -21.43 21.43
 367.8 -367.8
 -261.8 261.8
 -661.2 661.2
 -368.6 368.6
 297.2 -297.2
 -564.3 564.3
 1046 -1046
 -37.36 37.36
 431.9 -431.9
 194.7 -194.7
 -238.3 238.3
 20.36 -20.36
 -799.8 799.8
 691.8 -691.8
 700.3 -700.3
 -158.8 158.8
 260.3 -260.3
 -71.75 71.75
 -921.2 921.2
 98.77 -98.77
 -201.2 201.2
 -55.7 55.7
 534.9 -534.9
 -418 418
 -169.2 169.2
 735.4 -735.4
 36.73 -36.73
 444.5 -444.5
 61.86 -61.86
 254 -254
 -1121 1121
 -120.2 120.2
 286.4 -286.4
 1042 -1042
 -505 505
 -2251 2251
 -623.8 623.8
 488.7 -488.7
 -870.3 870.3
 154.3 -154.3
 64.31 -64.31
 -664.5 664.5
 -266.9 266.9
 -9.061 9.061
 98.47 -98.47
 -1049 1049
 -133.3 133.3
 -383.9 383.9
 -431.8 431.8
 132.2 -132.2
 812.6 -812.6
 15.31 -15.31
 -51.04 51.04
 1283 -1283
 -81.83 81.83
 -160.8 160.8
 505.1 -505.1
 23.89 -23.89
 -88.74 88.74
 -5.858 5.858
 119.1 -119.1
 -452.3 452.3
 -276.2 276.2
 111.8 -111.8
 487.9 -487.9
 -379.7 379.7
 99.91 -99.91
 118.2 -118.2
 344.6 -344.6
 474.3 -474.3
 -78.48 78.48
 33.32 -33.32
 134.1 -134.1
 230 -230
 -379.9 379.9
 350.9 -350.9
 -211.5 211.5
 -590.1 590.1
 -321.7 321.7
 134.6 -134.6
 776.7 -776.7
 -1704 1704
 101 -101
 616.3 -616.3
 -1353 1353
 -293.1 293.1
 -207.1 207.1
 289.9 -289.9
 -63.31 63.31
 683.7 -683.7
 -413.4 413.4
 -61.82 61.82
 -360.9 360.9
 281.6 -281.6
 38.51 -38.51
 398.1 -398.1
 -1550 1550
 -151.9 151.9
 -155 155
 -25.1 25.1
 -127.2 127.2
 357.4 -357.4
 -117.4 117.4
 462.2 -462.2
 -182.7 182.7
 758.5 -758.5
 -102.9 102.9
 -561.2 561.2
 348.4 -348.4
 177.3 -177.3
 -824.7 824.7
 556.9 -556.9
 1180 -1180
 -45.77 45.77
 -297.9 297.9
 -215.7 215.7
 258.9 -258.9
 -661.6 661.6
 101 -101
 67.88 -67.88
 423.9 -423.9
 -559.4 559.4
 -753 753
 264.8 -264.8
 983.4 -983.4
 202.7 -202.7
 -148.1 148.1
 99.35 -99.35
 -347.1 347.1
 -170.4 170.4
 225.3 -225.3
 -432 432
 358.9 -358.9
 284 -284
 -55.15 55.15
 -413.6 413.6
 772.8 -772.8
 -120.3 120.3
 84.34 -84.34
 -66.01 66.01
 -625.4 625.4
 -995.8 995.8
 841.7 -841.7
 -66.21 66.21
 -263.1 263.1
 664.4 -664.4
 -362.5 362.5
 157.4 -157.4
 -731.2 731.2
 343.3 -343.3
 135.9 -135.9
 -133.2 133.2
 -125.3 125.3
 -408.5 408.5
 -496 496
 -185.8 185.8
 -577 577
 32.38 -32.38
 1374 -1374
 362.5 -362.5
 -401.4 401.4
 -853.9 853.9
 917.7 -917.7
 -340.6 340.6
 309.2 -309.2
 -282.1 282.1
 -281.5 281.5
 -179.8 179.8
 583.2 -583.2
 -1930 1930
 120.7 -120.7
 -552.3 552.3
 459.3 -459.3
 -431.4 431.4
 976.4 -976.4
 -189.3 189.3
 -390.4 390.4
 11.64 -11.64
 605.7 -605.7
 -271.8 271.8
 -131.3 131.3
 738.7 -738.7
 502 -502
 647.7 -647.7
 379 -379
 287 -287
 -37.23 37.23
 318.7 -318.7
 -750 750
 242.6 -242.6
 1052 -1052
 110.1 -110.1
 -796.9 796.9
 280.3 -280.3
 -199.8 199.8
 -299.9 299.9
 -652.7 652.7
 731.4 -731.4
 353.5 -353.5
 -870.5 870.5
 -261.4 261.4
 -363.4 363.4
 55.76 -55.76
 -462.8 462.8
 -602 602
 337.2 -337.2
 350.6 -350.6
 -186.3 186.3
 -723.1 723.1
 855.7 -855.7
 225.2 -225.2
 235.3 -235.3
 264.3 -264.3
 -191.3 191.3
 272.5 -272.5
 148.1 -148.1
 1221 -1221
 850.1 -850.1
 -75.1 75.1
 1053 -1053
 -215.2 215.2
 10.19 -10.19
 -368.3 368.3
 259 -259
 222 -222
 112.4 -112.4
 65.33 -65.33
 41.28 -41.28
 854.8 -854.8
 65.64 -65.64
 -580.9 580.9
 -571 571
 6.991 -6.991
 -81.07 81.07
 329.4 -329.4
 192.5 -192.5
 -8.355 8.355
 -614.8 614.8
 -27.68 27.68
 -598.1 598.1
 144 -144
 269.1 -269.1
 44.86 -44.86
 831 -831
 257.7 -257.7
 223.9 -223.9
 -246.2 246.2
 323.8 -323.8
 -918.9 918.9
 43.93 -43.93
 -1426 1426
 979.5 -979.5
 161.7 -161.7
 89.9 -89.9
 77.85 -77.85
 -1286 1286
 -164.7 164.7
 455.5 -455.5
 164.5 -164.5
 -427.4 427.4
 7.417 -7.417
 464.9 -464.9
 -804.6 804.6
 457.5 -457.5
 71.28 -71.28
 541.1 -541.1
 -83.32 83.32
 57.86 -57.86
 195.1 -195.1
 3.66 -3.66
 1257 -1257
 -725.3 725.3
 -929.1 929.1
 454 -454
 -585.4 585.4
 13.31 -13.31
 487.6 -487.6
 -97.68 97.68
 -93.53 93.53
 510.5 -510.5
 2206 -2206
 366.1 -366.1
 -44.15 44.15
 -437.7 437.7
 325.1 -325.1
 816.1 -816.1
 445.1 -445.1
 291.8 -291.8
 301.2 -301.2
 -725.5 725.5
 128.4 -128.4
 231.1 -231.1
 -592.7 592.7
 -332.5 332.5
 102.7 -102.7
 -33.88 33.88
 1012 -1012
 640.4 -640.4
 918.4 -918.4
 63.9 -63.9
 -374.7 374.7
 -171.3 171.3
 590.2 -590.2
 -213.6 213.6
 -313.8 313.8
 874 -874
 157.4 -157.4
 760.2 -760.2
 308.2 -308.2
 -239.7 239.7
 -20.48 20.48
 -1091 1091
 -276.4 276.4
 -291.1 291.1
 386.7 -386.7
 -397 397
 -205.5 205.5
 -44.2 44.2
 1044 -1044
 -790.8 790.8
 -345.7 345.7
 -505.1 505.1
 458.3 -458.3
 -198.8 198.8
 169.9 -169.9
 343 -343
 -941.1 941.1
 128.2 -128.2
 -1162 1162
 378.3 -378.3
 346.7 -346.7
 -262.3 262.3
 -1180 1180
 -1055 1055
 87.76 -87.76
 -105.9 105.9
 926.9 -926.9
 143.8 -143.8
 -1357 1357
 -404.1 404.1
 -443.2 443.2
 -77 77
 -360.3 360.3
 38.95 -38.95
 614.3 -614.3
 272.1 -272.1
 885.3 -885.3
 586.4 -586.4
 -448.6 448.6
 -60.59 60.59
 -53.85 53.85
 112.1 -112.1
 -1114 1114
 4.758 -4.758
 209.1 -209.1
 -234 234
 199.7 -199.7
 52.89 -52.89
 901.5 -901.5
 40.44 -40.44
 -537.4 537.4
 -405.8 405.8
 336.3 -336.3
 -238.4 238.4
 89.21 -89.21
 58.63 -58.63
 -24.78 24.78
 -203.7 203.7
 986 -986
 -395.9 395.9
 9.606 -9.606
 -177.6 177.6
 437.1 -437.1
 -758.2 758.2
 -36.79 36.79
 321.1 -321.1
 -150.2 150.2
 695.4 -695.4
 2.029 -2.029
 788.4 -788.4
 -563.8 563.8
 1390 -1390
 401.7 -401.7
 -417.2 417.2
 -253.6 253.6
 -475.3 475.3
 -81.39 81.39
 -25.38 25.38
 -197.1 197.1
 767.5 -767.5
 -313.7 313.7
 393.4 -393.4
 328.8 -328.8
 -549.8 549.8
 -155.8 155.8
 -249.3 249.3
 183.4 -183.4
 -1260 1260
 57.22 -57.22
 -690.7 690.7
 -127.4 127.4
 -1499 1499
 711.3 -711.3
 279.9 -279.9
 -685.1 685.1
 -438.1 438.1
 250.4 -250.4
 66.35 -66.35
 895.3 -895.3
 -218.1 218.1
 -84.96 84.96
 927.8 -927.8
 51.13 -51.13
 -128.6 128.6
 795.9 -795.9
 336.4 -336.4
 1141 -1141
 16.3 -16.3
 64.23 -64.23
 -117.6 117.6
 2.39 -2.39
 738.8 -738.8
 80.11 -80.11
 732.7 -732.7
 -181.6 181.6
 494.7 -494.7
 -274.8 274.8
 230.1 -230.1
 477.1 -477.1
 -482.7 482.7
 89.75 -89.75
 -82.44 82.44
 -516.8 516.8
 -25.32 25.32
 482.6 -482.6
 -409.5 409.5
 -53.48 53.48
 -557.4 557.4
 380.2 -380.2
 -98.32 98.32
 -537.9 537.9
 -15.9 15.9
 273.7 -273.7
 -257.5 257.5
 -1.634 1.634
 152.1 -152.1
 -986.8 986.8
 -18.95 18.95
 -423 423
 -601.3 601.3
 19.47 -19.47
 -140.6 140.6
 -345.4 345.4
 -91.74 91.74
 -848.8 848.8
 -586.6 586.6
 -141.2 141.2
 877.1 -877.1
 -1456 1456
 232.2 -232.2
 339.5 -339.5
 -899.9 899.9
 -75.52 75.52
 46.68 -46.68
 -892.6 892.6
 -719.6 719.6
 -149.4 149.4
 -166.4 166.4
 854.8 -854.8
 -86.92 86.92
 -311.9 311.9
 91.08 -91.08
 336.2 -336.2
 -535.7 535.7
 243.4 -243.4
 -501.7 501.7
 -65.24 65.24
 -283.5 283.5
 -883.8 883.8
 56.24 -56.24
 388.7 -388.7
 -721.9 721.9
 441 -441
 -938.5 938.5
 255 -255
 -315.8 315.8
 568.9 -568.9
 104.1 -104.1
 5.178 -5.178
 691.9 -691.9
 -166.1 166.1
 -495.4 495.4
 -38.93 38.93
 376 -376
 -1272 1272
 1302 -1302
 107.8 -107.8
 1076 -1076
 -58.93 58.93
 -598.9 598.9
 -474.6 474.6
 -447.8 447.8
 -483.5 483.5
 645.2 -645.2
 -1036 1036
 386.8 -386.8
 -412.3 412.3
 -622.2 622.2
 237.4 -237.4
 571 -571
 -209.2 209.2
 624.7 -624.7
 -423.8 423.8
 584.8 -584.8
 26.93 -26.93
 327 -327
 -603.3 603.3
 -21.83 21.83
 -225.5 225.5
 425.8 -425.8
 -17.33 17.33
 218.9 -218.9
 -209.1 209.1
 -447.9 447.9
 115.8 -115.8
 653.9 -653.9
 240.5 -240.5
 -339.2 339.2
 -505.8 505.8
 -39.65 39.65
 206.8 -206.8
 461.6 -461.6
 1388 -1388
 -517.7 517.7
 -203 203
 -63.07 63.07
 545.6 -545.6
 467.8 -467.8
 -24.38 24.38
 714.4 -714.4
