# Created by Octave 5.2.0, Fri Sep 25 00:32:12 2020 CEST <jiwidi@land>
# name: w
# type: matrix
# rows: 2001
# columns: 2
 0 0
 8468 -8468
 -522.2 522.2
 1.559e+04 -1.559e+04
 484.6 -484.6
 2488 -2488
 9871 -9871
 -1545 1545
 4175 -4175
 -1922 1922
 -1147 1147
 527 -527
 956.7 -956.7
 1966 -1966
 -3058 3058
 -7608 7608
 4198 -4198
 -6051 6051
 9021 -9021
 -1103 1103
 -560.5 560.5
 -6743 6743
 3543 -3543
 97.86 -97.86
 658.1 -658.1
 -7723 7723
 -1977 1977
 -613.5 613.5
 -2952 2952
 3589 -3589
 -4832 4832
 -54.91 54.91
 3088 -3088
 -351.7 351.7
 4531 -4531
 -1.5e+04 1.5e+04
 -1.454e+04 1.454e+04
 -3400 3400
 -6831 6831
 -2116 2116
 -548.4 548.4
 2630 -2630
 -2774 2774
 -7425 7425
 -4115 4115
 2382 -2382
 -5823 5823
 1.356e+04 -1.356e+04
 -56.7 56.7
 6238 -6238
 2513 -2513
 -2983 2983
 600.4 -600.4
 -6267 6267
 8541 -8541
 8009 -8009
 -1323 1323
 1629 -1629
 -944.8 944.8
 -9837 9837
 2083 -2083
 -2559 2559
 751.8 -751.8
 5995 -5995
 -4389 4389
 -1792 1792
 7575 -7575
 -1690 1690
 5683 -5683
 1633 -1633
 1179 -1179
 -1.219e+04 1.219e+04
 -1183 1183
 4425 -4425
 1.12e+04 -1.12e+04
 -6112 6112
 -2.141e+04 2.141e+04
 -6236 6236
 5915 -5915
 -9728 9728
 2681 -2681
 851.6 -851.6
 -7839 7839
 -1445 1445
 70.71 -70.71
 1679 -1679
 -1.063e+04 1.063e+04
 -2304 2304
 -4730 4730
 -911.3 911.3
 2118 -2118
 8001 -8001
 356.1 -356.1
 -746.7 746.7
 1.305e+04 -1.305e+04
 -815.5 815.5
 -2891 2891
 6161 -6161
 340 -340
 -765.3 765.3
 720.6 -720.6
 2274 -2274
 -4810 4810
 -6124 6124
 1427 -1427
 5659 -5659
 -1169 1169
 2156 -2156
 2037 -2037
 3048 -3048
 5647 -5647
 -1483 1483
 1290 -1290
 679.7 -679.7
 3957 -3957
 -3018 3018
 4026 -4026
 -2852 2852
 -6799 6799
 -4093 4093
 -203.2 203.2
 8202 -8202
 -1.862e+04 1.862e+04
 2122 -2122
 5749 -5749
 -1.606e+04 1.606e+04
 -3406 3406
 -2853 2853
 4023 -4023
 -76.42 76.42
 8996 -8996
 -3648 3648
 473.6 -473.6
 -2961 2961
 5411 -5411
 -382.4 382.4
 3831 -3831
 -1.736e+04 1.736e+04
 -1991 1991
 -2009 2009
 -997.2 997.2
 -1838 1838
 3871 -3871
 -3005 3005
 5177 -5177
 -3131 3131
 9374 -9374
 -833.1 833.1
 -4744 4744
 3159 -3159
 877.1 -877.1
 -9783 9783
 4475 -4475
 1.223e+04 -1.223e+04
 -1070 1070
 -3332 3332
 -1799 1799
 2697 -2697
 -7251 7251
 509 -509
 -132 132
 5119 -5119
 -5846 5846
 -9364 9364
 3394 -3394
 1.337e+04 -1.337e+04
 5471 -5471
 -442.9 442.9
 796.9 -796.9
 -4166 4166
 -1964 1964
 3440 -3440
 -4257 4257
 3898 -3898
 3156 -3156
 -504.7 504.7
 -5016 5016
 8376 -8376
 -3293 3293
 602 -602
 -407.9 407.9
 -6171 6171
 -1.139e+04 1.139e+04
 8403 -8403
 -1011 1011
 -3168 3168
 8807 -8807
 -5165 5165
 2147 -2147
 -8785 8785
 4009 -4009
 889.1 -889.1
 -2232 2232
 -682.3 682.3
 -4312 4312
 -4977 4977
 -1355 1355
 -5649 5649
 -103.4 103.4
 1.522e+04 -1.522e+04
 2951 -2951
 -3643 3643
 -8441 8441
 1.006e+04 -1.006e+04
 -2845 2845
 3579 -3579
 -902.5 902.5
 -3617 3617
 -2051 2051
 7812 -7812
 -1.966e+04 1.966e+04
 1777 -1777
 -4891 4891
 6007 -6007
 -4249 4249
 1.26e+04 -1.26e+04
 -1834 1834
 -5024 5024
 1045 -1045
 4951 -4951
 -3744 3744
 -206.7 206.7
 5890 -5890
 5967 -5967
 6419 -6419
 5843 -5843
 1471 -1471
 -1177 1177
 2448 -2448
 -7489 7489
 3034 -3034
 1.001e+04 -1.001e+04
 2242 -2242
 -7144 7144
 2750 -2750
 -1814 1814
 -2187 2187
 -6774 6774
 8318 -8318
 3877 -3877
 -7520 7520
 -1939 1939
 -3476 3476
 -376.3 376.3
 -4974 4974
 -6405 6405
 4500 -4500
 1821 -1821
 -2455 2455
 -7219 7219
 7578 -7578
 3156 -3156
 3267 -3267
 1772 -1772
 -2915 2915
 4227 -4227
 1876 -1876
 1.103e+04 -1.103e+04
 7407 -7407
 -592.7 592.7
 1.417e+04 -1.417e+04
 -3017 3017
 1183 -1183
 -4869 4869
 2904 -2904
 2594 -2594
 609.6 -609.6
 627.9 -627.9
 138 -138
 1.017e+04 -1.017e+04
 717.9 -717.9
 -5214 5214
 -3496 3496
 -765.7 765.7
 -571.8 571.8
 3357 -3357
 3161 -3161
 -826.2 826.2
 -7152 7152
 -2544 2544
 -5870 5870
 2561 -2561
 3318 -3318
 479.8 -479.8
 1.029e+04 -1.029e+04
 2196 -2196
 2894 -2894
 -2158 2158
 5026 -5026
 -9448 9448
 -617.2 617.2
 -1.544e+04 1.544e+04
 1.098e+04 -1.098e+04
 1985 -1985
 16.89 -16.89
 1671 -1671
 -1.345e+04 1.345e+04
 -1696 1696
 6081 -6081
 416.4 -416.4
 -5784 5784
 -132.8 132.8
 4713 -4713
 -1.003e+04 1.003e+04
 4036 -4036
 795.5 -795.5
 5081 -5081
 -1803 1803
 1100 -1100
 1683 -1683
 -149 149
 1.066e+04 -1.066e+04
 -7419 7419
 -1.011e+04 1.011e+04
 6179 -6179
 -6914 6914
 282.4 -282.4
 3947 -3947
 -1818 1818
 -2623 2623
 5306 -5306
 2.351e+04 -2.351e+04
 4047 -4047
 -412.6 412.6
 -5067 5067
 2568 -2568
 9044 -9044
 3576 -3576
 159 -159
 1644 -1644
 -6306 6306
 1693 -1693
 2097 -2097
 -6128 6128
 -4691 4691
 1142 -1142
 -667.2 667.2
 1.224e+04 -1.224e+04
 6734 -6734
 1.01e+04 -1.01e+04
 -413.8 413.8
 -5616 5616
 -4044 4044
 5057 -5057
 344.5 -344.5
 -3053 3053
 8997 -8997
 2455 -2455
 8306 -8306
 6707 -6707
 -2691 2691
 -1170 1170
 -1.176e+04 1.176e+04
 -3405 3405
 -2843 2843
 5106 -5106
 -4695 4695
 -2762 2762
 -669 669
 1.067e+04 -1.067e+04
 -8437 8437
 -5952 5952
 -6229 6229
 5363 -5363
 -1880 1880
 2297 -2297
 4367 -4367
 -9649 9649
 2975 -2975
 -1.351e+04 1.351e+04
 4490 -4490
 3431 -3431
 -3671 3671
 -1.279e+04 1.279e+04
 -1.279e+04 1.279e+04
 1083 -1083
 -930 930
 9721 -9721
 -489.8 489.8
 -1.539e+04 1.539e+04
 -3355 3355
 -5054 5054
 -407.3 407.3
 -3877 3877
 293.9 -293.9
 4962 -4962
 1959 -1959
 9252 -9252
 6599 -6599
 -3205 3205
 -2034 2034
 -908.7 908.7
 483.2 -483.2
 -9974 9974
 -574.5 574.5
 2139 -2139
 -2606 2606
 3272 -3272
 -867.7 867.7
 8877 -8877
 -1038 1038
 -6444 6444
 -4011 4011
 3560 -3560
 -3208 3208
 -958.2 958.2
 1229 -1229
 -688.4 688.4
 -2949 2949
 1.182e+04 -1.182e+04
 -4521 4521
 1044 -1044
 -1561 1561
 3757 -3757
 -9996 9996
 -4.369 4.369
 3747 -3747
 -2570 2570
 8075 -8075
 1400 -1400
 7836 -7836
 -6426 6426
 1.673e+04 -1.673e+04
 3693 -3693
 -5119 5119
 -2712 2712
 -6654 6654
 -1417 1417
 -637.3 637.3
 -2429 2429
 8854 -8854
 -5620 5620
 6049 -6049
 1860 -1860
 -4965 4965
 -1334 1334
 -3953 3953
 1953 -1953
 -1.34e+04 1.34e+04
 468.5 -468.5
 -4808 4808
 -1486 1486
 -1.478e+04 1.478e+04
 9019 -9019
 3075 -3075
 -6747 6747
 -3351 3351
 2318 -2318
 334.1 -334.1
 1.051e+04 -1.051e+04
 -302.2 302.2
 154.9 -154.9
 1.146e+04 -1.146e+04
 1375 -1375
 -605.9 605.9
 9243 -9243
 1780 -1780
 1.264e+04 -1.264e+04
 -1298 1298
 -89.23 89.23
 -778.7 778.7
 1242 -1242
 5571 -5571
 1167 -1167
 7978 -7978
 -2202 2202
 4498 -4498
 -2392 2392
 2487 -2487
 3487 -3487
 -4716 4716
 205.1 -205.1
 882 -882
 -6368 6368
 -397.5 397.5
 6308 -6308
 -4659 4659
 -987.6 987.6
 -4463 4463
 4180 -4180
 -1019 1019
 -4471 4471
 1851 -1851
 2943 -2943
 -766.7 766.7
 -47.37 47.37
 1471 -1471
 -1.192e+04 1.192e+04
 -286.5 286.5
 -2929 2929
 -7313 7313
 524.4 -524.4
 -1212 1212
 -4199 4199
 -1661 1661
 -8633 8633
 -7645 7645
 -1038 1038
 8140 -8140
 -1.567e+04 1.567e+04
 4240 -4240
 4335 -4335
 -8796 8796
 -619.1 619.1
 -1229 1229
 -1.093e+04 1.093e+04
 -8032 8032
 -684.7 684.7
 -1852 1852
 8366 -8366
 -690.1 690.1
 -2238 2238
 -2186 2186
 2950 -2950
 -3180 3180
 2432 -2432
 -4554 4554
 1124 -1124
 -1362 1362
 -8840 8840
 1121 -1121
 6104 -6104
 -7571 7571
 5062 -5062
 -1.229e+04 1.229e+04
 3598 -3598
 -4322 4322
 5069 -5069
 1056 -1056
 -1015 1015
 8243 -8243
 -1321 1321
 -5433 5433
 430.8 -430.8
 2908 -2908
 -1.403e+04 1.403e+04
 1.435e+04 -1.435e+04
 952.3 -952.3
 1.032e+04 -1.032e+04
 -531.4 531.4
 -7500 7500
 -5058 5058
 -5525 5525
 -2830 2830
 6197 -6197
 -1.216e+04 1.216e+04
 4284 -4284
 -4952 4952
 -7646 7646
 1717 -1717
 8093 -8093
 -3144 3144
 7653 -7653
 -5365 5365
 6409 -6409
 -937.8 937.8
 3395 -3395
 -7503 7503
 415.4 -415.4
 -781.9 781.9
 4510 -4510
 -743.2 743.2
 1867 -1867
 -2178 2178
 -5165 5165
 440.9 -440.9
 8938 -8938
 1952 -1952
 -4334 4334
 -3615 3615
 -1578 1578
 2027 -2027
 4906 -4906
 1.446e+04 -1.446e+04
 -6131 6131
 -880.4 880.4
 -877 877
 6533 -6533
 4072 -4072
 -1379 1379
 7139 -7139
 3818 -3818
 -1840 1840
 -4934 4934
 9927 -9927
 2.041e+04 -2.041e+04
 2122 -2122
 2882 -2882
 727.3 -727.3
 5353 -5353
 -2452 2452
 4363 -4363
 -5062 5062
 6022 -6022
 606.4 -606.4
 -7645 7645
 -4244 4244
