# Created by Octave 5.2.0, Fri Sep 25 00:14:53 2020 CEST <jiwidi@land>
# name: w
# type: matrix
# rows: 2001
# columns: 2
 0 0
 117.7 -117.7
 -78 78
 149.5 -149.5
 -12.95 12.95
 44.7 -44.7
 146.3 -146.3
 -41.78 41.78
 36.18 -36.18
 -51.75 51.75
 38.08 -38.08
 13.04 -13.04
 7.089 -7.089
 39.16 -39.16
 -38.29 38.29
 -124.1 124.1
 78.01 -78.01
 -70.32 70.32
 130.4 -130.4
 0.5724 -0.5724
 -24.04 24.04
 -91.08 91.08
 24.02 -24.02
 -23.99 23.99
 45.11 -45.11
 -141.2 141.2
 3.384 -3.384
 41.35 -41.35
 -38.39 38.39
 4.102 -4.102
 -35.54 35.54
 58.38 -58.38
 27.68 -27.68
 18.91 -18.91
 57.14 -57.14
 -249.4 249.4
 -168.3 168.3
 -29.34 29.34
 -80.44 80.44
 -36.65 36.65
 -69.69 69.69
 114.4 -114.4
 -16.61 16.61
 -88.66 88.66
 22.13 -22.13
 71.22 -71.22
 -48.02 48.02
 196.4 -196.4
 -27.54 27.54
 84.33 -84.33
 67.77 -67.77
 14.33 -14.33
 15.41 -15.41
 -92.99 92.99
 226.1 -226.1
 153.7 -153.7
 17.04 -17.04
 22.63 -22.63
 -1.834 1.834
 -135.9 135.9
 48.67 -48.67
 -71.19 71.19
 -4.113 4.113
 59.75 -59.75
 -73.83 73.83
 9.073 -9.073
 115.7 -115.7
 7.115 -7.115
 100.9 -100.9
 53.57 -53.57
 -117.5 117.5
 -127.2 127.2
 -22.4 22.4
 127.1 -127.1
 185.7 -185.7
 -70.35 70.35
 -361.8 361.8
 -83.84 83.84
 75.33 -75.33
 -45.9 45.9
 18.42 -18.42
 28.46 -28.46
 -71.85 71.85
 32.02 -32.02
 78.4 -78.4
 15.9 -15.9
 -92.54 92.54
 -52.69 52.69
 -32.4 32.4
 -85.94 85.94
 19.88 -19.88
 92.56 -92.56
 44.9 -44.9
 -9.328 9.328
 103.1 -103.1
 -11.77 11.77
 -23.9 23.9
 12.59 -12.59
 -46.12 46.12
 -12.92 12.92
 60.32 -60.32
 99.15 -99.15
 -52.13 52.13
 -142 142
 69.63 -69.63
 51.89 -51.89
 9.681 -9.681
 30.43 -30.43
 71.75 -71.75
 28.77 -28.77
 181.3 -181.3
 -88.51 88.51
 32.78 -32.78
 3.858 -3.858
 -35.56 35.56
 -57.15 57.15
 16.66 -16.66
 -27.58 27.58
 -118.2 118.2
 -48.16 48.16
 30.9 -30.9
 197.1 -197.1
 -172.4 172.4
 31.17 -31.17
 65.69 -65.69
 -252.9 252.9
 -54.17 54.17
 3.574 -3.574
 25.95 -25.95
 -53.2 53.2
 215 -215
 11.73 -11.73
 47.39 -47.39
 -54.19 54.19
 96.72 -96.72
 -63.14 63.14
 30.8 -30.8
 -243.2 243.2
 -45.96 45.96
 -9.19 9.19
 -69.8 69.8
 -58.55 58.55
 27.05 -27.05
 28.07 -28.07
 57.6 -57.6
 -35.55 35.55
 122.4 -122.4
 -15.07 15.07
 -110.3 110.3
 18.93 -18.93
 39.85 -39.85
 -150.8 150.8
 104.8 -104.8
 159.6 -159.6
 11.59 -11.59
 -22.18 22.18
 -70.76 70.76
 45.06 -45.06
 -150.7 150.7
 11.74 -11.74
 7.692 -7.692
 117 -117
 -90.99 90.99
 -195.9 195.9
 115.3 -115.3
 231.6 -231.6
 128.9 -128.9
 10.73 -10.73
 12.43 -12.43
 -79.87 79.87
 5.606 -5.606
 114.8 -114.8
 -21.83 21.83
 32.65 -32.65
 85.24 -85.24
 13.49 -13.49
 -127.4 127.4
 128.9 -128.9
 -89.24 89.24
 -11.88 11.88
 20.53 -20.53
 -72.79 72.79
 -149.6 149.6
 92.24 -92.24
 30.7 -30.7
 -50.85 50.85
 152 -152
 -68.57 68.57
 -1.082 1.082
 -182.1 182.1
 53.89 -53.89
 27.11 -27.11
 -9.3 9.3
 11.41 -11.41
 -58.23 58.23
 -97.74 97.74
 33.25 -33.25
 -58.61 58.61
 -23.34 23.34
 227.7 -227.7
 37.6 -37.6
 -89.82 89.82
 -85.4 85.4
 69.44 -69.44
 -43.15 43.15
 -13.93 13.93
 -86.8 86.8
 -137.8 137.8
 -50.31 50.31
 175.6 -175.6
 -254.1 254.1
 35.79 -35.79
 -59.93 59.93
 32.23 -32.23
 -82.28 82.28
 172.7 -172.7
 -24.54 24.54
 -122 122
 98.25 -98.25
 25.34 -25.34
 -65.15 65.15
 2.569 -2.569
 99.02 -99.02
 92.66 -92.66
 48.35 -48.35
 95.38 -95.38
 -6.478 6.478
 -99.61 99.61
 16.19 -16.19
 -110.4 110.4
 100.1 -100.1
 97.4 -97.4
 14.82 -14.82
 -120.5 120.5
 29.09 -29.09
 -48.88 48.88
 -27.34 27.34
 -68.2 68.2
 117.8 -117.8
 73.58 -73.58
 -72.41 72.41
 10.55 -10.55
 -56.34 56.34
 3.844 -3.844
 -79.22 79.22
 -34.55 34.55
 62.74 -62.74
 6.715 -6.715
 -44.49 44.49
 -95.93 95.93
 93.25 -93.25
 45.25 -45.25
 53.8 -53.8
 67.05 -67.05
 -22.82 22.82
 83.23 -83.23
 48.6 -48.6
 161.9 -161.9
 92.8 -92.8
 -3.219 3.219
 204.4 -204.4
 -51.35 51.35
 21.02 -21.02
 -110 110
 57.74 -57.74
 34.31 -34.31
 46.26 -46.26
 -33.12 33.12
 44.11 -44.11
 140.2 -140.2
 -39.1 39.1
 22.08 -22.08
 -22.33 22.33
 18.05 -18.05
 19.82 -19.82
 49.14 -49.14
 58.28 -58.28
 52.72 -52.72
 -102.7 102.7
 -102.7 102.7
 -63.35 63.35
 53.45 -53.45
 40.4 -40.4
 9.455 -9.455
 133.8 -133.8
 15.34 -15.34
 -19.6 19.6
 0.9775 -0.9775
 36.16 -36.16
 -110.5 110.5
 -40.81 40.81
 -209.5 209.5
 209.7 -209.7
 39.24 -39.24
 -23.64 23.64
 58.3 -58.3
 -291.7 291.7
 -22.59 22.59
 101.7 -101.7
 14.48 -14.48
 -113.9 113.9
 -11.86 11.86
 15.95 -15.95
 -145.4 145.4
 31.33 -31.33
 34 -34
 63.72 -63.72
 -46.45 46.45
 -93.65 93.65
 23.91 -23.91
 37.32 -37.32
 177.2 -177.2
 -114 114
 -61.84 61.84
 116.7 -116.7
 -131.7 131.7
 10.3 -10.3
 133.8 -133.8
 -46.85 46.85
 -10.79 10.79
 59.15 -59.15
 362.9 -362.9
 63.93 -63.93
 26.19 -26.19
 -16.27 16.27
 25.13 -25.13
 151.4 -151.4
 -7.28 7.28
 4.926 -4.926
 37.17 -37.17
 -45.3 45.3
 24.52 -24.52
 -67.53 67.53
 -68.73 68.73
 -53.05 53.05
 69.93 -69.93
 -17.95 17.95
 105.5 -105.5
 35.15 -35.15
 181 -181
 5.966 -5.966
 -74.48 74.48
 -89.72 89.72
 74.69 -74.69
 -8.743 8.743
 -23.16 23.16
 121 -121
 78.96 -78.96
 156.5 -156.5
 132.8 -132.8
 -38.17 38.17
 -35.12 35.12
 -210.9 210.9
 -68.13 68.13
 21.62 -21.62
 79.63 -79.63
 -136.4 136.4
 9.312 -9.312
 -3.452 3.452
 165.3 -165.3
 -153 153
 -123.7 123.7
 -69.74 69.74
 101.5 -101.5
 31.77 -31.77
 14.58 -14.58
 109.2 -109.2
 -204.9 204.9
 59.44 -59.44
 -312.2 312.2
 78.34 -78.34
 73.34 -73.34
 -46.82 46.82
 -125.6 125.6
 -169 169
 6.491 -6.491
 52.74 -52.74
 166.3 -166.3
 -22.91 22.91
 -207 207
 -15.96 15.96
 -141 141
 -8.042 8.042
 -106.6 106.6
 56.96 -56.96
 138.3 -138.3
 -3.611 3.611
 124.6 -124.6
 48.89 -48.89
 -29.91 29.91
 -28.35 28.35
 -82.5 82.5
 34.94 -34.94
 -123.2 123.2
 26.47 -26.47
 -59.38 59.38
 -1.717 1.717
 37.54 -37.54
 -18.21 18.21
 194.3 -194.3
 -6.614 6.614
 -123.5 123.5
 -69.26 69.26
 -17.06 17.06
 -89.55 89.55
 -93.79 93.79
 15.2 -15.2
 13.99 -13.99
 -68.09 68.09
 184.1 -184.1
 -61.45 61.45
 8.062 -8.062
 -37.07 37.07
 15.49 -15.49
 -233.2 233.2
 17.87 -17.87
 124.5 -124.5
 -91.37 91.37
 111 -111
 42.15 -42.15
 179.8 -179.8
 -65.32 65.32
 267 -267
 46.99 -46.99
 -98.18 98.18
 -69.42 69.42
 -62.81 62.81
 -33.13 33.13
 -31.86 31.86
 -0.2947 0.2947
 176.1 -176.1
 -65.26 65.26
 140.2 -140.2
 -14.75 14.75
 -161.5 161.5
 -35.74 35.74
 -63.3 63.3
 44.01 -44.01
 -128.8 128.8
 -12.23 12.23
 -65.81 65.81
 -14.81 14.81
 -187.4 187.4
 154.2 -154.2
 17.03 -17.03
 -82.88 82.88
 -18.89 18.89
 -27.77 27.77
 46.44 -46.44
 179 -179
 -65.64 65.64
 -15.09 15.09
 166.8 -166.8
 35.42 -35.42
 63.78 -63.78
 150.9 -150.9
 -44.89 44.89
 179.6 -179.6
 0.9632 -0.9632
 70.9 -70.9
 -36.47 36.47
 58.62 -58.62
 100.8 -100.8
 -2.158 2.158
 160.1 -160.1
 28.74 -28.74
 52.56 -52.56
 -8.174 8.174
 17.96 -17.96
 7.092 -7.092
 -91.37 91.37
 0.3652 -0.3652
 10.25 -10.25
 -88.3 88.3
 39.06 -39.06
 172.7 -172.7
 10.36 -10.36
 -26.02 26.02
 -8.697 8.697
 22.38 -22.38
 -18.67 18.67
 -23.99 23.99
 29.67 -29.67
 -4.12 4.12
 -28.14 28.14
 -2.607 2.607
 -3.245 3.245
 -263 263
 -24.74 24.74
 -21.25 21.25
 -47.62 47.62
 23.57 -23.57
 -4.017 4.017
 -47.83 47.83
 -25.19 25.19
 -152.8 152.8
 -119 119
 -71.61 71.61
 86.65 -86.65
 -241.9 241.9
 28.5 -28.5
 133.4 -133.4
 -134.1 134.1
 -28.01 28.01
 -43.12 43.12
 -179.7 179.7
 -72.17 72.17
 79.16 -79.16
 19.64 -19.64
 175.7 -175.7
 -19.56 19.56
 -28.03 28.03
 -72.1 72.1
 5.446 -5.446
 -62.26 62.26
 -122.7 122.7
 -64.71 64.71
 -6.537 6.537
 -36.38 36.38
 -161 161
 -1.121 1.121
 139.4 -139.4
 -124.2 124.2
 39.56 -39.56
 -285.7 285.7
 69.76 -69.76
 -0.6917 0.6917
 12.23 -12.23
 8.619 -8.619
 -5.306 5.306
 179.1 -179.1
 -19.24 19.24
 -123.9 123.9
 81.35 -81.35
 44.48 -44.48
 -196.3 196.3
 186 -186
 -5.174 5.174
 113.8 -113.8
 -12.62 12.62
 -147.9 147.9
 -80.52 80.52
 19.99 -19.99
 -49.25 49.25
 128.8 -128.8
 -161.6 161.6
 103.3 -103.3
 -90.56 90.56
 -138.5 138.5
 -34.54 34.54
 181.1 -181.1
 -56.93 56.93
 176.7 -176.7
 -81.72 81.72
 82.88 -82.88
 0.6666 -0.6666
 35.63 -35.63
 -133 133
 -28.66 28.66
 -3.378 3.378
 84.44 -84.44
 -39.53 39.53
 37.05 -37.05
 -5.117 5.117
 -44.26 44.26
 -52.2 52.2
 115.9 -115.9
 2.518 -2.518
 28.78 -28.78
 -46.96 46.96
 30.25 -30.25
 30.83 -30.83
 -0.7362 0.7362
 252.3 -252.3
