# Created by Octave 5.2.0, Fri Sep 25 00:39:45 2020 CEST <jiwidi@land>
# name: w
# type: matrix
# rows: 2001
# columns: 2
 0 0
 8.235e+04 -8.235e+04
 1.069e+04 -1.069e+04
 1.312e+05 -1.312e+05
 4708 -4708
 2.199e+04 -2.199e+04
 8.939e+04 -8.939e+04
 -2.013e+04 2.013e+04
 3.599e+04 -3.599e+04
 -9776 9776
 -2.946e+04 2.946e+04
 1.105e+04 -1.105e+04
 1933 -1933
 2.084e+04 -2.084e+04
 -2.839e+04 2.839e+04
 -6.662e+04 6.662e+04
 3.375e+04 -3.375e+04
 -6.415e+04 6.415e+04
 6.99e+04 -6.99e+04
 -4075 4075
 -1.383e+04 1.383e+04
 -7.15e+04 7.15e+04
 4.852e+04 -4.852e+04
 -1965 1965
 1050 -1050
 -5.686e+04 5.686e+04
 -818.9 818.9
 -1.408e+04 1.408e+04
 -2.769e+04 2.769e+04
 3.517e+04 -3.517e+04
 -6.199e+04 6.199e+04
 4448 -4448
 2.382e+04 -2.382e+04
 -2447 2447
 4.37e+04 -4.37e+04
 -1.317e+05 1.317e+05
 -1.222e+05 1.222e+05
 -4.071e+04 4.071e+04
 -6.176e+04 6.176e+04
 -2.276e+04 2.276e+04
 -2143 2143
 3.678e+04 -3.678e+04
 -2.618e+04 2.618e+04
 -6.612e+04 6.612e+04
 -3.686e+04 3.686e+04
 2.972e+04 -2.972e+04
 -5.643e+04 5.643e+04
 1.046e+05 -1.046e+05
 -3736 3736
 4.319e+04 -4.319e+04
 1.947e+04 -1.947e+04
 -2.383e+04 2.383e+04
 2036 -2036
 -7.998e+04 7.998e+04
 6.918e+04 -6.918e+04
 7.003e+04 -7.003e+04
 -1.588e+04 1.588e+04
 2.603e+04 -2.603e+04
 -7175 7175
 -9.212e+04 9.212e+04
 9877 -9877
 -2.012e+04 2.012e+04
 -5570 5570
 5.349e+04 -5.349e+04
 -4.18e+04 4.18e+04
 -1.692e+04 1.692e+04
 7.354e+04 -7.354e+04
 3673 -3673
 4.445e+04 -4.445e+04
 6186 -6186
 2.54e+04 -2.54e+04
 -1.121e+05 1.121e+05
 -1.202e+04 1.202e+04
 2.864e+04 -2.864e+04
 1.042e+05 -1.042e+05
 -5.05e+04 5.05e+04
 -2.251e+05 2.251e+05
 -6.238e+04 6.238e+04
 4.887e+04 -4.887e+04
 -8.703e+04 8.703e+04
 1.543e+04 -1.543e+04
 6431 -6431
 -6.645e+04 6.645e+04
 -2.669e+04 2.669e+04
 -906.1 906.1
 9847 -9847
 -1.049e+05 1.049e+05
 -1.333e+04 1.333e+04
 -3.839e+04 3.839e+04
 -4.318e+04 4.318e+04
 1.322e+04 -1.322e+04
 8.126e+04 -8.126e+04
 1531 -1531
 -5104 5104
 1.283e+05 -1.283e+05
 -8183 8183
 -1.608e+04 1.608e+04
 5.051e+04 -5.051e+04
 2389 -2389
 -8874 8874
 -585.8 585.8
 1.191e+04 -1.191e+04
 -4.523e+04 4.523e+04
 -2.762e+04 2.762e+04
 1.118e+04 -1.118e+04
 4.879e+04 -4.879e+04
 -3.797e+04 3.797e+04
 9991 -9991
 1.182e+04 -1.182e+04
 3.446e+04 -3.446e+04
 4.743e+04 -4.743e+04
 -7848 7848
 3332 -3332
 1.341e+04 -1.341e+04
 2.3e+04 -2.3e+04
 -3.799e+04 3.799e+04
 3.509e+04 -3.509e+04
 -2.115e+04 2.115e+04
 -5.901e+04 5.901e+04
 -3.217e+04 3.217e+04
 1.346e+04 -1.346e+04
 7.767e+04 -7.767e+04
 -1.704e+05 1.704e+05
 1.01e+04 -1.01e+04
 6.163e+04 -6.163e+04
 -1.353e+05 1.353e+05
 -2.931e+04 2.931e+04
 -2.071e+04 2.071e+04
 2.899e+04 -2.899e+04
 -6331 6331
 6.837e+04 -6.837e+04
 -4.134e+04 4.134e+04
 -6182 6182
 -3.609e+04 3.609e+04
 2.816e+04 -2.816e+04
 3851 -3851
 3.981e+04 -3.981e+04
 -1.55e+05 1.55e+05
 -1.519e+04 1.519e+04
 -1.55e+04 1.55e+04
 -2510 2510
 -1.272e+04 1.272e+04
 3.574e+04 -3.574e+04
 -1.174e+04 1.174e+04
 4.622e+04 -4.622e+04
 -1.827e+04 1.827e+04
 7.585e+04 -7.585e+04
 -1.029e+04 1.029e+04
 -5.612e+04 5.612e+04
 3.484e+04 -3.484e+04
 1.773e+04 -1.773e+04
 -8.247e+04 8.247e+04
 5.569e+04 -5.569e+04
 1.18e+05 -1.18e+05
 -4577 4577
 -2.979e+04 2.979e+04
 -2.157e+04 2.157e+04
 2.589e+04 -2.589e+04
 -6.616e+04 6.616e+04
 1.01e+04 -1.01e+04
 6788 -6788
 4.239e+04 -4.239e+04
 -5.594e+04 5.594e+04
 -7.53e+04 7.53e+04
 2.648e+04 -2.648e+04
 9.834e+04 -9.834e+04
 2.027e+04 -2.027e+04
 -1.481e+04 1.481e+04
 9935 -9935
 -3.471e+04 3.471e+04
 -1.704e+04 1.704e+04
 2.253e+04 -2.253e+04
 -4.32e+04 4.32e+04
 3.589e+04 -3.589e+04
 2.84e+04 -2.84e+04
 -5515 5515
 -4.136e+04 4.136e+04
 7.728e+04 -7.728e+04
 -1.203e+04 1.203e+04
 8434 -8434
 -6601 6601
 -6.254e+04 6.254e+04
 -9.958e+04 9.958e+04
 8.417e+04 -8.417e+04
 -6621 6621
 -2.631e+04 2.631e+04
 6.644e+04 -6.644e+04
 -3.625e+04 3.625e+04
 1.574e+04 -1.574e+04
 -7.312e+04 7.312e+04
 3.433e+04 -3.433e+04
 1.359e+04 -1.359e+04
 -1.332e+04 1.332e+04
 -1.253e+04 1.253e+04
 -4.085e+04 4.085e+04
 -4.96e+04 4.96e+04
 -1.858e+04 1.858e+04
 -5.77e+04 5.77e+04
 3238 -3238
 1.374e+05 -1.374e+05
 3.625e+04 -3.625e+04
 -4.014e+04 4.014e+04
 -8.539e+04 8.539e+04
 9.177e+04 -9.177e+04
 -3.406e+04 3.406e+04
 3.092e+04 -3.092e+04
 -2.821e+04 2.821e+04
 -2.815e+04 2.815e+04
 -1.798e+04 1.798e+04
 5.832e+04 -5.832e+04
 -1.93e+05 1.93e+05
 1.207e+04 -1.207e+04
 -5.523e+04 5.523e+04
 4.593e+04 -4.593e+04
 -4.314e+04 4.314e+04
 9.764e+04 -9.764e+04
 -1.893e+04 1.893e+04
 -3.904e+04 3.904e+04
 1164 -1164
 6.057e+04 -6.057e+04
 -2.718e+04 2.718e+04
 -1.313e+04 1.313e+04
 7.387e+04 -7.387e+04
 5.02e+04 -5.02e+04
 6.477e+04 -6.477e+04
 3.79e+04 -3.79e+04
 2.87e+04 -2.87e+04
 -3723 3723
 3.187e+04 -3.187e+04
 -7.5e+04 7.5e+04
 2.426e+04 -2.426e+04
 1.052e+05 -1.052e+05
 1.101e+04 -1.101e+04
 -7.969e+04 7.969e+04
 2.803e+04 -2.803e+04
 -1.998e+04 1.998e+04
 -2.999e+04 2.999e+04
 -6.527e+04 6.527e+04
 7.314e+04 -7.314e+04
 3.535e+04 -3.535e+04
 -8.705e+04 8.705e+04
 -2.614e+04 2.614e+04
 -3.634e+04 3.634e+04
 5576 -5576
 -4.628e+04 4.628e+04
 -6.02e+04 6.02e+04
 3.372e+04 -3.372e+04
 3.506e+04 -3.506e+04
 -1.863e+04 1.863e+04
 -7.231e+04 7.231e+04
 8.557e+04 -8.557e+04
 2.252e+04 -2.252e+04
 2.353e+04 -2.353e+04
 2.643e+04 -2.643e+04
 -1.913e+04 1.913e+04
 2.725e+04 -2.725e+04
 1.481e+04 -1.481e+04
 1.221e+05 -1.221e+05
 8.501e+04 -8.501e+04
 -7510 7510
 1.053e+05 -1.053e+05
 -2.152e+04 2.152e+04
 1019 -1019
 -3.683e+04 3.683e+04
 2.59e+04 -2.59e+04
 2.22e+04 -2.22e+04
 1.124e+04 -1.124e+04
 6533 -6533
 4128 -4128
 8.548e+04 -8.548e+04
 6564 -6564
 -5.809e+04 5.809e+04
 -5.71e+04 5.71e+04
 699.1 -699.1
 -8107 8107
 3.294e+04 -3.294e+04
 1.925e+04 -1.925e+04
 -835.5 835.5
 -6.148e+04 6.148e+04
 -2768 2768
 -5.981e+04 5.981e+04
 1.44e+04 -1.44e+04
 2.691e+04 -2.691e+04
 4486 -4486
 8.31e+04 -8.31e+04
 2.577e+04 -2.577e+04
 2.239e+04 -2.239e+04
 -2.462e+04 2.462e+04
 3.238e+04 -3.238e+04
 -9.189e+04 9.189e+04
 4393 -4393
 -1.426e+05 1.426e+05
 9.795e+04 -9.795e+04
 1.617e+04 -1.617e+04
 8990 -8990
 7785 -7785
 -1.286e+05 1.286e+05
 -1.647e+04 1.647e+04
 4.555e+04 -4.555e+04
 1.645e+04 -1.645e+04
 -4.274e+04 4.274e+04
 741.7 -741.7
 4.649e+04 -4.649e+04
 -8.046e+04 8.046e+04
 4.575e+04 -4.575e+04
 7128 -7128
 5.411e+04 -5.411e+04
 -8332 8332
 5786 -5786
 1.951e+04 -1.951e+04
 366 -366
 1.257e+05 -1.257e+05
 -7.253e+04 7.253e+04
 -9.291e+04 9.291e+04
 4.54e+04 -4.54e+04
 -5.854e+04 5.854e+04
 1331 -1331
 4.876e+04 -4.876e+04
 -9768 9768
 -9353 9353
 5.105e+04 -5.105e+04
 2.206e+05 -2.206e+05
 3.661e+04 -3.661e+04
 -4415 4415
 -4.377e+04 4.377e+04
 3.251e+04 -3.251e+04
 8.161e+04 -8.161e+04
 4.451e+04 -4.451e+04
 2.918e+04 -2.918e+04
 3.012e+04 -3.012e+04
 -7.255e+04 7.255e+04
 1.284e+04 -1.284e+04
 2.311e+04 -2.311e+04
 -5.927e+04 5.927e+04
 -3.325e+04 3.325e+04
 1.027e+04 -1.027e+04
 -3388 3388
 1.012e+05 -1.012e+05
 6.404e+04 -6.404e+04
 9.184e+04 -9.184e+04
 6390 -6390
 -3.747e+04 3.747e+04
 -1.713e+04 1.713e+04
 5.902e+04 -5.902e+04
 -2.136e+04 2.136e+04
 -3.138e+04 3.138e+04
 8.74e+04 -8.74e+04
 1.574e+04 -1.574e+04
 7.602e+04 -7.602e+04
 3.082e+04 -3.082e+04
 -2.397e+04 2.397e+04
 -2048 2048
 -1.091e+05 1.091e+05
 -2.764e+04 2.764e+04
 -2.911e+04 2.911e+04
 3.867e+04 -3.867e+04
 -3.97e+04 3.97e+04
 -2.055e+04 2.055e+04
 -4420 4420
 1.044e+05 -1.044e+05
 -7.908e+04 7.908e+04
 -3.457e+04 3.457e+04
 -5.051e+04 5.051e+04
 4.583e+04 -4.583e+04
 -1.988e+04 1.988e+04
 1.699e+04 -1.699e+04
 3.43e+04 -3.43e+04
 -9.411e+04 9.411e+04
 1.282e+04 -1.282e+04
 -1.162e+05 1.162e+05
 3.783e+04 -3.783e+04
 3.467e+04 -3.467e+04
 -2.623e+04 2.623e+04
 -1.18e+05 1.18e+05
 -1.055e+05 1.055e+05
 8776 -8776
 -1.059e+04 1.059e+04
 9.269e+04 -9.269e+04
 1.438e+04 -1.438e+04
 -1.357e+05 1.357e+05
 -4.041e+04 4.041e+04
 -4.432e+04 4.432e+04
 -7700 7700
 -3.603e+04 3.603e+04
 3895 -3895
 6.143e+04 -6.143e+04
 2.721e+04 -2.721e+04
 8.853e+04 -8.853e+04
 5.864e+04 -5.864e+04
 -4.486e+04 4.486e+04
 -6059 6059
 -5385 5385
 1.121e+04 -1.121e+04
 -1.114e+05 1.114e+05
 475.8 -475.8
 2.091e+04 -2.091e+04
