# Created by Octave 5.2.0, Fri Sep 25 00:44:00 2020 CEST <jiwidi@land>
# name: w
# type: matrix
# rows: 2001
# columns: 2
 0 0
 8.06e+05 -8.06e+05
 8.285e+04 -8.285e+04
 1.26e+06 -1.26e+06
 3.64e+04 -3.64e+04
 1.639e+05 -1.639e+05
 8.347e+05 -8.347e+05
 -1.841e+05 1.841e+05
 3.41e+05 -3.41e+05
 -1.016e+05 1.016e+05
 -3.006e+05 3.006e+05
 1.012e+05 -1.012e+05
 3.52e+04 -3.52e+04
 1.834e+05 -1.834e+05
 -2.13e+05 2.13e+05
 -6.757e+05 6.757e+05
 3.34e+05 -3.34e+05
 -6.271e+05 6.271e+05
 6.684e+05 -6.684e+05
 -6.135e+04 6.135e+04
 -1.559e+05 1.559e+05
 -7.35e+05 7.35e+05
 5.086e+05 -5.086e+05
 -2.406e+04 2.406e+04
 5023 -5023
 -5.22e+05 5.22e+05
 6699 -6699
 -1.777e+05 1.777e+05
 -2.639e+05 2.639e+05
 3.728e+05 -3.728e+05
 -6.232e+05 6.232e+05
 5.69e+04 -5.69e+04
 2.218e+05 -2.218e+05
 -5.582e+04 5.582e+04
 4.346e+05 -4.346e+05
 -1.279e+06 1.279e+06
 -1.2e+06 1.2e+06
 -3.905e+05 3.905e+05
 -6.053e+05 6.053e+05
 -2.275e+05 2.275e+05
 -7471 7471
 3.772e+05 -3.772e+05
 -2.539e+05 2.539e+05
 -6.149e+05 6.149e+05
 -3.734e+05 3.734e+05
 3.174e+05 -3.174e+05
 -5.648e+05 5.648e+05
 9.94e+05 -9.94e+05
 -2.901e+04 2.901e+04
 4.145e+05 -4.145e+05
 2.032e+05 -2.032e+05
 -2.507e+05 2.507e+05
 1.594e+04 -1.594e+04
 -8.084e+05 8.084e+05
 7.099e+05 -7.099e+05
 7.215e+05 -7.215e+05
 -1.358e+05 1.358e+05
 2.759e+05 -2.759e+05
 -7.788e+04 7.788e+04
 -8.94e+05 8.94e+05
 6.56e+04 -6.56e+04
 -1.929e+05 1.929e+05
 -1.887e+04 1.887e+04
 5.356e+05 -5.356e+05
 -4.006e+05 4.006e+05
 -1.597e+05 1.597e+05
 7.364e+05 -7.364e+05
 3.889e+04 -3.889e+04
 4.21e+05 -4.21e+05
 4.276e+04 -4.276e+04
 2.888e+05 -2.888e+05
 -1.091e+06 1.091e+06
 -1.204e+05 1.204e+05
 2.534e+05 -2.534e+05
 1.013e+06 -1.013e+06
 -4.876e+05 4.876e+05
 -2.25e+06 2.25e+06
 -6.025e+05 6.025e+05
 4.791e+05 -4.791e+05
 -8.393e+05 8.393e+05
 1.318e+05 -1.318e+05
 8.169e+04 -8.169e+04
 -6.336e+05 6.336e+05
 -2.576e+05 2.576e+05
 -3150 3150
 9.486e+04 -9.486e+04
 -1.042e+06 1.042e+06
 -1.366e+05 1.366e+05
 -3.746e+05 3.746e+05
 -4.279e+05 4.279e+05
 9.203e+04 -9.203e+04
 8.141e+05 -8.141e+05
 8773 -8773
 -5.724e+04 5.724e+04
 1.283e+06 -1.283e+06
 -8.044e+04 8.044e+04
 -1.4e+05 1.4e+05
 4.816e+05 -4.816e+05
 3.029e+04 -3.029e+04
 -9.316e+04 9.316e+04
 4669 -4669
 8.254e+04 -8.254e+04
 -4.347e+05 4.347e+05
 -2.285e+05 2.285e+05
 8.416e+04 -8.416e+04
 4.706e+05 -4.706e+05
 -4.021e+05 4.021e+05
 1.01e+05 -1.01e+05
 1.122e+05 -1.122e+05
 3.399e+05 -3.399e+05
 4.691e+05 -4.691e+05
 -8.336e+04 8.336e+04
 -1.813e+04 1.813e+04
 1.534e+05 -1.534e+05
 1.873e+05 -1.873e+05
 -3.579e+05 3.579e+05
 3.131e+05 -3.131e+05
 -1.996e+05 1.996e+05
 -5.775e+05 5.775e+05
 -3.502e+05 3.502e+05
 1.501e+05 -1.501e+05
 7.644e+05 -7.644e+05
 -1.675e+06 1.675e+06
 1.074e+05 -1.074e+05
 6.092e+05 -6.092e+05
 -1.308e+06 1.308e+06
 -2.752e+05 2.752e+05
 -1.918e+05 1.918e+05
 2.6e+05 -2.6e+05
 -8.066e+04 8.066e+04
 6.391e+05 -6.391e+05
 -4.136e+05 4.136e+05
 -7.906e+04 7.906e+04
 -3.079e+05 3.079e+05
 2.526e+05 -2.526e+05
 2.737e+04 -2.737e+04
 3.96e+05 -3.96e+05
 -1.527e+06 1.527e+06
 -1.411e+05 1.411e+05
 -1.246e+05 1.246e+05
 -4924 4924
 -1.006e+05 1.006e+05
 3.572e+05 -3.572e+05
 -1.005e+05 1.005e+05
 4.362e+05 -4.362e+05
 -1.521e+05 1.521e+05
 7.344e+05 -7.344e+05
 -9.32e+04 9.32e+04
 -5.571e+05 5.571e+05
 3.572e+05 -3.572e+05
 1.759e+05 -1.759e+05
 -7.911e+05 7.911e+05
 5.612e+05 -5.612e+05
 1.163e+06 -1.163e+06
 -4.752e+04 4.752e+04
 -2.932e+05 2.932e+05
 -2.274e+05 2.274e+05
 2.521e+05 -2.521e+05
 -6.153e+05 6.153e+05
 1.012e+05 -1.012e+05
 5.815e+04 -5.815e+04
 3.806e+05 -3.806e+05
 -5.464e+05 5.464e+05
 -7.065e+05 7.065e+05
 2.575e+05 -2.575e+05
 9.734e+05 -9.734e+05
 1.74e+05 -1.74e+05
 -1.385e+05 1.385e+05
 9.447e+04 -9.447e+04
 -3.495e+05 3.495e+05
 -1.645e+05 1.645e+05
 2.122e+05 -2.122e+05
 -4.438e+05 4.438e+05
 3.893e+05 -3.893e+05
 2.909e+05 -2.909e+05
 -4.838e+04 4.838e+04
 -3.887e+05 3.887e+05
 7.628e+05 -7.628e+05
 -5.728e+04 5.728e+04
 5.039e+04 -5.039e+04
 -7.463e+04 7.463e+04
 -6.301e+05 6.301e+05
 -9.957e+05 9.957e+05
 8.475e+05 -8.475e+05
 -6.26e+04 6.26e+04
 -2.669e+05 2.669e+05
 6.332e+05 -6.332e+05
 -3.258e+05 3.258e+05
 1.271e+05 -1.271e+05
 -7.322e+05 7.322e+05
 3.277e+05 -3.277e+05
 1.34e+05 -1.34e+05
 -9.389e+04 9.389e+04
 -1.725e+05 1.725e+05
 -4.098e+05 4.098e+05
 -4.909e+05 4.909e+05
 -1.895e+05 1.895e+05
 -5.639e+05 5.639e+05
 3.924e+04 -3.924e+04
 1.322e+06 -1.322e+06
 3.761e+05 -3.761e+05
 -4.178e+05 4.178e+05
 -8.538e+05 8.538e+05
 8.852e+05 -8.852e+05
 -3.365e+05 3.365e+05
 2.616e+05 -2.616e+05
 -2.972e+05 2.972e+05
 -3.14e+05 3.14e+05
 -2.005e+05 2.005e+05
 5.316e+05 -5.316e+05
 -1.913e+06 1.913e+06
 1.138e+05 -1.138e+05
 -5.767e+05 5.767e+05
 4.431e+05 -4.431e+05
 -4.313e+05 4.313e+05
 9.225e+05 -9.225e+05
 -1.747e+05 1.747e+05
 -3.582e+05 3.582e+05
 -3624 3624
 5.631e+05 -5.631e+05
 -2.805e+05 2.805e+05
 -1.645e+05 1.645e+05
 7.604e+05 -7.604e+05
 4.695e+05 -4.695e+05
 6.426e+05 -6.426e+05
 3.675e+05 -3.675e+05
 3.056e+05 -3.056e+05
 -4.278e+04 4.278e+04
 2.878e+05 -2.878e+05
 -7.542e+05 7.542e+05
 2.35e+05 -2.35e+05
 1.07e+06 -1.07e+06
 1.008e+05 -1.008e+05
 -7.925e+05 7.925e+05
 2.803e+05 -2.803e+05
 -2.267e+05 2.267e+05
 -3.239e+05 3.239e+05
 -6.324e+05 6.324e+05
 7.259e+05 -7.259e+05
 3.568e+05 -3.568e+05
 -8.629e+05 8.629e+05
 -2.703e+05 2.703e+05
 -3.665e+05 3.665e+05
 6.649e+04 -6.649e+04
 -4.332e+05 4.332e+05
 -5.881e+05 5.881e+05
 3.308e+05 -3.308e+05
 3.391e+05 -3.391e+05
 -1.668e+05 1.668e+05
 -7.321e+05 7.321e+05
 8.473e+05 -8.473e+05
 2.235e+05 -2.235e+05
 2.438e+05 -2.438e+05
 2.86e+05 -2.86e+05
 -1.816e+05 1.816e+05
 2.611e+05 -2.611e+05
 1.708e+05 -1.708e+05
 1.254e+06 -1.254e+06
 8.12e+05 -8.12e+05
 -8.686e+04 8.686e+04
 1.025e+06 -1.025e+06
 -2.049e+05 2.049e+05
 -8790 8790
 -3.504e+05 3.504e+05
 2.586e+05 -2.586e+05
 2.295e+05 -2.295e+05
 1.154e+05 -1.154e+05
 5.477e+04 -5.477e+04
 3.833e+04 -3.833e+04
 8.019e+05 -8.019e+05
 5.76e+04 -5.76e+04
 -5.866e+05 5.866e+05
 -5.641e+05 5.641e+05
 8654 -8654
 -7.538e+04 7.538e+04
 3.352e+05 -3.352e+05
 1.823e+05 -1.823e+05
 -6936 6936
 -6.021e+05 6.021e+05
 8483 -8483
 -5.576e+05 5.576e+05
 1.42e+05 -1.42e+05
 2.283e+05 -2.283e+05
 1.003e+04 -1.003e+04
 8.21e+05 -8.21e+05
 2.549e+05 -2.549e+05
 1.903e+05 -1.903e+05
 -2.432e+05 2.432e+05
 2.934e+05 -2.934e+05
 -9.314e+05 9.314e+05
 3.058e+04 -3.058e+04
 -1.421e+06 1.421e+06
 9.739e+05 -9.739e+05
 1.393e+05 -1.393e+05
 1.091e+05 -1.091e+05
 7.896e+04 -7.896e+04
 -1.27e+06 1.27e+06
 -1.597e+05 1.597e+05
 4.929e+05 -4.929e+05
 1.725e+05 -1.725e+05
 -4.37e+05 4.37e+05
 2986 -2986
 4.929e+05 -4.929e+05
 -7.68e+05 7.68e+05
 4.629e+05 -4.629e+05
 5.989e+04 -5.989e+04
 5.311e+05 -5.311e+05
 -8.284e+04 8.284e+04
 3.782e+04 -3.782e+04
 1.943e+05 -1.943e+05
 2.623e+04 -2.623e+04
 1.259e+06 -1.259e+06
 -7.024e+05 7.024e+05
 -9.284e+05 9.284e+05
 4.358e+05 -4.358e+05
 -5.314e+05 5.314e+05
 -2.79e+04 2.79e+04
 5.126e+05 -5.126e+05
 -1.065e+05 1.065e+05
 -9.917e+04 9.917e+04
 5.086e+05 -5.086e+05
 2.168e+06 -2.168e+06
 3.389e+05 -3.389e+05
 -5.536e+04 5.536e+04
 -4.105e+05 4.105e+05
 3.381e+05 -3.381e+05
 8.099e+05 -8.099e+05
 4.376e+05 -4.376e+05
 2.865e+05 -2.865e+05
 3.236e+05 -3.236e+05
 -7.484e+05 7.484e+05
 1.105e+05 -1.105e+05
 2.147e+05 -2.147e+05
 -5.728e+05 5.728e+05
 -3.173e+05 3.173e+05
 1.12e+05 -1.12e+05
 -2.784e+04 2.784e+04
 9.805e+05 -9.805e+05
 6.394e+05 -6.394e+05
 9.1e+05 -9.1e+05
 7.754e+04 -7.754e+04
 -3.846e+05 3.846e+05
 -1.291e+05 1.291e+05
 5.798e+05 -5.798e+05
 -2.701e+05 2.701e+05
 -3.164e+05 3.164e+05
 8.516e+05 -8.516e+05
 1.713e+05 -1.713e+05
 7.366e+05 -7.366e+05
 2.639e+05 -2.639e+05
 -2.444e+05 2.444e+05
 1.633e+04 -1.633e+04
 -1.057e+06 1.057e+06
 -2.492e+05 2.492e+05
 -3.015e+05 3.015e+05
 3.729e+05 -3.729e+05
 -3.654e+05 3.654e+05
 -2.37e+05 2.37e+05
 -4.351e+04 4.351e+04
 1.019e+06 -1.019e+06
 -7.933e+05 7.933e+05
 -3.489e+05 3.489e+05
 -4.678e+05 4.678e+05
 4.66e+05 -4.66e+05
 -1.6e+05 1.6e+05
 1.846e+05 -1.846e+05
 3.449e+05 -3.449e+05
 -9.105e+05 9.105e+05
