# Created by Octave 5.2.0, Thu Sep 24 23:54:31 2020 CEST <jiwidi@land>
# name: w
# type: matrix
# rows: 2001
# columns: 2
 -2.776e-17 2.776e-17
 1.177 -1.177
 -0.78 0.78
 1.495 -1.495
 -0.1295 0.1295
 0.447 -0.447
 1.463 -1.463
 -0.4178 0.4178
 0.3618 -0.3618
 -0.5175 0.5175
 0.3808 -0.3808
 0.1304 -0.1304
 0.07089 -0.07089
 0.3916 -0.3916
 -0.3829 0.3829
 -1.241 1.241
 0.7801 -0.7801
 -0.7032 0.7032
 1.304 -1.304
 0.005724 -0.005724
 -0.2404 0.2404
 -0.9108 0.9108
 0.2402 -0.2402
 -0.2399 0.2399
 0.4511 -0.4511
 -1.412 1.412
 0.03384 -0.03384
 0.4135 -0.4135
 -0.3839 0.3839
 0.04102 -0.04102
 -0.3554 0.3554
 0.5838 -0.5838
 0.2768 -0.2768
 0.1891 -0.1891
 0.5714 -0.5714
 -2.494 2.494
 -1.683 1.683
 -0.2934 0.2934
 -0.8044 0.8044
 -0.3665 0.3665
 -0.6969 0.6969
 1.144 -1.144
 -0.1661 0.1661
 -0.8866 0.8866
 0.2213 -0.2213
 0.7122 -0.7122
 -0.4802 0.4802
 1.964 -1.964
 -0.2754 0.2754
 0.8433 -0.8433
 0.6777 -0.6777
 0.1433 -0.1433
 0.1541 -0.1541
 -0.9299 0.9299
 2.261 -2.261
 1.537 -1.537
 0.1704 -0.1704
 0.2263 -0.2263
 -0.01834 0.01834
 -1.359 1.359
 0.4867 -0.4867
 -0.7119 0.7119
 -0.04113 0.04113
 0.5975 -0.5975
 -0.7383 0.7383
 0.09073 -0.09073
 1.157 -1.157
 0.07115 -0.07115
 1.009 -1.009
 0.5357 -0.5357
 -1.175 1.175
 -1.272 1.272
 -0.224 0.224
 1.271 -1.271
 1.857 -1.857
 -0.7035 0.7035
 -3.618 3.618
 -0.8384 0.8384
 0.7533 -0.7533
 -0.459 0.459
 0.1842 -0.1842
 0.2846 -0.2846
 -0.7185 0.7185
 0.3202 -0.3202
 0.784 -0.784
 0.159 -0.159
 -0.9254 0.9254
 -0.5269 0.5269
 -0.324 0.324
 -0.8594 0.8594
 0.1988 -0.1988
 0.9256 -0.9256
 0.449 -0.449
 -0.09328 0.09328
 1.031 -1.031
 -0.1177 0.1177
 -0.239 0.239
 0.1259 -0.1259
 -0.4612 0.4612
 -0.1292 0.1292
 0.6032 -0.6032
 0.9915 -0.9915
 -0.5213 0.5213
 -1.42 1.42
 0.6963 -0.6963
 0.5189 -0.5189
 0.09681 -0.09681
 0.3043 -0.3043
 0.7175 -0.7175
 0.2877 -0.2877
 1.813 -1.813
 -0.8851 0.8851
 0.3278 -0.3278
 0.03858 -0.03858
 -0.3556 0.3556
 -0.5715 0.5715
 0.1666 -0.1666
 -0.2758 0.2758
 -1.182 1.182
 -0.4816 0.4816
 0.309 -0.309
 1.971 -1.971
 -1.724 1.724
 0.3117 -0.3117
 0.6569 -0.6569
 -2.529 2.529
 -0.5417 0.5417
 0.03574 -0.03574
 0.2595 -0.2595
 -0.532 0.532
 2.15 -2.15
 0.1173 -0.1173
 0.4739 -0.4739
 -0.5419 0.5419
 0.9672 -0.9672
 -0.6314 0.6314
 0.308 -0.308
 -2.432 2.432
 -0.4596 0.4596
 -0.0919 0.0919
 -0.698 0.698
 -0.5855 0.5855
 0.2705 -0.2705
 0.2807 -0.2807
 0.576 -0.576
 -0.3555 0.3555
 1.224 -1.224
 -0.1507 0.1507
 -1.103 1.103
 0.1893 -0.1893
 0.3985 -0.3985
 -1.508 1.508
 1.048 -1.048
 1.596 -1.596
 0.1159 -0.1159
 -0.2218 0.2218
 -0.7076 0.7076
 0.4506 -0.4506
 -1.507 1.507
 0.1174 -0.1174
 0.07692 -0.07692
 1.17 -1.17
 -0.9099 0.9099
 -1.959 1.959
 1.153 -1.153
 2.316 -2.316
 1.289 -1.289
 0.1073 -0.1073
 0.1243 -0.1243
 -0.7987 0.7987
 0.05606 -0.05606
 1.148 -1.148
 -0.2183 0.2183
 0.3265 -0.3265
 0.8524 -0.8524
 0.1349 -0.1349
 -1.274 1.274
 1.289 -1.289
 -0.8924 0.8924
 -0.1188 0.1188
 0.2053 -0.2053
 -0.7279 0.7279
 -1.496 1.496
 0.9224 -0.9224
 0.307 -0.307
 -0.5085 0.5085
 1.52 -1.52
 -0.6857 0.6857
 -0.01082 0.01082
 -1.821 1.821
 0.5389 -0.5389
 0.2711 -0.2711
 -0.093 0.093
 0.1141 -0.1141
 -0.5823 0.5823
 -0.9774 0.9774
 0.3325 -0.3325
 -0.5861 0.5861
 -0.2334 0.2334
 2.277 -2.277
 0.376 -0.376
 -0.8982 0.8982
 -0.854 0.854
 0.6944 -0.6944
 -0.4315 0.4315
 -0.1393 0.1393
 -0.868 0.868
 -1.378 1.378
 -0.5031 0.5031
 1.756 -1.756
 -2.541 2.541
 0.3579 -0.3579
 -0.5993 0.5993
 0.3223 -0.3223
 -0.8228 0.8228
 1.727 -1.727
 -0.2454 0.2454
 -1.22 1.22
 0.9825 -0.9825
 0.2534 -0.2534
 -0.6515 0.6515
 0.02569 -0.02569
 0.9902 -0.9902
 0.9266 -0.9266
 0.4835 -0.4835
 0.9538 -0.9538
 -0.06478 0.06478
 -0.9961 0.9961
 0.1619 -0.1619
 -1.104 1.104
 1.001 -1.001
 0.974 -0.974
 0.1482 -0.1482
 -1.205 1.205
 0.2909 -0.2909
 -0.4888 0.4888
 -0.2734 0.2734
 -0.682 0.682
 1.178 -1.178
 0.7358 -0.7358
 -0.7241 0.7241
 0.1055 -0.1055
 -0.5634 0.5634
 0.03844 -0.03844
 -0.7922 0.7922
 -0.3455 0.3455
 0.6274 -0.6274
 0.06715 -0.06715
 -0.4449 0.4449
 -0.9593 0.9593
 0.9325 -0.9325
 0.4525 -0.4525
 0.538 -0.538
 0.6705 -0.6705
 -0.2282 0.2282
 0.8323 -0.8323
 0.486 -0.486
 1.619 -1.619
 0.928 -0.928
 -0.03219 0.03219
 2.044 -2.044
 -0.5135 0.5135
 0.2102 -0.2102
 -1.1 1.1
 0.5774 -0.5774
 0.3431 -0.3431
 0.4626 -0.4626
 -0.3312 0.3312
 0.4411 -0.4411
 1.402 -1.402
 -0.391 0.391
 0.2208 -0.2208
 -0.2233 0.2233
 0.1805 -0.1805
 0.1982 -0.1982
 0.4914 -0.4914
 0.5828 -0.5828
 0.5272 -0.5272
 -1.027 1.027
 -1.027 1.027
 -0.6335 0.6335
 0.5345 -0.5345
 0.404 -0.404
 0.09455 -0.09455
 1.338 -1.338
 0.1534 -0.1534
 -0.196 0.196
 0.009775 -0.009775
 0.3616 -0.3616
 -1.105 1.105
 -0.4081 0.4081
 -2.095 2.095
 2.097 -2.097
 0.3924 -0.3924
 -0.2364 0.2364
 0.583 -0.583
 -2.917 2.917
 -0.2259 0.2259
 1.017 -1.017
 0.1448 -0.1448
 -1.139 1.139
 -0.1186 0.1186
 0.1595 -0.1595
 -1.454 1.454
 0.3133 -0.3133
 0.34 -0.34
 0.6372 -0.6372
 -0.4645 0.4645
 -0.9365 0.9365
 0.2391 -0.2391
 0.3732 -0.3732
 1.772 -1.772
 -1.14 1.14
 -0.6184 0.6184
 1.167 -1.167
 -1.317 1.317
 0.103 -0.103
 1.338 -1.338
 -0.4685 0.4685
 -0.1079 0.1079
 0.5915 -0.5915
 3.629 -3.629
 0.6393 -0.6393
 0.2619 -0.2619
 -0.1627 0.1627
 0.2513 -0.2513
 1.514 -1.514
 -0.0728 0.0728
 0.04926 -0.04926
 0.3717 -0.3717
 -0.453 0.453
 0.2452 -0.2452
 -0.6753 0.6753
 -0.6873 0.6873
 -0.5305 0.5305
 0.6993 -0.6993
 -0.1795 0.1795
 1.055 -1.055
 0.3515 -0.3515
 1.81 -1.81
 0.05966 -0.05966
 -0.7448 0.7448
 -0.8972 0.8972
 0.7469 -0.7469
 -0.08743 0.08743
 -0.2316 0.2316
 1.21 -1.21
 0.7896 -0.7896
 1.565 -1.565
 1.328 -1.328
 -0.3817 0.3817
 -0.3512 0.3512
 -2.109 2.109
 -0.6813 0.6813
 0.2162 -0.2162
 0.7963 -0.7963
 -1.364 1.364
 0.09312 -0.09312
 -0.03452 0.03452
 1.653 -1.653
 -1.53 1.53
 -1.237 1.237
 -0.6974 0.6974
 1.015 -1.015
 0.3177 -0.3177
 0.1458 -0.1458
 1.092 -1.092
 -2.049 2.049
 0.5944 -0.5944
 -3.122 3.122
 0.7834 -0.7834
 0.7334 -0.7334
 -0.4682 0.4682
 -1.256 1.256
 -1.69 1.69
 0.06491 -0.06491
 0.5274 -0.5274
 1.663 -1.663
 -0.2291 0.2291
 -2.07 2.07
 -0.1596 0.1596
 -1.41 1.41
 -0.08042 0.08042
 -1.066 1.066
 0.5696 -0.5696
 1.383 -1.383
 -0.03611 0.03611
 1.246 -1.246
 0.4889 -0.4889
 -0.2991 0.2991
 -0.2835 0.2835
 -0.825 0.825
 0.3494 -0.3494
 -1.232 1.232
 0.2647 -0.2647
 -0.5938 0.5938
 -0.01717 0.01717
 0.3754 -0.3754
 -0.1821 0.1821
 1.943 -1.943
 -0.06614 0.06614
 -1.235 1.235
 -0.6926 0.6926
 -0.1706 0.1706
 -0.8955 0.8955
 -0.9379 0.9379
 0.152 -0.152
 0.1399 -0.1399
 -0.6809 0.6809
 1.841 -1.841
 -0.6145 0.6145
 0.08062 -0.08062
 -0.3707 0.3707
 0.1549 -0.1549
 -2.332 2.332
 0.1787 -0.1787
 1.245 -1.245
 -0.9137 0.9137
 1.11 -1.11
 0.4215 -0.4215
 1.798 -1.798
 -0.6532 0.6532
 2.67 -2.67
 0.4699 -0.4699
 -0.9818 0.9818
 -0.6942 0.6942
 -0.6281 0.6281
 -0.3313 0.3313
 -0.3186 0.3186
 -0.002947 0.002947
 1.761 -1.761
 -0.6526 0.6526
 1.402 -1.402
 -0.1475 0.1475
 -1.615 1.615
 -0.3574 0.3574
 -0.633 0.633
 0.4401 -0.4401
 -1.288 1.288
 -0.1223 0.1223
 -0.6581 0.6581
 -0.1481 0.1481
 -1.874 1.874
 1.542 -1.542
 0.1703 -0.1703
 -0.8288 0.8288
 -0.1889 0.1889
 -0.2777 0.2777
 0.4644 -0.4644
 1.79 -1.79
 -0.6564 0.6564
 -0.1509 0.1509
 1.668 -1.668
 0.3542 -0.3542
 0.6378 -0.6378
 1.509 -1.509
 -0.4489 0.4489
 1.796 -1.796
 0.009632 -0.009632
 0.709 -0.709
 -0.3647 0.3647
 0.5862 -0.5862
 1.008 -1.008
 -0.02158 0.02158
 1.601 -1.601
 0.2874 -0.2874
 0.5256 -0.5256
 -0.08174 0.08174
 0.1796 -0.1796
 0.07092 -0.07092
 -0.9137 0.9137
 0.003652 -0.003652
 0.1025 -0.1025
 -0.883 0.883
 0.3906 -0.3906
 1.727 -1.727
 0.1036 -0.1036
 -0.2602 0.2602
 -0.08697 0.08697
 0.2238 -0.2238
 -0.1867 0.1867
 -0.2399 0.2399
 0.2967 -0.2967
 -0.0412 0.0412
 -0.2814 0.2814
 -0.02607 0.02607
 -0.03245 0.03245
 -2.63 2.63
 -0.2474 0.2474
 -0.2125 0.2125
 -0.4762 0.4762
 0.2357 -0.2357
 -0.04017 0.04017
 -0.4783 0.4783
 -0.2519 0.2519
 -1.528 1.528
 -1.19 1.19
 -0.7161 0.7161
 0.8665 -0.8665
 -2.419 2.419
 0.285 -0.285
 1.334 -1.334
 -1.341 1.341
 -0.2801 0.2801
 -0.4312 0.4312
 -1.797 1.797
 -0.7217 0.7217
 0.7916 -0.7916
 0.1964 -0.1964
