# Created by Octave 5.2.0, Fri Sep 25 00:06:10 2020 CEST <jiwidi@land>
# name: w
# type: matrix
# rows: 2001
# columns: 2
 -2 2
 12.88 -12.88
 -20.61 20.61
 3.979 -3.979
 -6.685 6.685
 14.8 -14.8
 32.02 -32.02
 2.842 -2.842
 5.47 -5.47
 -10.44 10.44
 24.22 -24.22
 -8.706 8.706
 1.269 -1.269
 10.95 -10.95
 -5.418 5.418
 -37.9 37.9
 17.29 -17.29
 -12.71 12.71
 -4.332 4.332
 17.7 -17.7
 -21.65 21.65
 -35.94 35.94
 -8.727 8.727
 -27.87 27.87
 17.95 -17.95
 -26.83 26.83
 1.958 -1.958
 40.18 -40.18
 -8.387 8.387
 -1.717 1.717
 -2.12 2.12
 -1.032 1.032
 19.05 -19.05
 -5.222 5.222
 16.6 -16.6
 -27.31 27.31
 -33.21 33.21
 -8.641 8.641
 -19.37 19.37
 -10.02 10.02
 -21.76 21.76
 21.71 -21.71
 -11.57 11.57
 -16.33 16.33
 2.489 -2.489
 33.19 -33.19
 -7.552 7.552
 49.6 -49.6
 -28.04 28.04
 7.556 -7.556
 5.032 -5.032
 10.08 -10.08
 -0.2431 0.2431
 -26.48 26.48
 54.55 -54.55
 26.48 -26.48
 6.047 -6.047
 5.744 -5.744
 1.804 -1.804
 -2.483 2.483
 9.502 -9.502
 -13.69 13.69
 13.59 -13.59
 20 -20
 -13.8 13.8
 -5.551 5.551
 25.03 -25.03
 -13.5 13.5
 14.82 -14.82
 14.72 -14.72
 -38.25 38.25
 -31.52 31.52
 -12.87 12.87
 19.12 -19.12
 51.85 -51.85
 -20.88 20.88
 -72.41 72.41
 -22.61 22.61
 18.34 -18.34
 -5.014 5.014
 19.2 -19.2
 -4.267 4.267
 -10.9 10.9
 -8.126 8.126
 35.34 -35.34
 9.399 -9.399
 -27.95 27.95
 -8.635 8.635
 -0.2158 0.2158
 -10.64 10.64
 6.522 -6.522
 16 -16
 26.08 -26.08
 -13.73 13.73
 8.43 -8.43
 -17.39 17.39
 -3.418 3.418
 45.64 -45.64
 -22.17 22.17
 -5.437 5.437
 18.91 -18.91
 33.6 -33.6
 -13.22 13.22
 -52.94 52.94
 16.31 -16.31
 6.476 -6.476
 7.885 -7.885
 10.11 -10.11
 8.032 -8.032
 -0.7902 0.7902
 44.63 -44.63
 -5.333 5.333
 -18.44 18.44
 -1.243 1.243
 -36.79 36.79
 -14.69 14.69
 5.943 -5.943
 -2.155 2.155
 -20.11 20.11
 -34.67 34.67
 10.39 -10.39
 38.26 -38.26
 -34.49 34.49
 6.42 -6.42
 -4.883 4.883
 -45.69 45.69
 -12.56 12.56
 2.222 -2.222
 -4.73 4.73
 -19.68 19.68
 10.7 -10.7
 5.492 -5.492
 10.45 -10.45
 20.63 -20.63
 12.12 -12.12
 -28.93 28.93
 16.33 -16.33
 -53.32 53.32
 -15.6 15.6
 3.382 -3.382
 -25.25 25.25
 -22.66 22.66
 3.919 -3.919
 -9.525 9.525
 1.62 -1.62
 -15.35 15.35
 19.66 -19.66
 -12.21 12.21
 -19.81 19.81
 11.54 -11.54
 -3.813 3.813
 -45.91 45.91
 24.08 -24.08
 86.71 -86.71
 6.21 -6.21
 -15.4 15.4
 -34.96 34.96
 4.674 -4.674
 -26.12 26.12
 -20.62 20.62
 -6.306 6.306
 31.17 -31.17
 -7.12 7.12
 -56.38 56.38
 38.85 -38.85
 101.3 -101.3
 33.13 -33.13
 8.253 -8.253
 17.27 -17.27
 -5.614 5.614
 5.011 -5.011
 34.64 -34.64
 17.83 -17.83
 -10.46 10.46
 16.16 -16.16
 9.082 -9.082
 -27.87 27.87
 38.66 -38.66
 -13.44 13.44
 -1.744 1.744
 -7.465 7.465
 19.26 -19.26
 -61.25 61.25
 22.62 -22.62
 8.886 -8.886
 -8.368 8.368
 30.17 -30.17
 -7.014 7.014
 -5.761 5.761
 -34.39 34.39
 32.03 -32.03
 20.41 -20.41
 7.675 -7.675
 1.897 -1.897
 -16.32 16.32
 -42.36 42.36
 -6.303 6.303
 -9.338 9.338
 13.28 -13.28
 36.7 -36.7
 14.41 -14.41
 -32.59 32.59
 -10.89 10.89
 30.81 -30.81
 15.01 -15.01
 2.138 -2.138
 -44.52 44.52
 -34.38 34.38
 -8.268 8.268
 39.91 -39.91
 -99.89 99.89
 24.56 -24.56
 -34.41 34.41
 1.677 -1.677
 -26.13 26.13
 40.49 -40.49
 -20.24 20.24
 -31.62 31.62
 14.3 -14.3
 -2.705 2.705
 -27.21 27.21
 10.24 -10.24
 -12.24 12.24
 20.32 -20.32
 -9.078 9.078
 21.81 -21.81
 -7.118 7.118
 -32.59 32.59
 33.59 -33.59
 -21.3 21.3
 28.08 -28.08
 -2.635 2.635
 3.854 -3.854
 -48.69 48.69
 27.02 -27.02
 -23.74 23.74
 -31.59 31.59
 -23.23 23.23
 26.29 -26.29
 26.18 -26.18
 -28.39 28.39
 -6.935 6.935
 -24 24
 10.34 -10.34
 -12.65 12.65
 -5.374 5.374
 12.33 -12.33
 -26.69 26.69
 -24.17 24.17
 -25.61 25.61
 13.78 -13.78
 5.325 -5.325
 7.512 -7.512
 27.93 -27.93
 -5.634 5.634
 12.73 -12.73
 17.05 -17.05
 43.33 -43.33
 22.56 -22.56
 1.542 -1.542
 60.03 -60.03
 -26.74 26.74
 -4.886 4.886
 -17.39 17.39
 24.1 -24.1
 -4.019 4.019
 3.642 -3.642
 -19.91 19.91
 14.05 -14.05
 24.45 -24.45
 4.376 -4.376
 18.76 -18.76
 11.5 -11.5
 11.5 -11.5
 -5.893 5.893
 12.11 -12.11
 11.57 -11.57
 14.07 -14.07
 -19.26 19.26
 -56.39 56.39
 -11.87 11.87
 20.29 -20.29
 -8.636 8.636
 29.74 -29.74
 49.96 -49.96
 4.283 -4.283
 -16.04 16.04
 1.023 -1.023
 -2 2
 -24.77 24.77
 -1.124 1.124
 -57.99 57.99
 43.92 -43.92
 8.309 -8.309
 0.795 -0.795
 24.43 -24.43
 -69.28 69.28
 -7.295 7.295
 -5.154 5.154
 7.697 -7.697
 -15.41 15.41
 -6.386 6.386
 2.752 -2.752
 -35.4 35.4
 32.18 -32.18
 9.479 -9.479
 7.284 -7.284
 2.216 -2.216
 -12.68 12.68
 36.1 -36.1
 25.06 -25.06
 81.39 -81.39
 -31.1 31.1
 4.432 -4.432
 -9.296 9.296
 -24.36 24.36
 37.31 -37.31
 44.01 -44.01
 -23.91 23.91
 16.91 -16.91
 14.92 -14.92
 114.7 -114.7
 34.87 -34.87
 15.76 -15.76
 -0.6497 0.6497
 2.679 -2.679
 33.54 -33.54
 -5.414 5.414
 -25.78 25.78
 4.212 -4.212
 -21.67 21.67
 19.97 -19.97
 -23.03 23.03
 -26.2 26.2
 -10.83 10.83
 -8.807 8.807
 -3.84 3.84
 -4.139 4.139
 -1.947 1.947
 23.9 -23.9
 -6.536 6.536
 -58.97 58.97
 -21.56 21.56
 17.79 -17.79
 -14.97 14.97
 -4.352 4.352
 19.15 -19.15
 25.41 -25.41
 45.15 -45.15
 63.88 -63.88
 -12.81 12.81
 -29.01 29.01
 -35.02 35.02
 -19.82 19.82
 19.1 -19.1
 22.68 -22.68
 -65.05 65.05
 34.57 -34.57
 -0.793 0.793
 59.95 -59.95
 -26.58 26.58
 -26.93 26.93
 -29.86 29.86
 29.84 -29.84
 -10.9 10.9
 -7.469 7.469
 47.46 -47.46
 -23.28 23.28
 22.37 -22.37
 -78.97 78.97
 15.92 -15.92
 19.07 -19.07
 8.209 -8.209
 -42.54 42.54
 -26.03 26.03
 -1.38 1.38
 30.39 -30.39
 35.83 -35.83
 -20.3 20.3
 -28.25 28.25
 -1.374 1.374
 -40.41 40.41
 -5.66 5.66
 -31.91 31.91
 50.64 -50.64
 42.2 -42.2
 -2.381 2.381
 24.43 -24.43
 3.167 -3.167
 -10.19 10.19
 -4.377 4.377
 -11.62 11.62
 5.925 -5.925
 -44.84 44.84
 13.7 -13.7
 -14.74 14.74
 -2.833 2.833
 -12.3 12.3
 -7.757 7.757
 71.09 -71.09
 -20.94 20.94
 -26.02 26.02
 -13.35 13.35
 -7.417 7.417
 -6.183 6.183
 -28.32 28.32
 -14.31 14.31
 20.08 -20.08
 -27.96 27.96
 42.56 -42.56
 -12.48 12.48
 16.99 -16.99
 -8.439 8.439
 -7.131 7.131
 -56.17 56.17
 2.826 -2.826
 74.8 -74.8
 -19.34 19.34
 41.33 -41.33
 17.35 -17.35
 33.66 -33.66
 -26.4 26.4
 92.82 -92.82
 -16.45 16.45
 -23.85 23.85
 -11.28 11.28
 -11.11 11.11
 -9.394 9.394
 -22.9 22.9
 -14.52 14.52
 30.52 -30.52
 -19.04 19.04
 44.82 -44.82
 -9.859 9.859
 -36.04 36.04
 -4.433 4.433
 1.188 -1.188
 23.64 -23.64
 -26.78 26.78
 -7.235 7.235
 2.508 -2.508
 5.758 -5.758
 -41.13 41.13
 37.42 -37.42
 -0.001529 0.001529
 -0.3892 0.3892
 -9.092 9.092
 -23.11 23.11
 19.01 -19.01
 23.85 -23.85
 -24.92 24.92
 2.9 -2.9
 52.53 -52.53
 35.11 -35.11
 18.74 -18.74
 32.3 -32.3
 -19.17 19.17
 25.92 -25.92
 -10.42 10.42
 25.22 -25.22
 -23.29 23.29
 -0.2313 0.2313
 45.03 -45.03
 7.42 -7.42
 37.53 -37.53
 27.35 -27.35
 19.54 -19.54
 -3.757 3.757
 2.477 -2.477
 6.749 -6.749
 -16.11 16.11
 -2.273 2.273
 -7.865 7.865
 -11.29 11.29
 -0.5857 0.5857
 21.94 -21.94
 19.67 -19.67
 7.008 -7.008
 1.603 -1.603
 22.67 -22.67
 -2.925 2.925
 1.666 -1.666
 0.6176 -0.6176
 0.1419 -0.1419
 8.685 -8.685
 -0.3651 0.3651
 -15.72 15.72
 -90.29 90.29
 -12.37 12.37
 7.067 -7.067
 6.67 -6.67
 10.91 -10.91
 -16.28 16.28
 -5.693 5.693
 7.131 -7.131
 -23.33 23.33
 -17.46 17.46
 -21.3 21.3
 21.86 -21.86
 -58.73 58.73
 16.78 -16.78
 11.33 -11.33
 -33.07 33.07
 -9.814 9.814
 -11.92 11.92
 -36.67 36.67
 -13.38 13.38
 26.29 -26.29
 14.87 -14.87
 0.8394 -0.8394
 -2.825 2.825
 -4.243 4.243
 -34.57 34.57
 -18.53 18.53
 27.44 -27.44
 -41.11 41.11
 -19.63 19.63
 6.651 -6.651
 -6.084 6.084
 -26.05 26.05
 -3.626 3.626
 26 -26
 -47.45 47.45
 3.662 -3.662
 -55.98 55.98
 24.03 -24.03
 9.346 -9.346
 -20.11 20.11
 1.023 -1.023
 -9.968 9.968
 26.03 -26.03
 -6.381 6.381
 -31.68 31.68
 14.53 -14.53
 -16.26 16.26
 -61.86 61.86
 55.3 -55.3
 5.398 -5.398
 29.29 -29.29
 -0.3596 0.3596
 -9.342 9.342
 -32.85 32.85
 -6.269 6.269
 12.38 -12.38
 47.03 -47.03
 -29.84 29.84
 21.7 -21.7
 -24.84 24.84
 -23.14 23.14
 2.222 -2.222
 43.67 -43.67
 -20.79 20.79
 72.05 -72.05
 -15.21 15.21
 21.16 -21.16
 20.67 -20.67
 6.794 -6.794
 -27.19 27.19
 14.36 -14.36
 0.1192 -0.1192
 29.32 -29.32
 -20.69 20.69
 2.372 -2.372
 1.515 -1.515
 -35.42 35.42
 -40.26 40.26
 7.035 -7.035
 12.09 -12.09
 15.16 -15.16
 -5.331 5.331
