# Created by Octave 5.2.0, Fri Sep 25 00:21:10 2020 CEST <jiwidi@land>
# name: w
# type: matrix
# rows: 2001
# columns: 2
 0 0
 812.4 -812.4
 94.91 -94.91
 1267 -1267
 42.17 -42.17
 174.7 -174.7
 837.2 -837.2
 -184.2 184.2
 347.3 -347.3
 -96.87 96.87
 -295.3 295.3
 102.9 -102.9
 36.11 -36.11
 190.8 -190.8
 -203.3 203.3
 -675.6 675.6
 330.3 -330.3
 -643.2 643.2
 668.1 -668.1
 -34.32 34.32
 -148.4 148.4
 -726.8 726.8
 499.3 -499.3
 -21.95 21.95
 6.987 -6.987
 -527.8 527.8
 3.927 -3.927
 -174.6 174.6
 -266.7 266.7
 372.4 -372.4
 -644.3 644.3
 51.44 -51.44
 210.4 -210.4
 -59.31 59.31
 440.9 -440.9
 -1276 1276
 -1202 1202
 -389.6 389.6
 -605.2 605.2
 -226.6 226.6
 -0.1538 0.1538
 373.2 -373.2
 -256.1 256.1
 -626.7 626.7
 -373.1 373.1
 318.7 -318.7
 -567.1 567.1
 1003 -1003
 -27.93 27.93
 428.9 -428.9
 200.5 -200.5
 -254.3 254.3
 13.33 -13.33
 -806.7 806.7
 721.6 -721.6
 725.8 -725.8
 -146.1 146.1
 281.4 -281.4
 -80.02 80.02
 -895.6 895.6
 64.85 -64.85
 -189.1 189.1
 -33.89 33.89
 528.5 -528.5
 -408.1 408.1
 -161.3 161.3
 737.7 -737.7
 48.29 -48.29
 427.7 -427.7
 37.99 -37.99
 271.3 -271.3
 -1095 1095
 -125.1 125.1
 261 -261
 1024 -1024
 -492.3 492.3
 -2240 2240
 -609.1 609.1
 483.5 -483.5
 -834.4 834.4
 131.3 -131.3
 84.93 -84.93
 -640.8 640.8
 -253.2 253.2
 -2.485 2.485
 99.99 -99.99
 -1037 1037
 -144.9 144.9
 -377.4 377.4
 -422.1 422.1
 96.8 -96.8
 807.3 -807.3
 -4.503 4.503
 -48.93 48.93
 1281 -1281
 -89.59 89.59
 -147.1 147.1
 480.6 -480.6
 31.01 -31.01
 -90.44 90.44
 14.65 -14.65
 86.09 -86.09
 -441.4 441.4
 -242.4 242.4
 84.91 -84.91
 472.8 -472.8
 -407.9 407.9
 100.4 -100.4
 120.9 -120.9
 335 -335
 477.8 -477.8
 -88.68 88.68
 -6.377 6.377
 151.7 -151.7
 202.4 -202.4
 -355.4 355.4
 317.7 -317.7
 -200.1 200.1
 -574.1 574.1
 -340.2 340.2
 151.3 -151.3
 760.2 -760.2
 -1672 1672
 108.4 -108.4
 605.7 -605.7
 -1320 1320
 -277.6 277.6
 -188.8 188.8
 256.6 -256.6
 -72.48 72.48
 654 -654
 -393.3 393.3
 -75.6 75.6
 -314 314
 251.1 -251.1
 32.55 -32.55
 390.2 -390.2
 -1524 1524
 -142.5 142.5
 -134.3 134.3
 -13.16 13.16
 -110.6 110.6
 362.8 -362.8
 -99.21 99.21
 442 -442
 -158.9 158.9
 729 -729
 -100.2 100.2
 -563.3 563.3
 363 -363
 176.7 -176.7
 -796.7 796.7
 563 -563
 1171 -1171
 -51.96 51.96
 -290.9 290.9
 -236.9 236.9
 259.6 -259.6
 -623.8 623.8
 102.4 -102.4
 61.59 -61.59
 383.9 -383.9
 -552.4 552.4
 -708 708
 256.4 -256.4
 968.3 -968.3
 168.9 -168.9
 -147.6 147.6
 89.2 -89.2
 -352.5 352.5
 -167.5 167.5
 208.8 -208.8
 -439.1 439.1
 380.7 -380.7
 285.3 -285.3
 -47.52 47.52
 -385 385
 766.6 -766.6
 -70.63 70.63
 60.09 -60.09
 -71.36 71.36
 -622.4 622.4
 -1004 1004
 852.9 -852.9
 -59.3 59.3
 -276.5 276.5
 632.6 -632.6
 -324.9 324.9
 125.4 -125.4
 -711.5 711.5
 327.9 -327.9
 133.3 -133.3
 -98.41 98.41
 -166.2 166.2
 -414.6 414.6
 -496.2 496.2
 -189 189
 -563.9 563.9
 42.31 -42.31
 1332 -1332
 376 -376
 -406.7 406.7
 -856.8 856.8
 891.4 -891.4
 -341.2 341.2
 263.2 -263.2
 -294.1 294.1
 -317.6 317.6
 -194.1 194.1
 533.8 -533.8
 -1912 1912
 105.6 -105.6
 -568.5 568.5
 442.4 -442.4
 -434.6 434.6
 924.3 -924.3
 -174.6 174.6
 -365 365
 -9.446 9.446
 556.4 -556.4
 -278 278
 -163.6 163.6
 767.7 -767.7
 465 -465
 641.2 -641.2
 375.3 -375.3
 310.8 -310.8
 -38.89 38.89
 311.4 -311.4
 -745.5 745.5
 217.9 -217.9
 1064 -1064
 108.4 -108.4
 -794.1 794.1
 277.2 -277.2
 -224.7 224.7
 -314.9 314.9
 -645.9 645.9
 726.6 -726.6
 349.2 -349.2
 -862.8 862.8
 -273.6 273.6
 -369.1 369.1
 54.65 -54.65
 -439.5 439.5
 -589.5 589.5
 329.1 -329.1
 344.3 -344.3
 -176.5 176.5
 -720.4 720.4
 866.8 -866.8
 227.4 -227.4
 240.3 -240.3
 287.5 -287.5
 -183.8 183.8
 261.5 -261.5
 169.9 -169.9
 1252 -1252
 828.1 -828.1
 -82.51 82.51
 1024 -1024
 -201.1 201.1
 -6.352 6.352
 -355.9 355.9
 261.8 -261.8
 227.9 -227.9
 116.7 -116.7
 51.75 -51.75
 37.25 -37.25
 807.7 -807.7
 54.88 -54.88
 -579.2 579.2
 -558.9 558.9
 10.95 -10.95
 -76.68 76.68
 328.7 -328.7
 183.4 -183.4
 2.348 -2.348
 -600.5 600.5
 -0.8022 0.8022
 -559.9 559.9
 146.8 -146.8
 245.2 -245.2
 15.6 -15.6
 806.5 -806.5
 255.9 -255.9
 193.8 -193.8
 -243.8 243.8
 291.8 -291.8
 -925 925
 31.74 -31.74
 -1435 1435
 975.8 -975.8
 148.5 -148.5
 106.9 -106.9
 81.59 -81.59
 -1272 1272
 -160.7 160.7
 473.7 -473.7
 176.9 -176.9
 -441.6 441.6
 1.35 -1.35
 489.5 -489.5
 -770.8 770.8
 460.6 -460.6
 62.94 -62.94
 524.8 -524.8
 -88.55 88.55
 44.89 -44.89
 192.7 -192.7
 22.48 -22.48
 1265 -1265
 -702.1 702.1
 -919 919
 430.1 -430.1
 -527.2 527.2
 -21.8 21.8
 510.5 -510.5
 -105.5 105.5
 -102.3 102.3
 511.5 -511.5
 2166 -2166
 355 -355
 -52.48 52.48
 -406.1 406.1
 335.6 -335.6
 807.1 -807.1
 441.2 -441.2
 288.8 -288.8
 320 -320
 -744.9 744.9
 115 -115
 212.4 -212.4
 -573.7 573.7
 -308.9 308.9
 113.8 -113.8
 -27.81 27.81
 981.5 -981.5
 645.5 -645.5
 906.8 -906.8
 81.7 -81.7
 -368.5 368.5
 -134.9 134.9
 568.4 -568.4
 -263.6 263.6
 -313 313
 850.9 -850.9
 172.1 -172.1
 737.7 -737.7
 260.5 -260.5
 -247.8 247.8
 19.46 -19.46
 -1055 1055
 -242.3 242.3
 -301.5 301.5
 370.7 -370.7
 -365.8 365.8
 -216.8 216.8
 -44.81 44.81
 1024 -1024
 -788.8 788.8
 -357.4 357.4
 -478.4 478.4
 460.9 -460.9
 -177 177
 181.4 -181.4
 333.9 -333.9
 -923.9 923.9
 106.2 -106.2
 -1126 1126
 373.1 -373.1
 337.5 -337.5
 -256.1 256.1
 -1143 1143
 -1019 1019
 88.79 -88.79
 -112.1 112.1
 918.9 -918.9
 155.2 -155.2
 -1314 1314
 -414.1 414.1
 -419 419
 -66.19 66.19
 -354.5 354.5
 47.16 -47.16
 612.5 -612.5
 267.1 -267.1
 882.2 -882.2
 590.6 -590.6
 -466.5 466.5
 -35.76 35.76
 -47.39 47.39
 119.4 -119.4
 -1116 1116
 17.41 -17.41
 211 -211
 -240.2 240.2
 158.8 -158.8
 58.56 -58.56
 864 -864
 47.98 -47.98
 -530 530
 -379.1 379.1
 358.3 -358.3
 -235.5 235.5
 100.8 -100.8
 60.82 -60.82
 -22.21 22.21
 -172.7 172.7
 950 -950
 -385.9 385.9
 26.01 -26.01
 -179.6 179.6
 418.7 -418.7
 -708.4 708.4
 -51.81 51.81
 298.6 -298.6
 -142.9 142.9
 694 -694
 -2.209 2.209
 799.5 -799.5
 -522 522
 1352 -1352
 403.6 -403.6
 -390.3 390.3
 -260.8 260.8
 -452.7 452.7
 -68.49 68.49
 -53.33 53.33
 -174.9 174.9
 756.9 -756.9
 -306.1 306.1
 392 -392
 328.7 -328.7
 -562 562
 -176 176
 -238.6 238.6
 189 -189
 -1254 1254
 89.64 -89.64
 -724.5 724.5
 -114.3 114.3
 -1475 1475
 671.1 -671.1
 284.7 -284.7
 -698.2 698.2
 -436.5 436.5
 271.3 -271.3
 21.06 -21.06
 861.5 -861.5
 -246.3 246.3
 -94.57 94.57
 886.2 -886.2
 37.88 -37.88
 -137.9 137.9
 761.2 -761.2
 361.1 -361.1
 1108 -1108
 34.15 -34.15
 88.13 -88.13
 -123.5 123.5
 -2.541 2.541
 741.7 -741.7
 71.52 -71.52
 722.6 -722.6
 -171.9 171.9
 514.5 -514.5
 -300 300
 214.8 -214.8
 445.3 -445.3
 -500 500
 94.79 -94.79
 -120.2 120.2
 -495.4 495.4
 -3.619 3.619
 441.2 -441.2
 -395.8 395.8
 -65.09 65.09
 -535.5 535.5
 359.1 -359.1
 -98.46 98.46
 -538.7 538.7
 -19.64 19.64
 267.8 -267.8
 -294.9 294.9
 -0.8033 0.8033
 160.6 -160.6
 -984.8 984.8
 -18.56 18.56
 -416 416
 -590.6 590.6
 -10.32 10.32
 -153.2 153.2
 -335 335
 -67.75 67.75
 -834.3 834.3
 -551.3 551.3
 -131.3 131.3
 877.5 -877.5
 -1472 1472
 208.1 -208.1
 294.4 -294.4
 -894.5 894.5
 -60.88 60.88
 40.08 -40.08
 -863.7 863.7
 -695.5 695.5
 -169.8 169.8
 -177.2 177.2
 858.6 -858.6
 -105.7 105.7
 -333.6 333.6
 137.4 -137.4
 332 -332
 -542.7 542.7
 239.2 -239.2
 -513.2 513.2
 -91.76 91.76
 -292.7 292.7
 -878.7 878.7
 56.19 -56.19
 377.7 -377.7
 -714.6 714.6
 433.7 -433.7
 -903.7 903.7
 241.4 -241.4
 -296.8 296.8
 579.5 -579.5
 99.87 -99.87
 15.43 -15.43
 686.1 -686.1
 -182.2 182.2
 -519.6 519.6
 -38.66 38.66
 385.7 -385.7
 -1221 1221
 1281 -1281
 90.06 -90.06
 1053 -1053
 -51.06 51.06
 -549.5 549.5
 -460.6 460.6
 -434.4 434.4
 -506.9 506.9
 656.3 -656.3
 -960.9 960.9
 366.3 -366.3
 -425.2 425.2
 -612.6 612.6
 248.7 -248.7
 546.5 -546.5
 -233.1 233.1
 609.5 -609.5
 -414.5 414.5
 570.1 -570.1
 38.57 -38.57
 332.5 -332.5
 -572.5 572.5
 -24.13 24.13
 -243.8 243.8
 417.6 -417.6
 -29.22 29.22
 230.1 -230.1
 -213.1 213.1
 -448 448
 142.8 -142.8
 631.5 -631.5
 271.7 -271.7
 -328.4 328.4
 -505.6 505.6
 -65.19 65.19
 221.8 -221.8
 442.9 -442.9
 1367 -1367
 -512.6 512.6
 -199.1 199.1
 -59.64 59.64
 529.1 -529.1
 477.8 -477.8
 -13.68 13.68
