# Created by Octave 5.2.0, Fri Sep 25 00:13:48 2020 CEST <jiwidi@land>
# name: w
# type: matrix
# rows: 2001
# columns: 2
 0 0
 84.68 -84.68
 -5.222 5.222
 155.9 -155.9
 4.846 -4.846
 24.88 -24.88
 98.71 -98.71
 -15.45 15.45
 41.75 -41.75
 -19.22 19.22
 -11.47 11.47
 5.269 -5.269
 9.567 -9.567
 19.66 -19.66
 -30.58 30.58
 -76.08 76.08
 41.98 -41.98
 -60.51 60.51
 90.21 -90.21
 -11.03 11.03
 -5.605 5.605
 -67.43 67.43
 35.43 -35.43
 0.9786 -0.9786
 6.581 -6.581
 -77.23 77.23
 -19.77 19.77
 -6.135 6.135
 -29.52 29.52
 35.89 -35.89
 -48.32 48.32
 -0.5491 0.5491
 30.88 -30.88
 -3.517 3.517
 45.31 -45.31
 -150 150
 -145.4 145.4
 -34 34
 -68.31 68.31
 -21.16 21.16
 -5.484 5.484
 26.3 -26.3
 -27.74 27.74
 -74.25 74.25
 -41.15 41.15
 23.82 -23.82
 -58.23 58.23
 135.6 -135.6
 -0.567 0.567
 62.38 -62.38
 25.13 -25.13
 -29.83 29.83
 6.004 -6.004
 -62.67 62.67
 85.41 -85.41
 80.09 -80.09
 -13.23 13.23
 16.29 -16.29
 -9.448 9.448
 -98.37 98.37
 20.83 -20.83
 -25.59 25.59
 7.518 -7.518
 59.95 -59.95
 -43.89 43.89
 -17.92 17.92
 75.75 -75.75
 -16.9 16.9
 56.83 -56.83
 16.33 -16.33
 11.79 -11.79
 -121.9 121.9
 -11.83 11.83
 44.25 -44.25
 112 -112
 -61.12 61.12
 -214.1 214.1
 -62.36 62.36
 59.15 -59.15
 -97.28 97.28
 26.81 -26.81
 8.516 -8.516
 -78.39 78.39
 -14.45 14.45
 0.7071 -0.7071
 16.79 -16.79
 -106.3 106.3
 -23.04 23.04
 -47.3 47.3
 -9.113 9.113
 21.18 -21.18
 80.01 -80.01
 3.561 -3.561
 -7.467 7.467
 130.5 -130.5
 -8.155 8.155
 -28.91 28.91
 61.61 -61.61
 3.4 -3.4
 -7.653 7.653
 7.206 -7.206
 22.74 -22.74
 -48.1 48.1
 -61.24 61.24
 14.27 -14.27
 56.59 -56.59
 -11.69 11.69
 21.56 -21.56
 20.37 -20.37
 30.48 -30.48
 56.47 -56.47
 -14.83 14.83
 12.9 -12.9
 6.797 -6.797
 39.57 -39.57
 -30.18 30.18
 40.26 -40.26
 -28.52 28.52
 -67.99 67.99
 -40.93 40.93
 -2.032 2.032
 82.02 -82.02
 -186.2 186.2
 21.22 -21.22
 57.49 -57.49
 -160.6 160.6
 -34.06 34.06
 -28.53 28.53
 40.23 -40.23
 -0.7642 0.7642
 89.96 -89.96
 -36.48 36.48
 4.736 -4.736
 -29.61 29.61
 54.11 -54.11
 -3.824 3.824
 38.31 -38.31
 -173.6 173.6
 -19.91 19.91
 -20.09 20.09
 -9.972 9.972
 -18.38 18.38
 38.71 -38.71
 -30.05 30.05
 51.77 -51.77
 -31.31 31.31
 93.74 -93.74
 -8.331 8.331
 -47.44 47.44
 31.59 -31.59
 8.771 -8.771
 -97.83 97.83
 44.75 -44.75
 122.3 -122.3
 -10.7 10.7
 -33.32 33.32
 -17.99 17.99
 26.97 -26.97
 -72.51 72.51
 5.09 -5.09
 -1.32 1.32
 51.19 -51.19
 -58.46 58.46
 -93.64 93.64
 33.94 -33.94
 133.7 -133.7
 54.71 -54.71
 -4.429 4.429
 7.969 -7.969
 -41.66 41.66
 -19.64 19.64
 34.4 -34.4
 -42.57 42.57
 38.98 -38.98
 31.56 -31.56
 -5.047 5.047
 -50.16 50.16
 83.76 -83.76
 -32.93 32.93
 6.02 -6.02
 -4.079 4.079
 -61.71 61.71
 -113.9 113.9
 84.03 -84.03
 -10.11 10.11
 -31.68 31.68
 88.07 -88.07
 -51.65 51.65
 21.47 -21.47
 -87.85 87.85
 40.09 -40.09
 8.891 -8.891
 -22.32 22.32
 -6.823 6.823
 -43.12 43.12
 -49.77 49.77
 -13.55 13.55
 -56.49 56.49
 -1.034 1.034
 152.2 -152.2
 29.51 -29.51
 -36.43 36.43
 -84.41 84.41
 100.6 -100.6
 -28.45 28.45
 35.79 -35.79
 -9.025 9.025
 -36.17 36.17
 -20.51 20.51
 78.12 -78.12
 -196.6 196.6
 17.77 -17.77
 -48.91 48.91
 60.07 -60.07
 -42.49 42.49
 126 -126
 -18.34 18.34
 -50.24 50.24
 10.45 -10.45
 49.51 -49.51
 -37.44 37.44
 -2.067 2.067
 58.9 -58.9
 59.67 -59.67
 64.19 -64.19
 58.43 -58.43
 14.71 -14.71
 -11.77 11.77
 24.48 -24.48
 -74.89 74.89
 30.34 -30.34
 100.1 -100.1
 22.42 -22.42
 -71.44 71.44
 27.5 -27.5
 -18.14 18.14
 -21.87 21.87
 -67.74 67.74
 83.18 -83.18
 38.77 -38.77
 -75.2 75.2
 -19.39 19.39
 -34.76 34.76
 -3.763 3.763
 -49.74 49.74
 -64.05 64.05
 45 -45
 18.21 -18.21
 -24.55 24.55
 -72.19 72.19
 75.78 -75.78
 31.56 -31.56
 32.67 -32.67
 17.72 -17.72
 -29.15 29.15
 42.27 -42.27
 18.76 -18.76
 110.3 -110.3
 74.07 -74.07
 -5.927 5.927
 141.7 -141.7
 -30.17 30.17
 11.83 -11.83
 -48.69 48.69
 29.04 -29.04
 25.94 -25.94
 6.096 -6.096
 6.279 -6.279
 1.38 -1.38
 101.7 -101.7
 7.179 -7.179
 -52.14 52.14
 -34.96 34.96
 -7.657 7.657
 -5.718 5.718
 33.57 -33.57
 31.61 -31.61
 -8.262 8.262
 -71.52 71.52
 -25.44 25.44
 -58.7 58.7
 25.61 -25.61
 33.18 -33.18
 4.798 -4.798
 102.9 -102.9
 21.96 -21.96
 28.94 -28.94
 -21.58 21.58
 50.26 -50.26
 -94.48 94.48
 -6.172 6.172
 -154.4 154.4
 109.8 -109.8
 19.85 -19.85
 0.1689 -0.1689
 16.71 -16.71
 -134.5 134.5
 -16.96 16.96
 60.81 -60.81
 4.164 -4.164
 -57.84 57.84
 -1.328 1.328
 47.13 -47.13
 -100.3 100.3
 40.36 -40.36
 7.955 -7.955
 50.81 -50.81
 -18.03 18.03
 11 -11
 16.83 -16.83
 -1.49 1.49
 106.6 -106.6
 -74.19 74.19
 -101.1 101.1
 61.79 -61.79
 -69.14 69.14
 2.824 -2.824
 39.47 -39.47
 -18.18 18.18
 -26.23 26.23
 53.06 -53.06
 235.1 -235.1
 40.47 -40.47
 -4.126 4.126
 -50.67 50.67
 25.68 -25.68
 90.44 -90.44
 35.76 -35.76
 1.59 -1.59
 16.44 -16.44
 -63.06 63.06
 16.93 -16.93
 20.97 -20.97
 -61.28 61.28
 -46.91 46.91
 11.42 -11.42
 -6.672 6.672
 122.4 -122.4
 67.34 -67.34
 101 -101
 -4.138 4.138
 -56.16 56.16
 -40.44 40.44
 50.57 -50.57
 3.445 -3.445
 -30.53 30.53
 89.97 -89.97
 24.55 -24.55
 83.06 -83.06
 67.07 -67.07
 -26.91 26.91
 -11.7 11.7
 -117.6 117.6
 -34.05 34.05
 -28.43 28.43
 51.06 -51.06
 -46.95 46.95
 -27.62 27.62
 -6.69 6.69
 106.7 -106.7
 -84.37 84.37
 -59.52 59.52
 -62.29 62.29
 53.63 -53.63
 -18.8 18.8
 22.97 -22.97
 43.67 -43.67
 -96.49 96.49
 29.75 -29.75
 -135.1 135.1
 44.9 -44.9
 34.31 -34.31
 -36.71 36.71
 -127.9 127.9
 -127.9 127.9
 10.83 -10.83
 -9.3 9.3
 97.21 -97.21
 -4.898 4.898
 -153.9 153.9
 -33.55 33.55
 -50.54 50.54
 -4.073 4.073
 -38.77 38.77
 2.939 -2.939
 49.62 -49.62
 19.59 -19.59
 92.52 -92.52
 65.99 -65.99
 -32.05 32.05
 -20.34 20.34
 -9.087 9.087
 4.832 -4.832
 -99.74 99.74
 -5.745 5.745
 21.39 -21.39
 -26.06 26.06
 32.72 -32.72
 -8.677 8.677
 88.77 -88.77
 -10.38 10.38
 -64.44 64.44
 -40.11 40.11
 35.6 -35.6
 -32.08 32.08
 -9.582 9.582
 12.29 -12.29
 -6.884 6.884
 -29.49 29.49
 118.2 -118.2
 -45.21 45.21
 10.44 -10.44
 -15.61 15.61
 37.57 -37.57
 -99.96 99.96
 -0.04369 0.04369
 37.47 -37.47
 -25.7 25.7
 80.75 -80.75
 14 -14
 78.36 -78.36
 -64.26 64.26
 167.3 -167.3
 36.93 -36.93
 -51.19 51.19
 -27.12 27.12
 -66.54 66.54
 -14.17 14.17
 -6.373 6.373
 -24.29 24.29
 88.54 -88.54
 -56.2 56.2
 60.49 -60.49
 18.6 -18.6
 -49.65 49.65
 -13.34 13.34
 -39.53 39.53
 19.53 -19.53
 -134 134
 4.685 -4.685
 -48.08 48.08
 -14.86 14.86
 -147.8 147.8
 90.19 -90.19
 30.75 -30.75
 -67.47 67.47
 -33.51 33.51
 23.18 -23.18
 3.341 -3.341
 105.1 -105.1
 -3.022 3.022
 1.549 -1.549
 114.6 -114.6
 13.75 -13.75
 -6.059 6.059
 92.43 -92.43
 17.8 -17.8
 126.4 -126.4
 -12.98 12.98
 -0.8923 0.8923
 -7.787 7.787
 12.42 -12.42
 55.71 -55.71
 11.67 -11.67
 79.78 -79.78
 -22.02 22.02
 44.98 -44.98
 -23.92 23.92
 24.87 -24.87
 34.87 -34.87
 -47.16 47.16
 2.051 -2.051
 8.82 -8.82
 -63.68 63.68
 -3.975 3.975
 63.08 -63.08
 -46.59 46.59
 -9.876 9.876
 -44.63 44.63
 41.8 -41.8
 -10.19 10.19
 -44.71 44.71
 18.51 -18.51
 29.43 -29.43
 -7.667 7.667
 -0.4737 0.4737
 14.71 -14.71
 -119.2 119.2
 -2.865 2.865
 -29.29 29.29
 -73.13 73.13
 5.244 -5.244
 -12.12 12.12
 -41.99 41.99
 -16.61 16.61
 -86.33 86.33
 -76.45 76.45
 -10.38 10.38
 81.4 -81.4
 -156.7 156.7
 42.4 -42.4
 43.35 -43.35
 -87.96 87.96
 -6.191 6.191
 -12.29 12.29
 -109.3 109.3
 -80.32 80.32
 -6.847 6.847
 -18.52 18.52
 83.66 -83.66
 -6.901 6.901
 -22.38 22.38
 -21.86 21.86
 29.5 -29.5
 -31.8 31.8
 24.32 -24.32
 -45.54 45.54
 11.24 -11.24
 -13.62 13.62
 -88.4 88.4
 11.21 -11.21
 61.04 -61.04
 -75.71 75.71
 50.62 -50.62
 -122.9 122.9
 35.98 -35.98
 -43.22 43.22
 50.69 -50.69
 10.56 -10.56
 -10.15 10.15
 82.43 -82.43
 -13.21 13.21
 -54.33 54.33
 4.308 -4.308
 29.08 -29.08
 -140.3 140.3
 143.5 -143.5
 9.523 -9.523
 103.2 -103.2
 -5.314 5.314
 -75 75
 -50.58 50.58
 -55.25 55.25
 -28.3 28.3
 61.97 -61.97
 -121.6 121.6
 42.84 -42.84
 -49.52 49.52
 -76.46 76.46
 17.17 -17.17
 80.93 -80.93
 -31.44 31.44
 76.53 -76.53
 -53.65 53.65
 64.09 -64.09
 -9.378 9.378
 33.95 -33.95
 -75.03 75.03
 4.154 -4.154
 -7.819 7.819
 45.1 -45.1
 -7.432 7.432
 18.67 -18.67
 -21.78 21.78
 -51.65 51.65
 4.409 -4.409
 89.38 -89.38
 19.52 -19.52
 -43.34 43.34
 -36.15 36.15
 -15.78 15.78
