# Created by Octave 5.2.0, Fri Sep 25 00:30:10 2020 CEST <jiwidi@land>
# name: w
# type: matrix
# rows: 2001
# columns: 2
 0 0
 8124 -8124
 949.1 -949.1
 1.267e+04 -1.267e+04
 421.7 -421.7
 1747 -1747
 8372 -8372
 -1842 1842
 3473 -3473
 -968.7 968.7
 -2953 2953
 1029 -1029
 361.1 -361.1
 1908 -1908
 -2033 2033
 -6756 6756
 3303 -3303
 -6432 6432
 6681 -6681
 -343.2 343.2
 -1484 1484
 -7268 7268
 4993 -4993
 -219.5 219.5
 69.87 -69.87
 -5278 5278
 39.27 -39.27
 -1746 1746
 -2667 2667
 3724 -3724
 -6443 6443
 514.4 -514.4
 2104 -2104
 -593.1 593.1
 4409 -4409
 -1.276e+04 1.276e+04
 -1.202e+04 1.202e+04
 -3896 3896
 -6052 6052
 -2266 2266
 -1.538 1.538
 3732 -3732
 -2561 2561
 -6267 6267
 -3731 3731
 3187 -3187
 -5671 5671
 1.003e+04 -1.003e+04
 -279.3 279.3
 4289 -4289
 2005 -2005
 -2543 2543
 133.3 -133.3
 -8067 8067
 7216 -7216
 7258 -7258
 -1461 1461
 2814 -2814
 -800.2 800.2
 -8956 8956
 648.5 -648.5
 -1891 1891
 -338.9 338.9
 5285 -5285
 -4081 4081
 -1613 1613
 7377 -7377
 482.9 -482.9
 4277 -4277
 379.9 -379.9
 2713 -2713
 -1.095e+04 1.095e+04
 -1251 1251
 2610 -2610
 1.024e+04 -1.024e+04
 -4923 4923
 -2.24e+04 2.24e+04
 -6091 6091
 4835 -4835
 -8344 8344
 1313 -1313
 849.3 -849.3
 -6408 6408
 -2532 2532
 -24.85 24.85
 999.9 -999.9
 -1.037e+04 1.037e+04
 -1449 1449
 -3774 3774
 -4221 4221
 968 -968
 8073 -8073
 -45.03 45.03
 -489.3 489.3
 1.281e+04 -1.281e+04
 -895.9 895.9
 -1471 1471
 4806 -4806
 310.1 -310.1
 -904.4 904.4
 146.5 -146.5
 860.9 -860.9
 -4414 4414
 -2424 2424
 849.1 -849.1
 4728 -4728
 -4079 4079
 1004 -1004
 1209 -1209
 3350 -3350
 4778 -4778
 -886.8 886.8
 -63.77 63.77
 1517 -1517
 2024 -2024
 -3554 3554
 3177 -3177
 -2001 2001
 -5741 5741
 -3402 3402
 1513 -1513
 7602 -7602
 -1.672e+04 1.672e+04
 1084 -1084
 6057 -6057
 -1.32e+04 1.32e+04
 -2776 2776
 -1888 1888
 2566 -2566
 -724.8 724.8
 6540 -6540
 -3933 3933
 -756 756
 -3140 3140
 2511 -2511
 325.6 -325.6
 3902 -3902
 -1.524e+04 1.524e+04
 -1425 1425
 -1343 1343
 -131.6 131.6
 -1106 1106
 3628 -3628
 -992.1 992.1
 4420 -4420
 -1589 1589
 7290 -7290
 -1002 1002
 -5633 5633
 3630 -3630
 1767 -1767
 -7967 7967
 5630 -5630
 1.171e+04 -1.171e+04
 -519.6 519.6
 -2909 2909
 -2369 2369
 2596 -2596
 -6238 6238
 1024 -1024
 615.9 -615.9
 3839 -3839
 -5524 5524
 -7080 7080
 2564 -2564
 9683 -9683
 1689 -1689
 -1476 1476
 892 -892
 -3525 3525
 -1675 1675
 2088 -2088
 -4391 4391
 3807 -3807
 2853 -2853
 -475.2 475.2
 -3850 3850
 7666 -7666
 -706.3 706.3
 600.9 -600.9
 -713.6 713.6
 -6224 6224
 -1.004e+04 1.004e+04
 8529 -8529
 -593 593
 -2765 2765
 6326 -6326
 -3249 3249
 1254 -1254
 -7115 7115
 3279 -3279
 1333 -1333
 -984.1 984.1
 -1662 1662
 -4146 4146
 -4962 4962
 -1890 1890
 -5639 5639
 423.1 -423.1
 1.332e+04 -1.332e+04
 3760 -3760
 -4067 4067
 -8568 8568
 8914 -8914
 -3412 3412
 2632 -2632
 -2941 2941
 -3176 3176
 -1941 1941
 5338 -5338
 -1.912e+04 1.912e+04
 1056 -1056
 -5685 5685
 4424 -4424
 -4346 4346
 9243 -9243
 -1746 1746
 -3650 3650
 -94.46 94.46
 5564 -5564
 -2780 2780
 -1636 1636
 7677 -7677
 4650 -4650
 6412 -6412
 3753 -3753
 3108 -3108
 -388.9 388.9
 3114 -3114
 -7455 7455
 2179 -2179
 1.064e+04 -1.064e+04
 1084 -1084
 -7941 7941
 2772 -2772
 -2247 2247
 -3149 3149
 -6459 6459
 7266 -7266
 3492 -3492
 -8628 8628
 -2736 2736
 -3691 3691
 546.5 -546.5
 -4395 4395
 -5895 5895
 3291 -3291
 3443 -3443
 -1765 1765
 -7204 7204
 8668 -8668
 2274 -2274
 2403 -2403
 2875 -2875
 -1838 1838
 2615 -2615
 1699 -1699
 1.252e+04 -1.252e+04
 8281 -8281
 -825.1 825.1
 1.024e+04 -1.024e+04
 -2011 2011
 -63.52 63.52
 -3559 3559
 2618 -2618
 2279 -2279
 1167 -1167
 517.5 -517.5
 372.5 -372.5
 8077 -8077
 548.8 -548.8
 -5792 5792
 -5589 5589
 109.5 -109.5
 -766.8 766.8
 3287 -3287
 1834 -1834
 23.48 -23.48
 -6005 6005
 -8.022 8.022
 -5599 5599
 1468 -1468
 2452 -2452
 156 -156
 8065 -8065
 2559 -2559
 1938 -1938
 -2438 2438
 2918 -2918
 -9250 9250
 317.4 -317.4
 -1.435e+04 1.435e+04
 9758 -9758
 1485 -1485
 1069 -1069
 815.9 -815.9
 -1.272e+04 1.272e+04
 -1607 1607
 4737 -4737
 1769 -1769
 -4416 4416
 13.5 -13.5
 4895 -4895
 -7708 7708
 4606 -4606
 629.4 -629.4
 5248 -5248
 -885.5 885.5
 448.9 -448.9
 1927 -1927
 224.8 -224.8
 1.265e+04 -1.265e+04
 -7021 7021
 -9190 9190
 4301 -4301
 -5272 5272
 -218 218
 5105 -5105
 -1055 1055
 -1023 1023
 5115 -5115
 2.166e+04 -2.166e+04
 3550 -3550
 -524.8 524.8
 -4061 4061
 3356 -3356
 8071 -8071
 4412 -4412
 2888 -2888
 3200 -3200
 -7449 7449
 1150 -1150
 2124 -2124
 -5737 5737
 -3089 3089
 1138 -1138
 -278.1 278.1
 9815 -9815
 6455 -6455
 9068 -9068
 817 -817
 -3685 3685
 -1349 1349
 5684 -5684
 -2636 2636
 -3130 3130
 8509 -8509
 1721 -1721
 7377 -7377
 2605 -2605
 -2478 2478
 194.6 -194.6
 -1.055e+04 1.055e+04
 -2423 2423
 -3015 3015
 3707 -3707
 -3658 3658
 -2168 2168
 -448.1 448.1
 1.024e+04 -1.024e+04
 -7888 7888
 -3574 3574
 -4784 4784
 4609 -4609
 -1770 1770
 1814 -1814
 3339 -3339
 -9239 9239
 1062 -1062
 -1.126e+04 1.126e+04
 3731 -3731
 3375 -3375
 -2561 2561
 -1.143e+04 1.143e+04
 -1.019e+04 1.019e+04
 887.9 -887.9
 -1121 1121
 9189 -9189
 1552 -1552
 -1.314e+04 1.314e+04
 -4141 4141
 -4190 4190
 -661.9 661.9
 -3545 3545
 471.6 -471.6
 6125 -6125
 2671 -2671
 8822 -8822
 5906 -5906
 -4665 4665
 -357.6 357.6
 -473.9 473.9
 1194 -1194
 -1.116e+04 1.116e+04
 174.1 -174.1
 2110 -2110
 -2402 2402
 1588 -1588
 585.6 -585.6
 8640 -8640
 479.8 -479.8
 -5300 5300
 -3791 3791
 3583 -3583
 -2355 2355
 1008 -1008
 608.2 -608.2
 -222.1 222.1
 -1727 1727
 9500 -9500
 -3859 3859
 260.1 -260.1
 -1796 1796
 4187 -4187
 -7084 7084
 -518.1 518.1
 2986 -2986
 -1429 1429
 6940 -6940
 -22.09 22.09
 7995 -7995
 -5220 5220
 1.352e+04 -1.352e+04
 4036 -4036
 -3903 3903
 -2608 2608
 -4527 4527
 -684.9 684.9
 -533.3 533.3
 -1749 1749
 7569 -7569
 -3061 3061
 3920 -3920
 3287 -3287
 -5620 5620
 -1760 1760
 -2386 2386
 1890 -1890
 -1.254e+04 1.254e+04
 896.4 -896.4
 -7245 7245
 -1143 1143
 -1.475e+04 1.475e+04
 6711 -6711
 2847 -2847
 -6982 6982
 -4365 4365
 2713 -2713
 210.6 -210.6
 8615 -8615
 -2463 2463
 -945.7 945.7
 8862 -8862
 378.8 -378.8
 -1379 1379
 7612 -7612
 3611 -3611
 1.108e+04 -1.108e+04
 341.5 -341.5
 881.3 -881.3
 -1235 1235
 -25.4 25.4
 7417 -7417
 715.2 -715.2
 7226 -7226
 -1719 1719
 5145 -5145
 -3000 3000
 2148 -2148
 4453 -4453
 -5000 5000
 947.9 -947.9
 -1202 1202
 -4954 4954
 -36.19 36.19
 4412 -4412
 -3958 3958
 -650.9 650.9
 -5355 5355
 3591 -3591
 -984.6 984.6
 -5387 5387
 -196.4 196.4
 2678 -2678
 -2949 2949
 -8.033 8.033
 1606 -1606
 -9848 9848
 -185.6 185.6
 -4160 4160
 -5906 5906
 -103.2 103.2
 -1532 1532
 -3350 3350
 -677.5 677.5
 -8343 8343
 -5513 5513
 -1313 1313
 8775 -8775
 -1.472e+04 1.472e+04
 2081 -2081
 2944 -2944
 -8945 8945
 -608.8 608.8
 400.8 -400.8
 -8637 8637
 -6955 6955
 -1698 1698
 -1772 1772
 8586 -8586
 -1057 1057
 -3336 3336
 1374 -1374
 3320 -3320
 -5427 5427
 2392 -2392
 -5132 5132
 -917.6 917.6
 -2927 2927
 -8787 8787
 561.9 -561.9
 3777 -3777
 -7146 7146
 4337 -4337
 -9037 9037
 2414 -2414
 -2968 2968
 5795 -5795
 998.7 -998.7
 154.3 -154.3
 6861 -6861
 -1822 1822
 -5196 5196
 -386.6 386.6
 3857 -3857
 -1.221e+04 1.221e+04
 1.281e+04 -1.281e+04
 900.6 -900.6
 1.053e+04 -1.053e+04
 -510.6 510.6
 -5495 5495
 -4606 4606
 -4344 4344
 -5069 5069
 6563 -6563
 -9609 9609
 3663 -3663
 -4252 4252
 -6126 6126
 2487 -2487
 5465 -5465
 -2331 2331
 6095 -6095
 -4145 4145
 5701 -5701
 385.7 -385.7
 3325 -3325
 -5725 5725
 -241.3 241.3
 -2438 2438
 4176 -4176
 -292.2 292.2
 2301 -2301
 -2131 2131
 -4480 4480
 1428 -1428
 6315 -6315
 2717 -2717
 -3284 3284
 -5056 5056
 -651.9 651.9
 2218 -2218
 4429 -4429
 1.367e+04 -1.367e+04
 -5126 5126
 -1991 1991
 -596.4 596.4
 5291 -5291
 4778 -4778
 -136.8 136.8
 7306 -7306
 3663 -3663
 -273.2 273.2
 -4180 4180
 8071 -8071
 1.841e+04 -1.841e+04
 3241 -3241
 1143 -1143
 63.48 -63.48
 4089 -4089
 -1983 1983
 3118 -3118
 -4330 4330
 5857 -5857
 1720 -1720
 -7632 7632
 -3118 3118
 1248 -1248
 -271.3 271.3
 1771 -1771
 -5307 5307
 -2882 2882
 976.2 -976.2
 6169 -6169
 7076 -7076
 3011 -3011
