# Created by Octave 5.2.0, Fri Sep 25 00:50:06 2020 CEST <jiwidi@land>
# name: w
# type: matrix
# rows: 2001
# columns: 2
 0 0
 1.177e+06 -1.177e+06
 -7.8e+05 7.8e+05
 1.495e+06 -1.495e+06
 -1.295e+05 1.295e+05
 4.47e+05 -4.47e+05
 1.463e+06 -1.463e+06
 -4.178e+05 4.178e+05
 3.618e+05 -3.618e+05
 -5.175e+05 5.175e+05
 3.808e+05 -3.808e+05
 1.304e+05 -1.304e+05
 7.089e+04 -7.089e+04
 3.916e+05 -3.916e+05
 -3.829e+05 3.829e+05
 -1.241e+06 1.241e+06
 7.801e+05 -7.801e+05
 -7.032e+05 7.032e+05
 1.304e+06 -1.304e+06
 5724 -5724
 -2.404e+05 2.404e+05
 -9.108e+05 9.108e+05
 2.402e+05 -2.402e+05
 -2.399e+05 2.399e+05
 4.511e+05 -4.511e+05
 -1.412e+06 1.412e+06
 3.384e+04 -3.384e+04
 4.135e+05 -4.135e+05
 -3.839e+05 3.839e+05
 4.102e+04 -4.102e+04
 -3.554e+05 3.554e+05
 5.838e+05 -5.838e+05
 2.768e+05 -2.768e+05
 1.891e+05 -1.891e+05
 5.714e+05 -5.714e+05
 -2.494e+06 2.494e+06
 -1.683e+06 1.683e+06
 -2.934e+05 2.934e+05
 -8.044e+05 8.044e+05
 -3.665e+05 3.665e+05
 -6.969e+05 6.969e+05
 1.144e+06 -1.144e+06
 -1.661e+05 1.661e+05
 -8.866e+05 8.866e+05
 2.213e+05 -2.213e+05
 7.122e+05 -7.122e+05
 -4.802e+05 4.802e+05
 1.964e+06 -1.964e+06
 -2.754e+05 2.754e+05
 8.433e+05 -8.433e+05
 6.777e+05 -6.777e+05
 1.433e+05 -1.433e+05
 1.541e+05 -1.541e+05
 -9.299e+05 9.299e+05
 2.261e+06 -2.261e+06
 1.537e+06 -1.537e+06
 1.704e+05 -1.704e+05
 2.263e+05 -2.263e+05
 -1.834e+04 1.834e+04
 -1.359e+06 1.359e+06
 4.867e+05 -4.867e+05
 -7.119e+05 7.119e+05
 -4.113e+04 4.113e+04
 5.975e+05 -5.975e+05
 -7.383e+05 7.383e+05
 9.073e+04 -9.073e+04
 1.157e+06 -1.157e+06
 7.115e+04 -7.115e+04
 1.009e+06 -1.009e+06
 5.357e+05 -5.357e+05
 -1.175e+06 1.175e+06
 -1.272e+06 1.272e+06
 -2.24e+05 2.24e+05
 1.271e+06 -1.271e+06
 1.857e+06 -1.857e+06
 -7.035e+05 7.035e+05
 -3.618e+06 3.618e+06
 -8.384e+05 8.384e+05
 7.533e+05 -7.533e+05
 -4.59e+05 4.59e+05
 1.842e+05 -1.842e+05
 2.846e+05 -2.846e+05
 -7.185e+05 7.185e+05
 3.202e+05 -3.202e+05
 7.84e+05 -7.84e+05
 1.59e+05 -1.59e+05
 -9.254e+05 9.254e+05
 -5.269e+05 5.269e+05
 -3.24e+05 3.24e+05
 -8.594e+05 8.594e+05
 1.988e+05 -1.988e+05
 9.256e+05 -9.256e+05
 4.49e+05 -4.49e+05
 -9.328e+04 9.328e+04
 1.031e+06 -1.031e+06
 -1.177e+05 1.177e+05
 -2.39e+05 2.39e+05
 1.259e+05 -1.259e+05
 -4.612e+05 4.612e+05
 -1.292e+05 1.292e+05
 6.032e+05 -6.032e+05
 9.915e+05 -9.915e+05
 -5.213e+05 5.213e+05
 -1.42e+06 1.42e+06
 6.963e+05 -6.963e+05
 5.189e+05 -5.189e+05
 9.681e+04 -9.681e+04
 3.043e+05 -3.043e+05
 7.175e+05 -7.175e+05
 2.877e+05 -2.877e+05
 1.813e+06 -1.813e+06
 -8.851e+05 8.851e+05
 3.278e+05 -3.278e+05
 3.858e+04 -3.858e+04
 -3.556e+05 3.556e+05
 -5.715e+05 5.715e+05
 1.666e+05 -1.666e+05
 -2.758e+05 2.758e+05
 -1.182e+06 1.182e+06
 -4.816e+05 4.816e+05
 3.09e+05 -3.09e+05
 1.971e+06 -1.971e+06
 -1.724e+06 1.724e+06
 3.117e+05 -3.117e+05
 6.569e+05 -6.569e+05
 -2.529e+06 2.529e+06
 -5.417e+05 5.417e+05
 3.574e+04 -3.574e+04
 2.595e+05 -2.595e+05
 -5.32e+05 5.32e+05
 2.15e+06 -2.15e+06
 1.173e+05 -1.173e+05
 4.739e+05 -4.739e+05
 -5.419e+05 5.419e+05
 9.672e+05 -9.672e+05
 -6.314e+05 6.314e+05
 3.08e+05 -3.08e+05
 -2.432e+06 2.432e+06
 -4.596e+05 4.596e+05
 -9.19e+04 9.19e+04
 -6.98e+05 6.98e+05
 -5.855e+05 5.855e+05
 2.705e+05 -2.705e+05
 2.807e+05 -2.807e+05
 5.76e+05 -5.76e+05
 -3.555e+05 3.555e+05
 1.224e+06 -1.224e+06
 -1.507e+05 1.507e+05
 -1.103e+06 1.103e+06
 1.893e+05 -1.893e+05
 3.985e+05 -3.985e+05
 -1.508e+06 1.508e+06
 1.048e+06 -1.048e+06
 1.596e+06 -1.596e+06
 1.159e+05 -1.159e+05
 -2.218e+05 2.218e+05
 -7.076e+05 7.076e+05
 4.506e+05 -4.506e+05
 -1.507e+06 1.507e+06
 1.174e+05 -1.174e+05
 7.692e+04 -7.692e+04
 1.17e+06 -1.17e+06
 -9.099e+05 9.099e+05
 -1.959e+06 1.959e+06
 1.153e+06 -1.153e+06
 2.316e+06 -2.316e+06
 1.289e+06 -1.289e+06
 1.073e+05 -1.073e+05
 1.243e+05 -1.243e+05
 -7.987e+05 7.987e+05
 5.606e+04 -5.606e+04
 1.148e+06 -1.148e+06
 -2.183e+05 2.183e+05
 3.265e+05 -3.265e+05
 8.524e+05 -8.524e+05
 1.349e+05 -1.349e+05
 -1.274e+06 1.274e+06
 1.289e+06 -1.289e+06
 -8.924e+05 8.924e+05
 -1.188e+05 1.188e+05
 2.053e+05 -2.053e+05
 -7.279e+05 7.279e+05
 -1.496e+06 1.496e+06
 9.224e+05 -9.224e+05
 3.07e+05 -3.07e+05
 -5.085e+05 5.085e+05
 1.52e+06 -1.52e+06
 -6.857e+05 6.857e+05
 -1.082e+04 1.082e+04
 -1.821e+06 1.821e+06
 5.389e+05 -5.389e+05
 2.711e+05 -2.711e+05
 -9.3e+04 9.3e+04
 1.141e+05 -1.141e+05
 -5.823e+05 5.823e+05
 -9.774e+05 9.774e+05
 3.325e+05 -3.325e+05
 -5.861e+05 5.861e+05
 -2.334e+05 2.334e+05
 2.277e+06 -2.277e+06
 3.76e+05 -3.76e+05
 -8.982e+05 8.982e+05
 -8.54e+05 8.54e+05
 6.944e+05 -6.944e+05
 -4.315e+05 4.315e+05
 -1.393e+05 1.393e+05
 -8.68e+05 8.68e+05
 -1.378e+06 1.378e+06
 -5.031e+05 5.031e+05
 1.756e+06 -1.756e+06
 -2.541e+06 2.541e+06
 3.579e+05 -3.579e+05
 -5.993e+05 5.993e+05
 3.223e+05 -3.223e+05
 -8.228e+05 8.228e+05
 1.727e+06 -1.727e+06
 -2.454e+05 2.454e+05
 -1.22e+06 1.22e+06
 9.825e+05 -9.825e+05
 2.534e+05 -2.534e+05
 -6.515e+05 6.515e+05
 2.569e+04 -2.569e+04
 9.902e+05 -9.902e+05
 9.266e+05 -9.266e+05
 4.835e+05 -4.835e+05
 9.538e+05 -9.538e+05
 -6.478e+04 6.478e+04
 -9.961e+05 9.961e+05
 1.619e+05 -1.619e+05
 -1.104e+06 1.104e+06
 1.001e+06 -1.001e+06
 9.74e+05 -9.74e+05
 1.482e+05 -1.482e+05
 -1.205e+06 1.205e+06
 2.909e+05 -2.909e+05
 -4.888e+05 4.888e+05
 -2.734e+05 2.734e+05
 -6.82e+05 6.82e+05
 1.178e+06 -1.178e+06
 7.358e+05 -7.358e+05
 -7.241e+05 7.241e+05
 1.055e+05 -1.055e+05
 -5.634e+05 5.634e+05
 3.844e+04 -3.844e+04
 -7.922e+05 7.922e+05
 -3.455e+05 3.455e+05
 6.274e+05 -6.274e+05
 6.715e+04 -6.715e+04
 -4.449e+05 4.449e+05
 -9.593e+05 9.593e+05
 9.325e+05 -9.325e+05
 4.525e+05 -4.525e+05
 5.38e+05 -5.38e+05
 6.705e+05 -6.705e+05
 -2.282e+05 2.282e+05
 8.323e+05 -8.323e+05
 4.86e+05 -4.86e+05
 1.619e+06 -1.619e+06
 9.28e+05 -9.28e+05
 -3.219e+04 3.219e+04
 2.044e+06 -2.044e+06
 -5.135e+05 5.135e+05
 2.102e+05 -2.102e+05
 -1.1e+06 1.1e+06
 5.774e+05 -5.774e+05
 3.431e+05 -3.431e+05
 4.626e+05 -4.626e+05
 -3.312e+05 3.312e+05
 4.411e+05 -4.411e+05
 1.402e+06 -1.402e+06
 -3.91e+05 3.91e+05
 2.208e+05 -2.208e+05
 -2.233e+05 2.233e+05
 1.805e+05 -1.805e+05
 1.982e+05 -1.982e+05
 4.914e+05 -4.914e+05
 5.828e+05 -5.828e+05
 5.272e+05 -5.272e+05
 -1.027e+06 1.027e+06
 -1.027e+06 1.027e+06
 -6.335e+05 6.335e+05
 5.345e+05 -5.345e+05
 4.04e+05 -4.04e+05
 9.455e+04 -9.455e+04
 1.338e+06 -1.338e+06
 1.534e+05 -1.534e+05
 -1.96e+05 1.96e+05
 9775 -9775
 3.616e+05 -3.616e+05
 -1.105e+06 1.105e+06
 -4.081e+05 4.081e+05
 -2.095e+06 2.095e+06
 2.097e+06 -2.097e+06
 3.924e+05 -3.924e+05
 -2.364e+05 2.364e+05
 5.83e+05 -5.83e+05
 -2.917e+06 2.917e+06
 -2.259e+05 2.259e+05
 1.017e+06 -1.017e+06
 1.448e+05 -1.448e+05
 -1.139e+06 1.139e+06
 -1.186e+05 1.186e+05
 1.595e+05 -1.595e+05
 -1.454e+06 1.454e+06
 3.133e+05 -3.133e+05
 3.4e+05 -3.4e+05
 6.372e+05 -6.372e+05
 -4.645e+05 4.645e+05
 -9.365e+05 9.365e+05
 2.391e+05 -2.391e+05
 3.732e+05 -3.732e+05
 1.772e+06 -1.772e+06
 -1.14e+06 1.14e+06
 -6.184e+05 6.184e+05
 1.167e+06 -1.167e+06
 -1.317e+06 1.317e+06
 1.03e+05 -1.03e+05
 1.338e+06 -1.338e+06
 -4.685e+05 4.685e+05
 -1.079e+05 1.079e+05
 5.915e+05 -5.915e+05
 3.629e+06 -3.629e+06
 6.393e+05 -6.393e+05
 2.619e+05 -2.619e+05
 -1.627e+05 1.627e+05
 2.513e+05 -2.513e+05
 1.514e+06 -1.514e+06
 -7.28e+04 7.28e+04
 4.926e+04 -4.926e+04
 3.717e+05 -3.717e+05
 -4.53e+05 4.53e+05
 2.452e+05 -2.452e+05
 -6.753e+05 6.753e+05
 -6.873e+05 6.873e+05
 -5.305e+05 5.305e+05
 6.993e+05 -6.993e+05
 -1.795e+05 1.795e+05
 1.055e+06 -1.055e+06
 3.515e+05 -3.515e+05
 1.81e+06 -1.81e+06
 5.966e+04 -5.966e+04
 -7.448e+05 7.448e+05
 -8.972e+05 8.972e+05
 7.469e+05 -7.469e+05
 -8.743e+04 8.743e+04
 -2.316e+05 2.316e+05
 1.21e+06 -1.21e+06
 7.896e+05 -7.896e+05
 1.565e+06 -1.565e+06
 1.328e+06 -1.328e+06
 -3.817e+05 3.817e+05
 -3.512e+05 3.512e+05
 -2.109e+06 2.109e+06
 -6.813e+05 6.813e+05
 2.162e+05 -2.162e+05
 7.963e+05 -7.963e+05
 -1.364e+06 1.364e+06
 9.312e+04 -9.312e+04
 -3.452e+04 3.452e+04
 1.653e+06 -1.653e+06
 -1.53e+06 1.53e+06
 -1.237e+06 1.237e+06
 -6.974e+05 6.974e+05
 1.015e+06 -1.015e+06
