# Created by Octave 5.2.0, Fri Sep 25 00:49:02 2020 CEST <jiwidi@land>
# name: w
# type: matrix
# rows: 2001
# columns: 2
 0 0
 8.468e+05 -8.468e+05
 -5.222e+04 5.222e+04
 1.559e+06 -1.559e+06
 4.846e+04 -4.846e+04
 2.488e+05 -2.488e+05
 9.871e+05 -9.871e+05
 -1.545e+05 1.545e+05
 4.175e+05 -4.175e+05
 -1.922e+05 1.922e+05
 -1.147e+05 1.147e+05
 5.269e+04 -5.269e+04
 9.567e+04 -9.567e+04
 1.966e+05 -1.966e+05
 -3.058e+05 3.058e+05
 -7.608e+05 7.608e+05
 4.198e+05 -4.198e+05
 -6.051e+05 6.051e+05
 9.021e+05 -9.021e+05
 -1.103e+05 1.103e+05
 -5.605e+04 5.605e+04
 -6.743e+05 6.743e+05
 3.543e+05 -3.543e+05
 9786 -9786
 6.581e+04 -6.581e+04
 -7.723e+05 7.723e+05
 -1.977e+05 1.977e+05
 -6.135e+04 6.135e+04
 -2.952e+05 2.952e+05
 3.589e+05 -3.589e+05
 -4.832e+05 4.832e+05
 -5491 5491
 3.088e+05 -3.088e+05
 -3.517e+04 3.517e+04
 4.531e+05 -4.531e+05
 -1.5e+06 1.5e+06
 -1.454e+06 1.454e+06
 -3.4e+05 3.4e+05
 -6.831e+05 6.831e+05
 -2.116e+05 2.116e+05
 -5.484e+04 5.484e+04
 2.63e+05 -2.63e+05
 -2.774e+05 2.774e+05
 -7.425e+05 7.425e+05
 -4.115e+05 4.115e+05
 2.382e+05 -2.382e+05
 -5.823e+05 5.823e+05
 1.356e+06 -1.356e+06
 -5670 5670
 6.238e+05 -6.238e+05
 2.513e+05 -2.513e+05
 -2.983e+05 2.983e+05
 6.004e+04 -6.004e+04
 -6.267e+05 6.267e+05
 8.541e+05 -8.541e+05
 8.009e+05 -8.009e+05
 -1.323e+05 1.323e+05
 1.629e+05 -1.629e+05
 -9.448e+04 9.448e+04
 -9.837e+05 9.837e+05
 2.083e+05 -2.083e+05
 -2.559e+05 2.559e+05
 7.518e+04 -7.518e+04
 5.995e+05 -5.995e+05
 -4.389e+05 4.389e+05
 -1.792e+05 1.792e+05
 7.575e+05 -7.575e+05
 -1.69e+05 1.69e+05
 5.683e+05 -5.683e+05
 1.633e+05 -1.633e+05
 1.179e+05 -1.179e+05
 -1.219e+06 1.219e+06
 -1.183e+05 1.183e+05
 4.425e+05 -4.425e+05
 1.12e+06 -1.12e+06
 -6.112e+05 6.112e+05
 -2.141e+06 2.141e+06
 -6.236e+05 6.236e+05
 5.915e+05 -5.915e+05
 -9.728e+05 9.728e+05
 2.681e+05 -2.681e+05
 8.516e+04 -8.516e+04
 -7.839e+05 7.839e+05
 -1.445e+05 1.445e+05
 7071 -7071
 1.679e+05 -1.679e+05
 -1.063e+06 1.063e+06
 -2.304e+05 2.304e+05
 -4.73e+05 4.73e+05
 -9.113e+04 9.113e+04
 2.118e+05 -2.118e+05
 8.001e+05 -8.001e+05
 3.561e+04 -3.561e+04
 -7.467e+04 7.467e+04
 1.305e+06 -1.305e+06
 -8.155e+04 8.155e+04
 -2.891e+05 2.891e+05
 6.161e+05 -6.161e+05
 3.4e+04 -3.4e+04
 -7.653e+04 7.653e+04
 7.206e+04 -7.206e+04
 2.274e+05 -2.274e+05
 -4.81e+05 4.81e+05
 -6.124e+05 6.124e+05
 1.427e+05 -1.427e+05
 5.659e+05 -5.659e+05
 -1.169e+05 1.169e+05
 2.156e+05 -2.156e+05
 2.037e+05 -2.037e+05
 3.048e+05 -3.048e+05
 5.647e+05 -5.647e+05
 -1.483e+05 1.483e+05
 1.29e+05 -1.29e+05
 6.797e+04 -6.797e+04
 3.957e+05 -3.957e+05
 -3.018e+05 3.018e+05
 4.026e+05 -4.026e+05
 -2.852e+05 2.852e+05
 -6.799e+05 6.799e+05
 -4.093e+05 4.093e+05
 -2.032e+04 2.032e+04
 8.202e+05 -8.202e+05
 -1.862e+06 1.862e+06
 2.122e+05 -2.122e+05
 5.749e+05 -5.749e+05
 -1.606e+06 1.606e+06
 -3.406e+05 3.406e+05
 -2.853e+05 2.853e+05
 4.023e+05 -4.023e+05
 -7642 7642
 8.996e+05 -8.996e+05
 -3.648e+05 3.648e+05
 4.736e+04 -4.736e+04
 -2.961e+05 2.961e+05
 5.411e+05 -5.411e+05
 -3.824e+04 3.824e+04
 3.831e+05 -3.831e+05
 -1.736e+06 1.736e+06
 -1.991e+05 1.991e+05
 -2.009e+05 2.009e+05
 -9.972e+04 9.972e+04
 -1.838e+05 1.838e+05
 3.871e+05 -3.871e+05
 -3.005e+05 3.005e+05
 5.177e+05 -5.177e+05
 -3.131e+05 3.131e+05
 9.374e+05 -9.374e+05
 -8.331e+04 8.331e+04
 -4.744e+05 4.744e+05
 3.159e+05 -3.159e+05
 8.771e+04 -8.771e+04
 -9.783e+05 9.783e+05
 4.475e+05 -4.475e+05
 1.223e+06 -1.223e+06
 -1.07e+05 1.07e+05
 -3.332e+05 3.332e+05
 -1.799e+05 1.799e+05
 2.697e+05 -2.697e+05
 -7.251e+05 7.251e+05
 5.09e+04 -5.09e+04
 -1.32e+04 1.32e+04
 5.119e+05 -5.119e+05
 -5.846e+05 5.846e+05
 -9.364e+05 9.364e+05
 3.394e+05 -3.394e+05
 1.337e+06 -1.337e+06
 5.471e+05 -5.471e+05
 -4.429e+04 4.429e+04
 7.969e+04 -7.969e+04
 -4.166e+05 4.166e+05
 -1.964e+05 1.964e+05
 3.44e+05 -3.44e+05
 -4.257e+05 4.257e+05
 3.898e+05 -3.898e+05
 3.156e+05 -3.156e+05
 -5.047e+04 5.047e+04
 -5.016e+05 5.016e+05
 8.376e+05 -8.376e+05
 -3.293e+05 3.293e+05
 6.02e+04 -6.02e+04
 -4.079e+04 4.079e+04
 -6.171e+05 6.171e+05
 -1.139e+06 1.139e+06
 8.403e+05 -8.403e+05
 -1.011e+05 1.011e+05
 -3.168e+05 3.168e+05
 8.807e+05 -8.807e+05
 -5.165e+05 5.165e+05
 2.147e+05 -2.147e+05
 -8.785e+05 8.785e+05
 4.009e+05 -4.009e+05
 8.891e+04 -8.891e+04
 -2.232e+05 2.232e+05
 -6.823e+04 6.823e+04
 -4.312e+05 4.312e+05
 -4.977e+05 4.977e+05
 -1.355e+05 1.355e+05
 -5.649e+05 5.649e+05
 -1.034e+04 1.034e+04
 1.522e+06 -1.522e+06
 2.951e+05 -2.951e+05
 -3.643e+05 3.643e+05
 -8.441e+05 8.441e+05
 1.006e+06 -1.006e+06
 -2.845e+05 2.845e+05
 3.579e+05 -3.579e+05
 -9.025e+04 9.025e+04
 -3.617e+05 3.617e+05
 -2.051e+05 2.051e+05
 7.812e+05 -7.812e+05
 -1.966e+06 1.966e+06
 1.777e+05 -1.777e+05
 -4.891e+05 4.891e+05
 6.007e+05 -6.007e+05
 -4.249e+05 4.249e+05
 1.26e+06 -1.26e+06
 -1.834e+05 1.834e+05
 -5.024e+05 5.024e+05
 1.045e+05 -1.045e+05
 4.951e+05 -4.951e+05
 -3.744e+05 3.744e+05
 -2.067e+04 2.067e+04
 5.89e+05 -5.89e+05
 5.967e+05 -5.967e+05
 6.419e+05 -6.419e+05
 5.843e+05 -5.843e+05
 1.471e+05 -1.471e+05
 -1.177e+05 1.177e+05
 2.448e+05 -2.448e+05
 -7.489e+05 7.489e+05
 3.034e+05 -3.034e+05
 1.001e+06 -1.001e+06
 2.242e+05 -2.242e+05
 -7.144e+05 7.144e+05
 2.75e+05 -2.75e+05
 -1.814e+05 1.814e+05
 -2.187e+05 2.187e+05
 -6.774e+05 6.774e+05
 8.318e+05 -8.318e+05
 3.877e+05 -3.877e+05
 -7.52e+05 7.52e+05
 -1.939e+05 1.939e+05
 -3.476e+05 3.476e+05
 -3.763e+04 3.763e+04
 -4.974e+05 4.974e+05
 -6.405e+05 6.405e+05
 4.5e+05 -4.5e+05
 1.821e+05 -1.821e+05
 -2.455e+05 2.455e+05
 -7.219e+05 7.219e+05
 7.578e+05 -7.578e+05
 3.156e+05 -3.156e+05
 3.267e+05 -3.267e+05
 1.772e+05 -1.772e+05
 -2.915e+05 2.915e+05
 4.227e+05 -4.227e+05
 1.876e+05 -1.876e+05
 1.103e+06 -1.103e+06
 7.407e+05 -7.407e+05
 -5.927e+04 5.927e+04
 1.417e+06 -1.417e+06
 -3.017e+05 3.017e+05
 1.183e+05 -1.183e+05
 -4.869e+05 4.869e+05
 2.904e+05 -2.904e+05
 2.594e+05 -2.594e+05
 6.096e+04 -6.096e+04
 6.279e+04 -6.279e+04
 1.38e+04 -1.38e+04
 1.017e+06 -1.017e+06
 7.179e+04 -7.179e+04
 -5.214e+05 5.214e+05
 -3.496e+05 3.496e+05
 -7.657e+04 7.657e+04
 -5.718e+04 5.718e+04
 3.357e+05 -3.357e+05
 3.161e+05 -3.161e+05
 -8.262e+04 8.262e+04
 -7.152e+05 7.152e+05
 -2.544e+05 2.544e+05
 -5.87e+05 5.87e+05
 2.561e+05 -2.561e+05
 3.318e+05 -3.318e+05
 4.798e+04 -4.798e+04
 1.029e+06 -1.029e+06
 2.196e+05 -2.196e+05
 2.894e+05 -2.894e+05
 -2.158e+05 2.158e+05
 5.026e+05 -5.026e+05
 -9.448e+05 9.448e+05
 -6.172e+04 6.172e+04
 -1.544e+06 1.544e+06
 1.098e+06 -1.098e+06
 1.985e+05 -1.985e+05
 1689 -1689
 1.671e+05 -1.671e+05
 -1.345e+06 1.345e+06
 -1.696e+05 1.696e+05
 6.081e+05 -6.081e+05
 4.164e+04 -4.164e+04
 -5.784e+05 5.784e+05
 -1.328e+04 1.328e+04
 4.713e+05 -4.713e+05
 -1.003e+06 1.003e+06
 4.036e+05 -4.036e+05
 7.955e+04 -7.955e+04
 5.081e+05 -5.081e+05
 -1.803e+05 1.803e+05
 1.1e+05 -1.1e+05
 1.683e+05 -1.683e+05
 -1.49e+04 1.49e+04
 1.066e+06 -1.066e+06
 -7.419e+05 7.419e+05
 -1.011e+06 1.011e+06
 6.179e+05 -6.179e+05
 -6.914e+05 6.914e+05
 2.824e+04 -2.824e+04
 3.947e+05 -3.947e+05
 -1.818e+05 1.818e+05
 -2.623e+05 2.623e+05
 5.306e+05 -5.306e+05
 2.351e+06 -2.351e+06
 4.047e+05 -4.047e+05
 -4.126e+04 4.126e+04
 -5.067e+05 5.067e+05
 2.568e+05 -2.568e+05
 9.044e+05 -9.044e+05
 3.576e+05 -3.576e+05
 1.59e+04 -1.59e+04
 1.644e+05 -1.644e+05
 -6.306e+05 6.306e+05
 1.693e+05 -1.693e+05
 2.097e+05 -2.097e+05
 -6.128e+05 6.128e+05
 -4.691e+05 4.691e+05
 1.142e+05 -1.142e+05
 -6.672e+04 6.672e+04
 1.224e+06 -1.224e+06
 6.734e+05 -6.734e+05
 1.01e+06 -1.01e+06
 -4.138e+04 4.138e+04
 -5.616e+05 5.616e+05
 -4.044e+05 4.044e+05
 5.057e+05 -5.057e+05
 3.445e+04 -3.445e+04
 -3.053e+05 3.053e+05
 8.997e+05 -8.997e+05
 2.455e+05 -2.455e+05
 8.306e+05 -8.306e+05
 6.707e+05 -6.707e+05
 -2.691e+05 2.691e+05
 -1.17e+05 1.17e+05
 -1.176e+06 1.176e+06
 -3.405e+05 3.405e+05
 -2.843e+05 2.843e+05
 5.106e+05 -5.106e+05
 -4.695e+05 4.695e+05
 -2.762e+05 2.762e+05
 -6.69e+04 6.69e+04
 1.067e+06 -1.067e+06
 -8.437e+05 8.437e+05
 -5.952e+05 5.952e+05
 -6.229e+05 6.229e+05
 5.363e+05 -5.363e+05
