# Created by Octave 5.2.0, Fri Sep 25 00:31:11 2020 CEST <jiwidi@land>
# name: w
# type: matrix
# rows: 2001
# columns: 2
 0 0
 8235 -8235
 1069 -1069
 1.312e+04 -1.312e+04
 470.8 -470.8
 2199 -2199
 8939 -8939
 -2013 2013
 3599 -3599
 -977.6 977.6
 -2946 2946
 1105 -1105
 193.3 -193.3
 2084 -2084
 -2839 2839
 -6662 6662
 3375 -3375
 -6415 6415
 6990 -6990
 -407.5 407.5
 -1383 1383
 -7150 7150
 4852 -4852
 -196.5 196.5
 105 -105
 -5686 5686
 -81.89 81.89
 -1408 1408
 -2769 2769
 3517 -3517
 -6199 6199
 444.8 -444.8
 2382 -2382
 -244.7 244.7
 4370 -4370
 -1.317e+04 1.317e+04
 -1.222e+04 1.222e+04
 -4071 4071
 -6176 6176
 -2276 2276
 -214.3 214.3
 3678 -3678
 -2618 2618
 -6612 6612
 -3686 3686
 2972 -2972
 -5643 5643
 1.046e+04 -1.046e+04
 -373.6 373.6
 4319 -4319
 1947 -1947
 -2383 2383
 203.6 -203.6
 -7998 7998
 6918 -6918
 7003 -7003
 -1588 1588
 2603 -2603
 -717.5 717.5
 -9212 9212
 987.7 -987.7
 -2012 2012
 -557 557
 5349 -5349
 -4180 4180
 -1692 1692
 7354 -7354
 367.3 -367.3
 4445 -4445
 618.6 -618.6
 2540 -2540
 -1.121e+04 1.121e+04
 -1202 1202
 2864 -2864
 1.042e+04 -1.042e+04
 -5050 5050
 -2.251e+04 2.251e+04
 -6238 6238
 4887 -4887
 -8703 8703
 1543 -1543
 643.1 -643.1
 -6645 6645
 -2669 2669
 -90.61 90.61
 984.7 -984.7
 -1.049e+04 1.049e+04
 -1333 1333
 -3839 3839
 -4318 4318
 1322 -1322
 8126 -8126
 153.1 -153.1
 -510.4 510.4
 1.283e+04 -1.283e+04
 -818.3 818.3
 -1608 1608
 5051 -5051
 238.9 -238.9
 -887.4 887.4
 -58.58 58.58
 1191 -1191
 -4523 4523
 -2762 2762
 1118 -1118
 4879 -4879
 -3797 3797
 999.1 -999.1
 1182 -1182
 3446 -3446
 4743 -4743
 -784.8 784.8
 333.2 -333.2
 1341 -1341
 2300 -2300
 -3799 3799
 3509 -3509
 -2115 2115
 -5901 5901
 -3217 3217
 1346 -1346
 7767 -7767
 -1.704e+04 1.704e+04
 1010 -1010
 6163 -6163
 -1.353e+04 1.353e+04
 -2931 2931
 -2071 2071
 2899 -2899
 -633.1 633.1
 6837 -6837
 -4134 4134
 -618.2 618.2
 -3609 3609
 2816 -2816
 385.1 -385.1
 3981 -3981
 -1.55e+04 1.55e+04
 -1519 1519
 -1550 1550
 -251 251
 -1272 1272
 3574 -3574
 -1174 1174
 4622 -4622
 -1827 1827
 7585 -7585
 -1029 1029
 -5612 5612
 3484 -3484
 1773 -1773
 -8247 8247
 5569 -5569
 1.18e+04 -1.18e+04
 -457.7 457.7
 -2979 2979
 -2157 2157
 2589 -2589
 -6616 6616
 1010 -1010
 678.8 -678.8
 4239 -4239
 -5594 5594
 -7530 7530
 2648 -2648
 9834 -9834
 2027 -2027
 -1481 1481
 993.5 -993.5
 -3471 3471
 -1704 1704
 2253 -2253
 -4320 4320
 3589 -3589
 2840 -2840
 -551.5 551.5
 -4136 4136
 7728 -7728
 -1203 1203
 843.4 -843.4
 -660.1 660.1
 -6254 6254
 -9958 9958
 8417 -8417
 -662.1 662.1
 -2631 2631
 6644 -6644
 -3625 3625
 1574 -1574
 -7312 7312
 3433 -3433
 1359 -1359
 -1332 1332
 -1253 1253
 -4085 4085
 -4960 4960
 -1858 1858
 -5770 5770
 323.8 -323.8
 1.374e+04 -1.374e+04
 3625 -3625
 -4014 4014
 -8539 8539
 9177 -9177
 -3406 3406
 3092 -3092
 -2821 2821
 -2815 2815
 -1798 1798
 5832 -5832
 -1.93e+04 1.93e+04
 1207 -1207
 -5523 5523
 4593 -4593
 -4314 4314
 9764 -9764
 -1893 1893
 -3904 3904
 116.4 -116.4
 6057 -6057
 -2718 2718
 -1313 1313
 7387 -7387
 5020 -5020
 6477 -6477
 3790 -3790
 2870 -2870
 -372.3 372.3
 3187 -3187
 -7500 7500
 2426 -2426
 1.052e+04 -1.052e+04
 1101 -1101
 -7969 7969
 2803 -2803
 -1998 1998
 -2999 2999
 -6527 6527
 7314 -7314
 3535 -3535
 -8705 8705
 -2614 2614
 -3634 3634
 557.6 -557.6
 -4628 4628
 -6020 6020
 3372 -3372
 3506 -3506
 -1863 1863
 -7231 7231
 8557 -8557
 2252 -2252
 2353 -2353
 2643 -2643
 -1913 1913
 2725 -2725
 1481 -1481
 1.221e+04 -1.221e+04
 8501 -8501
 -751 751
 1.053e+04 -1.053e+04
 -2152 2152
 101.9 -101.9
 -3683 3683
 2590 -2590
 2220 -2220
 1124 -1124
 653.3 -653.3
 412.8 -412.8
 8548 -8548
 656.4 -656.4
 -5809 5809
 -5710 5710
 69.91 -69.91
 -810.7 810.7
 3294 -3294
 1925 -1925
 -83.55 83.55
 -6148 6148
 -276.8 276.8
 -5981 5981
 1440 -1440
 2691 -2691
 448.6 -448.6
 8310 -8310
 2577 -2577
 2239 -2239
 -2462 2462
 3238 -3238
 -9189 9189
 439.3 -439.3
 -1.426e+04 1.426e+04
 9795 -9795
 1617 -1617
 899 -899
 778.5 -778.5
 -1.286e+04 1.286e+04
 -1647 1647
 4555 -4555
 1645 -1645
 -4274 4274
 74.17 -74.17
 4649 -4649
 -8046 8046
 4575 -4575
 712.8 -712.8
 5411 -5411
 -833.2 833.2
 578.6 -578.6
 1951 -1951
 36.6 -36.6
 1.257e+04 -1.257e+04
 -7253 7253
 -9291 9291
 4540 -4540
 -5854 5854
 133.1 -133.1
 4876 -4876
 -976.8 976.8
 -935.3 935.3
 5105 -5105
 2.206e+04 -2.206e+04
 3661 -3661
 -441.5 441.5
 -4377 4377
 3251 -3251
 8161 -8161
 4451 -4451
 2918 -2918
 3012 -3012
 -7255 7255
 1284 -1284
 2311 -2311
 -5927 5927
 -3325 3325
 1027 -1027
 -338.8 338.8
 1.012e+04 -1.012e+04
 6404 -6404
 9184 -9184
 639 -639
 -3747 3747
 -1713 1713
 5902 -5902
 -2136 2136
 -3138 3138
 8740 -8740
 1574 -1574
 7602 -7602
 3082 -3082
 -2397 2397
 -204.8 204.8
 -1.091e+04 1.091e+04
 -2764 2764
 -2911 2911
 3867 -3867
 -3970 3970
 -2055 2055
 -442 442
 1.044e+04 -1.044e+04
 -7908 7908
 -3457 3457
 -5051 5051
 4583 -4583
 -1988 1988
 1699 -1699
 3430 -3430
 -9411 9411
 1282 -1282
 -1.162e+04 1.162e+04
 3783 -3783
 3467 -3467
 -2623 2623
 -1.18e+04 1.18e+04
 -1.055e+04 1.055e+04
 877.6 -877.6
 -1059 1059
 9269 -9269
 1438 -1438
 -1.357e+04 1.357e+04
 -4041 4041
 -4432 4432
 -770 770
 -3603 3603
 389.5 -389.5
 6143 -6143
 2721 -2721
 8853 -8853
 5864 -5864
 -4486 4486
 -605.9 605.9
 -538.5 538.5
 1121 -1121
 -1.114e+04 1.114e+04
 47.58 -47.58
 2091 -2091
 -2340 2340
 1997 -1997
 528.9 -528.9
 9015 -9015
 404.4 -404.4
 -5374 5374
 -4058 4058
 3363 -3363
 -2384 2384
 892.1 -892.1
 586.3 -586.3
 -247.8 247.8
 -2037 2037
 9860 -9860
 -3959 3959
 96.06 -96.06
 -1776 1776
 4371 -4371
 -7582 7582
 -367.9 367.9
 3211 -3211
 -1502 1502
 6954 -6954
 20.29 -20.29
 7884 -7884
 -5638 5638
 1.39e+04 -1.39e+04
 4017 -4017
 -4172 4172
 -2536 2536
 -4753 4753
 -813.9 813.9
 -253.8 253.8
 -1971 1971
 7675 -7675
 -3137 3137
 3934 -3934
 3288 -3288
 -5498 5498
 -1558 1558
 -2493 2493
 1834 -1834
 -1.26e+04 1.26e+04
 572.1 -572.1
 -6907 6907
 -1274 1274
 -1.499e+04 1.499e+04
 7113 -7113
 2799 -2799
 -6851 6851
 -4381 4381
 2504 -2504
 663.5 -663.5
 8953 -8953
 -2181 2181
 -849.6 849.6
 9278 -9278
 511.3 -511.3
 -1286 1286
 7959 -7959
 3364 -3364
 1.141e+04 -1.141e+04
 163 -163
 642.3 -642.3
 -1176 1176
 23.9 -23.9
 7388 -7388
 801.1 -801.1
 7327 -7327
 -1816 1816
 4947 -4947
 -2748 2748
 2301 -2301
 4771 -4771
 -4827 4827
 897.5 -897.5
 -824.4 824.4
 -5168 5168
 -253.2 253.2
 4826 -4826
 -4095 4095
 -534.8 534.8
 -5574 5574
 3802 -3802
 -983.2 983.2
 -5379 5379
 -159 159
 2737 -2737
 -2575 2575
 -16.34 16.34
 1521 -1521
 -9868 9868
 -189.5 189.5
 -4230 4230
 -6013 6013
 194.7 -194.7
 -1406 1406
 -3454 3454
 -917.4 917.4
 -8488 8488
 -5866 5866
 -1412 1412
 8771 -8771
 -1.456e+04 1.456e+04
 2322 -2322
 3395 -3395
 -8999 8999
 -755.2 755.2
 466.8 -466.8
 -8926 8926
 -7196 7196
 -1494 1494
 -1664 1664
 8548 -8548
 -869.2 869.2
 -3119 3119
 910.8 -910.8
 3362 -3362
 -5357 5357
 2434 -2434
 -5017 5017
 -652.4 652.4
 -2835 2835
 -8838 8838
 562.4 -562.4
 3887 -3887
 -7219 7219
 4410 -4410
 -9385 9385
 2550 -2550
 -3158 3158
 5689 -5689
 1041 -1041
 51.78 -51.78
 6919 -6919
 -1661 1661
 -4954 4954
 -389.3 389.3
 3760 -3760
 -1.272e+04 1.272e+04
 1.302e+04 -1.302e+04
 1078 -1078
 1.076e+04 -1.076e+04
 -589.3 589.3
 -5989 5989
 -4746 4746
 -4478 4478
 -4835 4835
 6452 -6452
 -1.036e+04 1.036e+04
 3868 -3868
 -4123 4123
 -6222 6222
 2374 -2374
 5710 -5710
 -2092 2092
 6247 -6247
 -4238 4238
 5848 -5848
 269.3 -269.3
 3270 -3270
 -6033 6033
 -218.3 218.3
 -2255 2255
 4258 -4258
 -173.3 173.3
 2189 -2189
 -2091 2091
 -4479 4479
 1158 -1158
 6539 -6539
 2405 -2405
 -3392 3392
 -5058 5058
 -396.5 396.5
 2068 -2068
 4616 -4616
 1.388e+04 -1.388e+04
 -5177 5177
 -2030 2030
 -630.7 630.7
 5456 -5456
 4678 -4678
 -243.8 243.8
 7144 -7144
 3923 -3923
 -812.8 812.8
 -4211 4211
 8603 -8603
 1.885e+04 -1.885e+04
 3149 -3149
 1170 -1170
 212.1 -212.1
 4158 -4158
 -2026 2026
 3345 -3345
 -4479 4479
 6005 -6005
 1567 -1567
 -7626 7626
 -3434 3434
 1580 -1580
 -373.9 373.9
 1470 -1470
 -5246 5246
 -2663 2663
 945 -945
 6511 -6511
 7213 -7213
 3181 -3181
