# Created by Octave 5.2.0, Fri Sep 25 00:23:13 2020 CEST <jiwidi@land>
# name: w
# type: matrix
# rows: 2001
# columns: 2
 0 0
 846.8 -846.8
 -52.22 52.22
 1559 -1559
 48.46 -48.46
 248.8 -248.8
 987.1 -987.1
 -154.5 154.5
 417.5 -417.5
 -192.2 192.2
 -114.7 114.7
 52.7 -52.7
 95.67 -95.67
 196.6 -196.6
 -305.8 305.8
 -760.8 760.8
 419.8 -419.8
 -605.1 605.1
 902.1 -902.1
 -110.3 110.3
 -56.05 56.05
 -674.3 674.3
 354.3 -354.3
 9.786 -9.786
 65.81 -65.81
 -772.3 772.3
 -197.7 197.7
 -61.35 61.35
 -295.2 295.2
 358.9 -358.9
 -483.2 483.2
 -5.491 5.491
 308.8 -308.8
 -35.17 35.17
 453.1 -453.1
 -1500 1500
 -1454 1454
 -340 340
 -683.1 683.1
 -211.6 211.6
 -54.84 54.84
 263 -263
 -277.4 277.4
 -742.5 742.5
 -411.5 411.5
 238.2 -238.2
 -582.3 582.3
 1356 -1356
 -5.67 5.67
 623.8 -623.8
 251.3 -251.3
 -298.3 298.3
 60.04 -60.04
 -626.7 626.7
 854.1 -854.1
 800.9 -800.9
 -132.3 132.3
 162.9 -162.9
 -94.48 94.48
 -983.7 983.7
 208.3 -208.3
 -255.9 255.9
 75.18 -75.18
 599.5 -599.5
 -438.9 438.9
 -179.2 179.2
 757.5 -757.5
 -169 169
 568.3 -568.3
 163.3 -163.3
 117.9 -117.9
 -1219 1219
 -118.3 118.3
 442.5 -442.5
 1120 -1120
 -611.2 611.2
 -2141 2141
 -623.6 623.6
 591.5 -591.5
 -972.8 972.8
 268.1 -268.1
 85.16 -85.16
 -783.9 783.9
 -144.5 144.5
 7.071 -7.071
 167.9 -167.9
 -1063 1063
 -230.4 230.4
 -473 473
 -91.13 91.13
 211.8 -211.8
 800.1 -800.1
 35.61 -35.61
 -74.67 74.67
 1305 -1305
 -81.55 81.55
 -289.1 289.1
 616.1 -616.1
 34 -34
 -76.53 76.53
 72.06 -72.06
 227.4 -227.4
 -481 481
 -612.4 612.4
 142.7 -142.7
 565.9 -565.9
 -116.9 116.9
 215.6 -215.6
 203.7 -203.7
 304.8 -304.8
 564.7 -564.7
 -148.3 148.3
 129 -129
 67.97 -67.97
 395.7 -395.7
 -301.8 301.8
 402.6 -402.6
 -285.2 285.2
 -679.9 679.9
 -409.3 409.3
 -20.32 20.32
 820.2 -820.2
 -1862 1862
 212.2 -212.2
 574.9 -574.9
 -1606 1606
 -340.6 340.6
 -285.3 285.3
 402.3 -402.3
 -7.642 7.642
 899.6 -899.6
 -364.8 364.8
 47.36 -47.36
 -296.1 296.1
 541.1 -541.1
 -38.24 38.24
 383.1 -383.1
 -1736 1736
 -199.1 199.1
 -200.9 200.9
 -99.72 99.72
 -183.8 183.8
 387.1 -387.1
 -300.5 300.5
 517.7 -517.7
 -313.1 313.1
 937.4 -937.4
 -83.31 83.31
 -474.4 474.4
 315.9 -315.9
 87.71 -87.71
 -978.3 978.3
 447.5 -447.5
 1223 -1223
 -107 107
 -333.2 333.2
 -179.9 179.9
 269.7 -269.7
 -725.1 725.1
 50.9 -50.9
 -13.2 13.2
 511.9 -511.9
 -584.6 584.6
 -936.4 936.4
 339.4 -339.4
 1337 -1337
 547.1 -547.1
 -44.29 44.29
 79.69 -79.69
 -416.6 416.6
 -196.4 196.4
 344 -344
 -425.7 425.7
 389.8 -389.8
 315.6 -315.6
 -50.47 50.47
 -501.6 501.6
 837.6 -837.6
 -329.3 329.3
 60.2 -60.2
 -40.79 40.79
 -617.1 617.1
 -1139 1139
 840.3 -840.3
 -101.1 101.1
 -316.8 316.8
 880.7 -880.7
 -516.5 516.5
 214.7 -214.7
 -878.5 878.5
 400.9 -400.9
 88.91 -88.91
 -223.2 223.2
 -68.23 68.23
 -431.2 431.2
 -497.7 497.7
 -135.5 135.5
 -564.9 564.9
 -10.34 10.34
 1522 -1522
 295.1 -295.1
 -364.3 364.3
 -844.1 844.1
 1006 -1006
 -284.5 284.5
 357.9 -357.9
 -90.25 90.25
 -361.7 361.7
 -205.1 205.1
 781.2 -781.2
 -1966 1966
 177.7 -177.7
 -489.1 489.1
 600.7 -600.7
 -424.9 424.9
 1260 -1260
 -183.4 183.4
 -502.4 502.4
 104.5 -104.5
 495.1 -495.1
 -374.4 374.4
 -20.67 20.67
 589 -589
 596.7 -596.7
 641.9 -641.9
 584.3 -584.3
 147.1 -147.1
 -117.7 117.7
 244.8 -244.8
 -748.9 748.9
 303.4 -303.4
 1001 -1001
 224.2 -224.2
 -714.4 714.4
 275 -275
 -181.4 181.4
 -218.7 218.7
 -677.4 677.4
 831.8 -831.8
 387.7 -387.7
 -752 752
 -193.9 193.9
 -347.6 347.6
 -37.63 37.63
 -497.4 497.4
 -640.5 640.5
 450 -450
 182.1 -182.1
 -245.5 245.5
 -721.9 721.9
 757.8 -757.8
 315.6 -315.6
 326.7 -326.7
 177.2 -177.2
 -291.5 291.5
 422.7 -422.7
 187.6 -187.6
 1103 -1103
 740.7 -740.7
 -59.27 59.27
 1417 -1417
 -301.7 301.7
 118.3 -118.3
 -486.9 486.9
 290.4 -290.4
 259.4 -259.4
 60.96 -60.96
 62.79 -62.79
 13.8 -13.8
 1017 -1017
 71.79 -71.79
 -521.4 521.4
 -349.6 349.6
 -76.57 76.57
 -57.18 57.18
 335.7 -335.7
 316.1 -316.1
 -82.62 82.62
 -715.2 715.2
 -254.4 254.4
 -587 587
 256.1 -256.1
 331.8 -331.8
 47.98 -47.98
 1029 -1029
 219.6 -219.6
 289.4 -289.4
 -215.8 215.8
 502.6 -502.6
 -944.8 944.8
 -61.72 61.72
 -1544 1544
 1098 -1098
 198.5 -198.5
 1.689 -1.689
 167.1 -167.1
 -1345 1345
 -169.6 169.6
 608.1 -608.1
 41.64 -41.64
 -578.4 578.4
 -13.28 13.28
 471.3 -471.3
 -1003 1003
 403.6 -403.6
 79.55 -79.55
 508.1 -508.1
 -180.3 180.3
 110 -110
 168.3 -168.3
 -14.9 14.9
 1066 -1066
 -741.9 741.9
 -1011 1011
 617.9 -617.9
 -691.4 691.4
 28.24 -28.24
 394.7 -394.7
 -181.8 181.8
 -262.3 262.3
 530.6 -530.6
 2351 -2351
 404.7 -404.7
 -41.26 41.26
 -506.7 506.7
 256.8 -256.8
 904.4 -904.4
 357.6 -357.6
 15.9 -15.9
 164.4 -164.4
 -630.6 630.6
 169.3 -169.3
 209.7 -209.7
 -612.8 612.8
 -469.1 469.1
 114.2 -114.2
 -66.72 66.72
 1224 -1224
 673.4 -673.4
 1010 -1010
 -41.38 41.38
 -561.6 561.6
 -404.4 404.4
 505.7 -505.7
 34.45 -34.45
 -305.3 305.3
 899.7 -899.7
 245.5 -245.5
 830.6 -830.6
 670.7 -670.7
 -269.1 269.1
 -117 117
 -1176 1176
 -340.5 340.5
 -284.3 284.3
 510.6 -510.6
 -469.5 469.5
 -276.2 276.2
 -66.9 66.9
 1067 -1067
 -843.7 843.7
 -595.2 595.2
 -622.9 622.9
 536.3 -536.3
 -188 188
 229.7 -229.7
 436.7 -436.7
 -964.9 964.9
 297.5 -297.5
 -1351 1351
 449 -449
 343.1 -343.1
 -367.1 367.1
 -1279 1279
 -1279 1279
 108.3 -108.3
 -93 93
 972.1 -972.1
 -48.98 48.98
 -1539 1539
 -335.5 335.5
 -505.4 505.4
 -40.73 40.73
 -387.7 387.7
 29.39 -29.39
 496.2 -496.2
 195.9 -195.9
 925.2 -925.2
 659.9 -659.9
 -320.5 320.5
 -203.4 203.4
 -90.87 90.87
 48.32 -48.32
 -997.4 997.4
 -57.45 57.45
 213.9 -213.9
 -260.6 260.6
 327.2 -327.2
 -86.77 86.77
 887.7 -887.7
 -103.8 103.8
 -644.4 644.4
 -401.1 401.1
 356 -356
 -320.8 320.8
 -95.82 95.82
 122.9 -122.9
 -68.84 68.84
 -294.9 294.9
 1182 -1182
 -452.1 452.1
 104.4 -104.4
 -156.1 156.1
 375.7 -375.7
 -999.6 999.6
 -0.4369 0.4369
 374.7 -374.7
 -257 257
 807.5 -807.5
 140 -140
 783.6 -783.6
 -642.6 642.6
 1673 -1673
 369.3 -369.3
 -511.9 511.9
 -271.2 271.2
 -665.4 665.4
 -141.7 141.7
 -63.73 63.73
 -242.9 242.9
 885.4 -885.4
 -562 562
 604.9 -604.9
 186 -186
 -496.5 496.5
 -133.4 133.4
 -395.3 395.3
 195.3 -195.3
 -1340 1340
 46.85 -46.85
 -480.8 480.8
 -148.6 148.6
 -1478 1478
 901.9 -901.9
 307.5 -307.5
 -674.7 674.7
 -335.1 335.1
 231.8 -231.8
 33.41 -33.41
 1051 -1051
 -30.22 30.22
 15.49 -15.49
 1146 -1146
 137.5 -137.5
 -60.59 60.59
 924.3 -924.3
 178 -178
 1264 -1264
 -129.8 129.8
 -8.923 8.923
 -77.87 77.87
 124.2 -124.2
 557.1 -557.1
 116.7 -116.7
 797.8 -797.8
 -220.2 220.2
 449.8 -449.8
 -239.2 239.2
 248.7 -248.7
 348.7 -348.7
 -471.6 471.6
 20.51 -20.51
 88.2 -88.2
 -636.8 636.8
 -39.75 39.75
 630.8 -630.8
 -465.9 465.9
 -98.76 98.76
 -446.3 446.3
 418 -418
 -101.9 101.9
 -447.1 447.1
 185.1 -185.1
 294.3 -294.3
 -76.67 76.67
 -4.737 4.737
 147.1 -147.1
 -1192 1192
 -28.65 28.65
 -292.9 292.9
 -731.3 731.3
 52.44 -52.44
 -121.2 121.2
 -419.9 419.9
 -166.1 166.1
 -863.3 863.3
 -764.5 764.5
 -103.8 103.8
 814 -814
 -1567 1567
 424 -424
 433.5 -433.5
 -879.6 879.6
 -61.91 61.91
 -122.9 122.9
 -1093 1093
 -803.2 803.2
 -68.47 68.47
 -185.2 185.2
 836.6 -836.6
 -69.01 69.01
 -223.8 223.8
 -218.6 218.6
 295 -295
 -318 318
 243.2 -243.2
 -455.4 455.4
 112.4 -112.4
 -136.2 136.2
 -884 884
 112.1 -112.1
 610.4 -610.4
 -757.1 757.1
 506.2 -506.2
 -1229 1229
 359.8 -359.8
 -432.2 432.2
 506.9 -506.9
 105.6 -105.6
 -101.5 101.5
 824.3 -824.3
 -132.1 132.1
 -543.3 543.3
 43.08 -43.08
 290.8 -290.8
 -1403 1403
 1435 -1435
 95.23 -95.23
 1032 -1032
 -53.14 53.14
 -750 750
 -505.8 505.8
 -552.5 552.5
 -283 283
 619.7 -619.7
 -1216 1216
 428.4 -428.4
 -495.2 495.2
 -764.6 764.6
 171.7 -171.7
 809.3 -809.3
 -314.4 314.4
 765.3 -765.3
 -536.5 536.5
 640.9 -640.9
 -93.78 93.78
 339.5 -339.5
 -750.3 750.3
 41.54 -41.54
 -78.19 78.19
 451 -451
 -74.32 74.32
 186.7 -186.7
 -217.8 217.8
 -516.5 516.5
 44.09 -44.09
 893.8 -893.8
 195.2 -195.2
 -433.4 433.4
 -361.5 361.5
 -157.8 157.8
 202.7 -202.7
 490.6 -490.6
 1446 -1446
 -613.1 613.1
 -88.04 88.04
 -87.7 87.7
 653.3 -653.3
 407.2 -407.2
 -137.9 137.9
 713.9 -713.9
 381.8 -381.8
