# Created by Octave 5.2.0, Fri Sep 25 00:43:00 2020 CEST <jiwidi@land>
# name: w
# type: matrix
# rows: 2001
# columns: 2
 -2e+04 2e+04
 1.288e+05 -1.288e+05
 -2.061e+05 2.061e+05
 3.979e+04 -3.979e+04
 -6.685e+04 6.685e+04
 1.48e+05 -1.48e+05
 3.202e+05 -3.202e+05
 2.842e+04 -2.842e+04
 5.47e+04 -5.47e+04
 -1.044e+05 1.044e+05
 2.422e+05 -2.422e+05
 -8.706e+04 8.706e+04
 1.269e+04 -1.269e+04
 1.095e+05 -1.095e+05
 -5.418e+04 5.418e+04
 -3.79e+05 3.79e+05
 1.729e+05 -1.729e+05
 -1.271e+05 1.271e+05
 -4.332e+04 4.332e+04
 1.77e+05 -1.77e+05
 -2.165e+05 2.165e+05
 -3.594e+05 3.594e+05
 -8.727e+04 8.727e+04
 -2.787e+05 2.787e+05
 1.795e+05 -1.795e+05
 -2.683e+05 2.683e+05
 1.958e+04 -1.958e+04
 4.018e+05 -4.018e+05
 -8.387e+04 8.387e+04
 -1.717e+04 1.717e+04
 -2.12e+04 2.12e+04
 -1.032e+04 1.032e+04
 1.905e+05 -1.905e+05
 -5.222e+04 5.222e+04
 1.66e+05 -1.66e+05
 -2.731e+05 2.731e+05
 -3.321e+05 3.321e+05
 -8.641e+04 8.641e+04
 -1.937e+05 1.937e+05
 -1.002e+05 1.002e+05
 -2.176e+05 2.176e+05
 2.171e+05 -2.171e+05
 -1.157e+05 1.157e+05
 -1.633e+05 1.633e+05
 2.489e+04 -2.489e+04
 3.319e+05 -3.319e+05
 -7.552e+04 7.552e+04
 4.96e+05 -4.96e+05
 -2.804e+05 2.804e+05
 7.556e+04 -7.556e+04
 5.032e+04 -5.032e+04
 1.008e+05 -1.008e+05
 -2431 2431
 -2.648e+05 2.648e+05
 5.455e+05 -5.455e+05
 2.648e+05 -2.648e+05
 6.047e+04 -6.047e+04
 5.744e+04 -5.744e+04
 1.804e+04 -1.804e+04
 -2.483e+04 2.483e+04
 9.502e+04 -9.502e+04
 -1.369e+05 1.369e+05
 1.359e+05 -1.359e+05
 2e+05 -2e+05
 -1.38e+05 1.38e+05
 -5.551e+04 5.551e+04
 2.503e+05 -2.503e+05
 -1.35e+05 1.35e+05
 1.482e+05 -1.482e+05
 1.472e+05 -1.472e+05
 -3.825e+05 3.825e+05
 -3.152e+05 3.152e+05
 -1.287e+05 1.287e+05
 1.912e+05 -1.912e+05
 5.185e+05 -5.185e+05
 -2.088e+05 2.088e+05
 -7.241e+05 7.241e+05
 -2.261e+05 2.261e+05
 1.834e+05 -1.834e+05
 -5.014e+04 5.014e+04
 1.92e+05 -1.92e+05
 -4.267e+04 4.267e+04
 -1.09e+05 1.09e+05
 -8.126e+04 8.126e+04
 3.534e+05 -3.534e+05
 9.399e+04 -9.399e+04
 -2.795e+05 2.795e+05
 -8.635e+04 8.635e+04
 -2158 2158
 -1.064e+05 1.064e+05
 6.522e+04 -6.522e+04
 1.6e+05 -1.6e+05
 2.608e+05 -2.608e+05
 -1.373e+05 1.373e+05
 8.43e+04 -8.43e+04
 -1.739e+05 1.739e+05
 -3.418e+04 3.418e+04
 4.564e+05 -4.564e+05
 -2.217e+05 2.217e+05
 -5.437e+04 5.437e+04
 1.891e+05 -1.891e+05
 3.36e+05 -3.36e+05
 -1.322e+05 1.322e+05
 -5.294e+05 5.294e+05
 1.631e+05 -1.631e+05
 6.476e+04 -6.476e+04
 7.885e+04 -7.885e+04
 1.011e+05 -1.011e+05
 8.032e+04 -8.032e+04
 -7902 7902
 4.463e+05 -4.463e+05
 -5.333e+04 5.333e+04
 -1.844e+05 1.844e+05
 -1.243e+04 1.243e+04
 -3.679e+05 3.679e+05
 -1.469e+05 1.469e+05
 5.943e+04 -5.943e+04
 -2.155e+04 2.155e+04
 -2.011e+05 2.011e+05
 -3.467e+05 3.467e+05
 1.039e+05 -1.039e+05
 3.826e+05 -3.826e+05
 -3.449e+05 3.449e+05
 6.42e+04 -6.42e+04
 -4.883e+04 4.883e+04
 -4.569e+05 4.569e+05
 -1.256e+05 1.256e+05
 2.222e+04 -2.222e+04
 -4.73e+04 4.73e+04
 -1.968e+05 1.968e+05
 1.07e+05 -1.07e+05
 5.492e+04 -5.492e+04
 1.045e+05 -1.045e+05
 2.063e+05 -2.063e+05
 1.212e+05 -1.212e+05
 -2.893e+05 2.893e+05
 1.633e+05 -1.633e+05
 -5.332e+05 5.332e+05
 -1.56e+05 1.56e+05
 3.382e+04 -3.382e+04
 -2.525e+05 2.525e+05
 -2.266e+05 2.266e+05
 3.919e+04 -3.919e+04
 -9.525e+04 9.525e+04
 1.62e+04 -1.62e+04
 -1.535e+05 1.535e+05
 1.966e+05 -1.966e+05
 -1.221e+05 1.221e+05
 -1.981e+05 1.981e+05
 1.154e+05 -1.154e+05
 -3.813e+04 3.813e+04
 -4.591e+05 4.591e+05
 2.408e+05 -2.408e+05
 8.671e+05 -8.671e+05
 6.21e+04 -6.21e+04
 -1.54e+05 1.54e+05
 -3.496e+05 3.496e+05
 4.674e+04 -4.674e+04
 -2.612e+05 2.612e+05
 -2.062e+05 2.062e+05
 -6.306e+04 6.306e+04
 3.117e+05 -3.117e+05
 -7.12e+04 7.12e+04
 -5.638e+05 5.638e+05
 3.885e+05 -3.885e+05
 1.013e+06 -1.013e+06
 3.313e+05 -3.313e+05
 8.253e+04 -8.253e+04
 1.727e+05 -1.727e+05
 -5.614e+04 5.614e+04
 5.011e+04 -5.011e+04
 3.464e+05 -3.464e+05
 1.783e+05 -1.783e+05
 -1.046e+05 1.046e+05
 1.616e+05 -1.616e+05
 9.082e+04 -9.082e+04
 -2.787e+05 2.787e+05
 3.866e+05 -3.866e+05
 -1.344e+05 1.344e+05
 -1.744e+04 1.744e+04
 -7.465e+04 7.465e+04
 1.926e+05 -1.926e+05
 -6.125e+05 6.125e+05
 2.262e+05 -2.262e+05
 8.886e+04 -8.886e+04
 -8.368e+04 8.368e+04
 3.017e+05 -3.017e+05
 -7.014e+04 7.014e+04
 -5.761e+04 5.761e+04
 -3.439e+05 3.439e+05
 3.203e+05 -3.203e+05
 2.041e+05 -2.041e+05
 7.675e+04 -7.675e+04
 1.897e+04 -1.897e+04
 -1.632e+05 1.632e+05
 -4.236e+05 4.236e+05
 -6.303e+04 6.303e+04
 -9.338e+04 9.338e+04
 1.328e+05 -1.328e+05
 3.67e+05 -3.67e+05
 1.441e+05 -1.441e+05
 -3.259e+05 3.259e+05
 -1.089e+05 1.089e+05
 3.081e+05 -3.081e+05
 1.501e+05 -1.501e+05
 2.138e+04 -2.138e+04
 -4.452e+05 4.452e+05
 -3.438e+05 3.438e+05
 -8.268e+04 8.268e+04
 3.991e+05 -3.991e+05
 -9.989e+05 9.989e+05
 2.456e+05 -2.456e+05
 -3.441e+05 3.441e+05
 1.677e+04 -1.677e+04
 -2.613e+05 2.613e+05
 4.049e+05 -4.049e+05
 -2.024e+05 2.024e+05
 -3.162e+05 3.162e+05
 1.43e+05 -1.43e+05
 -2.705e+04 2.705e+04
 -2.721e+05 2.721e+05
 1.024e+05 -1.024e+05
 -1.224e+05 1.224e+05
 2.032e+05 -2.032e+05
 -9.078e+04 9.078e+04
 2.181e+05 -2.181e+05
 -7.118e+04 7.118e+04
 -3.259e+05 3.259e+05
 3.359e+05 -3.359e+05
 -2.13e+05 2.13e+05
 2.808e+05 -2.808e+05
 -2.635e+04 2.635e+04
 3.854e+04 -3.854e+04
 -4.869e+05 4.869e+05
 2.702e+05 -2.702e+05
 -2.374e+05 2.374e+05
 -3.159e+05 3.159e+05
 -2.323e+05 2.323e+05
 2.629e+05 -2.629e+05
 2.618e+05 -2.618e+05
 -2.839e+05 2.839e+05
 -6.935e+04 6.935e+04
 -2.4e+05 2.4e+05
 1.034e+05 -1.034e+05
 -1.265e+05 1.265e+05
 -5.374e+04 5.374e+04
 1.233e+05 -1.233e+05
 -2.669e+05 2.669e+05
 -2.417e+05 2.417e+05
 -2.561e+05 2.561e+05
 1.378e+05 -1.378e+05
 5.325e+04 -5.325e+04
 7.512e+04 -7.512e+04
 2.793e+05 -2.793e+05
 -5.634e+04 5.634e+04
 1.273e+05 -1.273e+05
 1.705e+05 -1.705e+05
 4.333e+05 -4.333e+05
 2.256e+05 -2.256e+05
 1.542e+04 -1.542e+04
 6.003e+05 -6.003e+05
 -2.674e+05 2.674e+05
 -4.886e+04 4.886e+04
 -1.739e+05 1.739e+05
 2.41e+05 -2.41e+05
 -4.019e+04 4.019e+04
 3.642e+04 -3.642e+04
 -1.991e+05 1.991e+05
 1.405e+05 -1.405e+05
 2.445e+05 -2.445e+05
 4.376e+04 -4.376e+04
 1.876e+05 -1.876e+05
 1.15e+05 -1.15e+05
 1.15e+05 -1.15e+05
 -5.893e+04 5.893e+04
 1.211e+05 -1.211e+05
 1.157e+05 -1.157e+05
 1.407e+05 -1.407e+05
 -1.926e+05 1.926e+05
 -5.639e+05 5.639e+05
 -1.187e+05 1.187e+05
 2.029e+05 -2.029e+05
 -8.636e+04 8.636e+04
 2.974e+05 -2.974e+05
 4.996e+05 -4.996e+05
 4.283e+04 -4.283e+04
 -1.604e+05 1.604e+05
 1.023e+04 -1.023e+04
 -2e+04 2e+04
 -2.477e+05 2.477e+05
 -1.124e+04 1.124e+04
 -5.799e+05 5.799e+05
 4.392e+05 -4.392e+05
 8.309e+04 -8.309e+04
 7950 -7950
 2.443e+05 -2.443e+05
 -6.928e+05 6.928e+05
 -7.295e+04 7.295e+04
 -5.154e+04 5.154e+04
 7.697e+04 -7.697e+04
 -1.541e+05 1.541e+05
 -6.386e+04 6.386e+04
 2.752e+04 -2.752e+04
 -3.54e+05 3.54e+05
 3.218e+05 -3.218e+05
 9.479e+04 -9.479e+04
 7.284e+04 -7.284e+04
 2.216e+04 -2.216e+04
 -1.268e+05 1.268e+05
 3.61e+05 -3.61e+05
 2.506e+05 -2.506e+05
 8.139e+05 -8.139e+05
 -3.11e+05 3.11e+05
 4.432e+04 -4.432e+04
 -9.296e+04 9.296e+04
 -2.436e+05 2.436e+05
 3.731e+05 -3.731e+05
 4.401e+05 -4.401e+05
 -2.391e+05 2.391e+05
 1.691e+05 -1.691e+05
 1.492e+05 -1.492e+05
 1.147e+06 -1.147e+06
 3.487e+05 -3.487e+05
 1.576e+05 -1.576e+05
 -6497 6497
 2.679e+04 -2.679e+04
 3.354e+05 -3.354e+05
 -5.414e+04 5.414e+04
 -2.578e+05 2.578e+05
 4.212e+04 -4.212e+04
 -2.167e+05 2.167e+05
 1.997e+05 -1.997e+05
 -2.303e+05 2.303e+05
 -2.62e+05 2.62e+05
 -1.083e+05 1.083e+05
 -8.807e+04 8.807e+04
 -3.84e+04 3.84e+04
 -4.139e+04 4.139e+04
 -1.947e+04 1.947e+04
 2.39e+05 -2.39e+05
 -6.536e+04 6.536e+04
 -5.897e+05 5.897e+05
 -2.156e+05 2.156e+05
 1.779e+05 -1.779e+05
 -1.497e+05 1.497e+05
 -4.352e+04 4.352e+04
 1.915e+05 -1.915e+05
 2.541e+05 -2.541e+05
 4.515e+05 -4.515e+05
 6.388e+05 -6.388e+05
 -1.281e+05 1.281e+05
 -2.901e+05 2.901e+05
 -3.502e+05 3.502e+05
 -1.982e+05 1.982e+05
 1.91e+05 -1.91e+05
 2.268e+05 -2.268e+05
 -6.505e+05 6.505e+05
 3.457e+05 -3.457e+05
 -7930 7930
 5.995e+05 -5.995e+05
 -2.658e+05 2.658e+05
 -2.693e+05 2.693e+05
 -2.986e+05 2.986e+05
 2.984e+05 -2.984e+05
 -1.09e+05 1.09e+05
