# Created by Octave 5.2.0, Fri Sep 25 00:37:44 2020 CEST <jiwidi@land>
# name: w
# type: matrix
# rows: 2001
# columns: 2
 0 0
 8.101e+04 -8.101e+04
 9009 -9009
 1.252e+05 -1.252e+05
 3249 -3249
 1.662e+04 -1.662e+04
 8.326e+04 -8.326e+04
 -1.888e+04 1.888e+04
 3.417e+04 -3.417e+04
 -9826 9826
 -3.032e+04 3.032e+04
 1.125e+04 -1.125e+04
 3223 -3223
 1.818e+04 -1.818e+04
 -2.189e+04 2.189e+04
 -6.775e+04 6.775e+04
 3.246e+04 -3.246e+04
 -6.328e+04 6.328e+04
 6.64e+04 -6.64e+04
 -4275 4275
 -1.513e+04 1.513e+04
 -7.307e+04 7.307e+04
 4.99e+04 -4.99e+04
 -2619 2619
 770.9 -770.9
 -5.228e+04 5.228e+04
 298.4 -298.4
 -1.699e+04 1.699e+04
 -2.624e+04 2.624e+04
 3.654e+04 -3.654e+04
 -6.338e+04 6.338e+04
 4673 -4673
 2.21e+04 -2.21e+04
 -5538 5538
 4.399e+04 -4.399e+04
 -1.279e+05 1.279e+05
 -1.201e+05 1.201e+05
 -3.934e+04 3.934e+04
 -6.075e+04 6.075e+04
 -2.306e+04 2.306e+04
 -708.2 708.2
 3.777e+04 -3.777e+04
 -2.516e+04 2.516e+04
 -6.2e+04 6.2e+04
 -3.807e+04 3.807e+04
 3.223e+04 -3.223e+04
 -5.587e+04 5.587e+04
 9.999e+04 -9.999e+04
 -2449 2449
 4.257e+04 -4.257e+04
 1.914e+04 -1.914e+04
 -2.553e+04 2.553e+04
 1561 -1561
 -8.13e+04 8.13e+04
 7.137e+04 -7.137e+04
 7.122e+04 -7.122e+04
 -1.417e+04 1.417e+04
 2.851e+04 -2.851e+04
 -8409 8409
 -8.908e+04 8.908e+04
 6388 -6388
 -1.926e+04 1.926e+04
 -2211 2211
 5.153e+04 -5.153e+04
 -4.001e+04 4.001e+04
 -1.605e+04 1.605e+04
 7.385e+04 -7.385e+04
 4992 -4992
 4.31e+04 -4.31e+04
 4348 -4348
 2.934e+04 -2.934e+04
 -1.087e+05 1.087e+05
 -1.226e+04 1.226e+04
 2.618e+04 -2.618e+04
 1.001e+05 -1.001e+05
 -4.933e+04 4.933e+04
 -2.244e+05 2.244e+05
 -6e+04 6e+04
 4.724e+04 -4.724e+04
 -8.381e+04 8.381e+04
 1.356e+04 -1.356e+04
 8122 -8122
 -6.406e+04 6.406e+04
 -2.562e+04 2.562e+04
 -345.5 345.5
 1.016e+04 -1.016e+04
 -1.045e+05 1.045e+05
 -1.414e+04 1.414e+04
 -3.696e+04 3.696e+04
 -4.354e+04 4.354e+04
 9597 -9597
 8.035e+04 -8.035e+04
 -694.2 694.2
 -5475 5475
 1.285e+05 -1.285e+05
 -8383 8383
 -1.471e+04 1.471e+04
 4.81e+04 -4.81e+04
 3098 -3098
 -9216 9216
 852.4 -852.4
 7758 -7758
 -4.362e+04 4.362e+04
 -2.304e+04 2.304e+04
 8998 -8998
 4.706e+04 -4.706e+04
 -3.984e+04 3.984e+04
 9583 -9583
 1.154e+04 -1.154e+04
 3.318e+04 -3.318e+04
 4.664e+04 -4.664e+04
 -8946 8946
 -679.4 679.4
 1.55e+04 -1.55e+04
 1.932e+04 -1.932e+04
 -3.645e+04 3.645e+04
 3.164e+04 -3.164e+04
 -1.971e+04 1.971e+04
 -5.775e+04 5.775e+04
 -3.534e+04 3.534e+04
 1.529e+04 -1.529e+04
 7.562e+04 -7.562e+04
 -1.674e+05 1.674e+05
 1.055e+04 -1.055e+04
 6.014e+04 -6.014e+04
 -1.302e+05 1.302e+05
 -2.674e+04 2.674e+04
 -1.908e+04 1.908e+04
 2.615e+04 -2.615e+04
 -7700 7700
 6.395e+04 -6.395e+04
 -3.982e+04 3.982e+04
 -7607 7607
 -3.152e+04 3.152e+04
 2.541e+04 -2.541e+04
 2901 -2901
 3.951e+04 -3.951e+04
 -1.524e+05 1.524e+05
 -1.427e+04 1.427e+04
 -1.341e+04 1.341e+04
 -420.5 420.5
 -1.057e+04 1.057e+04
 3.698e+04 -3.698e+04
 -1.026e+04 1.026e+04
 4.309e+04 -4.309e+04
 -1.549e+04 1.549e+04
 7.359e+04 -7.359e+04
 -1.01e+04 1.01e+04
 -5.561e+04 5.561e+04
 3.577e+04 -3.577e+04
 1.685e+04 -1.685e+04
 -7.981e+04 7.981e+04
 5.638e+04 -5.638e+04
 1.172e+05 -1.172e+05
 -5509 5509
 -2.956e+04 2.956e+04
 -2.255e+04 2.255e+04
 2.564e+04 -2.564e+04
 -6.027e+04 6.027e+04
 1.101e+04 -1.101e+04
 5635 -5635
 3.889e+04 -3.889e+04
 -5.459e+04 5.459e+04
 -7.054e+04 7.054e+04
 2.519e+04 -2.519e+04
 9.708e+04 -9.708e+04
 1.722e+04 -1.722e+04
 -1.428e+04 1.428e+04
 8696 -8696
 -3.541e+04 3.541e+04
 -1.677e+04 1.677e+04
 2.048e+04 -2.048e+04
 -4.441e+04 4.441e+04
 3.895e+04 -3.895e+04
 2.853e+04 -2.853e+04
 -5132 5132
 -3.86e+04 3.86e+04
 7.678e+04 -7.678e+04
 -5971 5971
 5308 -5308
 -7000 7000
 -6.345e+04 6.345e+04
 -9.928e+04 9.928e+04
 8.514e+04 -8.514e+04
 -6402 6402
 -2.706e+04 2.706e+04
 6.335e+04 -6.335e+04
 -3.244e+04 3.244e+04
 1.418e+04 -1.418e+04
 -7.249e+04 7.249e+04
 3.178e+04 -3.178e+04
 1.424e+04 -1.424e+04
 -8804 8804
 -1.678e+04 1.678e+04
 -4.123e+04 4.123e+04
 -5.045e+04 5.045e+04
 -1.817e+04 1.817e+04
 -5.662e+04 5.662e+04
 3480 -3480
 1.328e+05 -1.328e+05
 3.705e+04 -3.705e+04
 -4.131e+04 4.131e+04
 -8.505e+04 8.505e+04
 9.016e+04 -9.016e+04
 -3.327e+04 3.327e+04
 2.625e+04 -2.625e+04
 -2.969e+04 2.969e+04
 -3.182e+04 3.182e+04
 -1.908e+04 1.908e+04
 5.314e+04 -5.314e+04
 -1.91e+05 1.91e+05
 1.042e+04 -1.042e+04
 -5.74e+04 5.74e+04
 4.46e+04 -4.46e+04
 -4.381e+04 4.381e+04
 9.289e+04 -9.289e+04
 -1.758e+04 1.758e+04
 -3.574e+04 3.574e+04
 693.5 -693.5
 5.586e+04 -5.586e+04
 -2.735e+04 2.735e+04
 -1.649e+04 1.649e+04
 7.573e+04 -7.573e+04
 4.576e+04 -4.576e+04
 6.446e+04 -6.446e+04
 3.68e+04 -3.68e+04
 3.114e+04 -3.114e+04
 -4508 4508
 3.043e+04 -3.043e+04
 -7.535e+04 7.535e+04
 2.252e+04 -2.252e+04
 1.073e+05 -1.073e+05
 9888 -9888
 -7.916e+04 7.916e+04
 2.793e+04 -2.793e+04
 -2.246e+04 2.246e+04
 -3.205e+04 3.205e+04
 -6.408e+04 6.408e+04
 7.32e+04 -7.32e+04
 3.544e+04 -3.544e+04
 -8.663e+04 8.663e+04
 -2.704e+04 2.704e+04
 -3.704e+04 3.704e+04
 6366 -6366
 -4.317e+04 4.317e+04
 -5.855e+04 5.855e+04
 3.231e+04 -3.231e+04
 3.315e+04 -3.315e+04
 -1.705e+04 1.705e+04
 -7.318e+04 7.318e+04
 8.58e+04 -8.58e+04
 2.294e+04 -2.294e+04
 2.464e+04 -2.464e+04
 2.842e+04 -2.842e+04
 -1.841e+04 1.841e+04
 2.668e+04 -2.668e+04
 1.738e+04 -1.738e+04
 1.248e+05 -1.248e+05
 8.223e+04 -8.223e+04
 -8797 8797
 1.025e+05 -1.025e+05
 -2.044e+04 2.044e+04
 -1370 1370
 -3.55e+04 3.55e+04
 2.55e+04 -2.55e+04
 2.296e+04 -2.296e+04
 1.174e+04 -1.174e+04
 5056 -5056
 4288 -4288
 7.965e+04 -7.965e+04
 6284 -6284
 -5.846e+04 5.846e+04
 -5.702e+04 5.702e+04
 258.3 -258.3
 -6862 6862
 3.315e+04 -3.315e+04
 1.826e+04 -1.826e+04
 -785.2 785.2
 -6.011e+04 6.011e+04
 410.3 -410.3
 -5.582e+04 5.582e+04
 1.384e+04 -1.384e+04
 2.365e+04 -2.365e+04
 1956 -1956
 8.104e+04 -8.104e+04
 2.554e+04 -2.554e+04
 1.926e+04 -1.926e+04
 -2.434e+04 2.434e+04
 2.814e+04 -2.814e+04
 -9.281e+04 9.281e+04
 3349 -3349
 -1.411e+05 1.411e+05
 9.731e+04 -9.731e+04
 1.43e+04 -1.43e+04
 1.003e+04 -1.003e+04
 8060 -8060
 -1.258e+05 1.258e+05
 -1.561e+04 1.561e+04
 4.879e+04 -4.879e+04
 1.684e+04 -1.684e+04
 -4.396e+04 4.396e+04
 625.6 -625.6
 4.959e+04 -4.959e+04
 -7.738e+04 7.738e+04
 4.714e+04 -4.714e+04
 6413 -6413
 5.261e+04 -5.261e+04
 -8997 8997
 5107 -5107
 1.904e+04 -1.904e+04
 1173 -1173
 1.266e+05 -1.266e+05
 -6.965e+04 6.965e+04
 -9.231e+04 9.231e+04
 4.46e+04 -4.46e+04
 -5.249e+04 5.249e+04
 -2272 2272
 5.083e+04 -5.083e+04
 -1.048e+04 1.048e+04
 -1.008e+04 1.008e+04
 5.122e+04 -5.122e+04
 2.168e+05 -2.168e+05
 3.492e+04 -3.492e+04
 -5810 5810
 -4.061e+04 4.061e+04
 3.308e+04 -3.308e+04
 8.12e+04 -8.12e+04
 4.336e+04 -4.336e+04
 3.033e+04 -3.033e+04
 3.261e+04 -3.261e+04
 -7.442e+04 7.442e+04
 1.108e+04 -1.108e+04
 2.063e+04 -2.063e+04
 -5.597e+04 5.597e+04
 -3.148e+04 3.148e+04
 1.066e+04 -1.066e+04
 -2593 2593
 9.719e+04 -9.719e+04
 6.437e+04 -6.437e+04
 9.045e+04 -9.045e+04
 7768 -7768
 -3.705e+04 3.705e+04
 -1.263e+04 1.263e+04
 5.747e+04 -5.747e+04
 -2.765e+04 2.765e+04
 -3.143e+04 3.143e+04
 8.5e+04 -8.5e+04
 1.71e+04 -1.71e+04
 7.363e+04 -7.363e+04
 2.601e+04 -2.601e+04
 -2.464e+04 2.464e+04
 1475 -1475
 -1.069e+05 1.069e+05
 -2.474e+04 2.474e+04
 -3.119e+04 3.119e+04
 3.582e+04 -3.582e+04
 -3.59e+04 3.59e+04
 -2.237e+04 2.237e+04
 -4423 4423
 1.006e+05 -1.006e+05
 -7.984e+04 7.984e+04
 -3.484e+04 3.484e+04
 -4.699e+04 4.699e+04
 4.57e+04 -4.57e+04
 -1.652e+04 1.652e+04
 1.857e+04 -1.857e+04
 3.346e+04 -3.346e+04
 -9.229e+04 9.229e+04
 1.058e+04 -1.058e+04
 -1.135e+05 1.135e+05
 3.652e+04 -3.652e+04
 3.382e+04 -3.382e+04
 -2.452e+04 2.452e+04
 -1.137e+05 1.137e+05
 -1.011e+05 1.011e+05
 9006 -9006
 -9770 9770
 9.176e+04 -9.176e+04
 1.581e+04 -1.581e+04
 -1.31e+05 1.31e+05
 -4.231e+04 4.231e+04
 -4.095e+04 4.095e+04
 -6469 6469
 -3.506e+04 3.506e+04
 4676 -4676
 6.146e+04 -6.146e+04
 2.728e+04 -2.728e+04
 9.016e+04 -9.016e+04
 5.968e+04 -5.968e+04
 -4.687e+04 4.687e+04
 -3343 3343
 -4346 4346
 1.23e+04 -1.23e+04
 -1.114e+05 1.114e+05
 979.4 -979.4
 2.028e+04 -2.028e+04
