# Created by Octave 5.2.0, Fri Sep 25 00:29:09 2020 CEST <jiwidi@land>
# name: w
# type: matrix
# rows: 2001
# columns: 2
 0 0
 8101 -8101
 900.9 -900.9
 1.252e+04 -1.252e+04
 324.9 -324.9
 1662 -1662
 8326 -8326
 -1888 1888
 3417 -3417
 -982.6 982.6
 -3032 3032
 1125 -1125
 322.3 -322.3
 1818 -1818
 -2189 2189
 -6775 6775
 3246 -3246
 -6328 6328
 6640 -6640
 -427.5 427.5
 -1513 1513
 -7307 7307
 4990 -4990
 -261.9 261.9
 77.09 -77.09
 -5228 5228
 29.84 -29.84
 -1699 1699
 -2624 2624
 3654 -3654
 -6338 6338
 467.3 -467.3
 2210 -2210
 -553.8 553.8
 4399 -4399
 -1.279e+04 1.279e+04
 -1.201e+04 1.201e+04
 -3934 3934
 -6075 6075
 -2306 2306
 -70.82 70.82
 3777 -3777
 -2516 2516
 -6200 6200
 -3807 3807
 3223 -3223
 -5587 5587
 9999 -9999
 -244.9 244.9
 4257 -4257
 1914 -1914
 -2553 2553
 156.1 -156.1
 -8130 8130
 7137 -7137
 7122 -7122
 -1417 1417
 2851 -2851
 -840.9 840.9
 -8908 8908
 638.8 -638.8
 -1926 1926
 -221.1 221.1
 5153 -5153
 -4001 4001
 -1605 1605
 7385 -7385
 499.2 -499.2
 4310 -4310
 434.8 -434.8
 2934 -2934
 -1.087e+04 1.087e+04
 -1226 1226
 2618 -2618
 1.001e+04 -1.001e+04
 -4933 4933
 -2.244e+04 2.244e+04
 -6000 6000
 4724 -4724
 -8381 8381
 1356 -1356
 812.2 -812.2
 -6406 6406
 -2562 2562
 -34.55 34.55
 1016 -1016
 -1.045e+04 1.045e+04
 -1414 1414
 -3696 3696
 -4354 4354
 959.7 -959.7
 8035 -8035
 -69.42 69.42
 -547.5 547.5
 1.285e+04 -1.285e+04
 -838.3 838.3
 -1471 1471
 4810 -4810
 309.8 -309.8
 -921.6 921.6
 85.24 -85.24
 775.8 -775.8
 -4362 4362
 -2304 2304
 899.8 -899.8
 4706 -4706
 -3984 3984
 958.3 -958.3
 1154 -1154
 3318 -3318
 4664 -4664
 -894.6 894.6
 -67.94 67.94
 1550 -1550
 1932 -1932
 -3645 3645
 3164 -3164
 -1971 1971
 -5775 5775
 -3534 3534
 1529 -1529
 7562 -7562
 -1.674e+04 1.674e+04
 1055 -1055
 6014 -6014
 -1.302e+04 1.302e+04
 -2674 2674
 -1908 1908
 2615 -2615
 -770 770
 6395 -6395
 -3982 3982
 -760.7 760.7
 -3152 3152
 2541 -2541
 290.1 -290.1
 3951 -3951
 -1.524e+04 1.524e+04
 -1427 1427
 -1341 1341
 -42.05 42.05
 -1057 1057
 3698 -3698
 -1026 1026
 4309 -4309
 -1549 1549
 7359 -7359
 -1010 1010
 -5561 5561
 3577 -3577
 1685 -1685
 -7981 7981
 5638 -5638
 1.172e+04 -1.172e+04
 -550.9 550.9
 -2956 2956
 -2255 2255
 2564 -2564
 -6027 6027
 1101 -1101
 563.5 -563.5
 3889 -3889
 -5459 5459
 -7054 7054
 2519 -2519
 9708 -9708
 1722 -1722
 -1428 1428
 869.6 -869.6
 -3541 3541
 -1677 1677
 2048 -2048
 -4441 4441
 3895 -3895
 2853 -2853
 -513.2 513.2
 -3860 3860
 7678 -7678
 -597.1 597.1
 530.8 -530.8
 -700 700
 -6345 6345
 -9928 9928
 8514 -8514
 -640.2 640.2
 -2706 2706
 6335 -6335
 -3244 3244
 1418 -1418
 -7249 7249
 3178 -3178
 1424 -1424
 -880.4 880.4
 -1678 1678
 -4123 4123
 -5045 5045
 -1817 1817
 -5662 5662
 348 -348
 1.328e+04 -1.328e+04
 3705 -3705
 -4131 4131
 -8505 8505
 9016 -9016
 -3327 3327
 2625 -2625
 -2969 2969
 -3182 3182
 -1908 1908
 5314 -5314
 -1.91e+04 1.91e+04
 1042 -1042
 -5740 5740
 4460 -4460
 -4381 4381
 9289 -9289
 -1758 1758
 -3574 3574
 69.35 -69.35
 5586 -5586
 -2735 2735
 -1649 1649
 7573 -7573
 4576 -4576
 6446 -6446
 3680 -3680
 3114 -3114
 -450.8 450.8
 3043 -3043
 -7535 7535
 2252 -2252
 1.073e+04 -1.073e+04
 988.8 -988.8
 -7916 7916
 2793 -2793
 -2246 2246
 -3205 3205
 -6408 6408
 7320 -7320
 3544 -3544
 -8663 8663
 -2704 2704
 -3704 3704
 636.6 -636.6
 -4317 4317
 -5855 5855
 3231 -3231
 3315 -3315
 -1705 1705
 -7318 7318
 8580 -8580
 2294 -2294
 2464 -2464
 2842 -2842
 -1841 1841
 2668 -2668
 1738 -1738
 1.248e+04 -1.248e+04
 8223 -8223
 -879.7 879.7
 1.025e+04 -1.025e+04
 -2044 2044
 -137 137
 -3550 3550
 2550 -2550
 2296 -2296
 1174 -1174
 505.6 -505.6
 428.8 -428.8
 7965 -7965
 628.4 -628.4
 -5846 5846
 -5702 5702
 25.83 -25.83
 -686.2 686.2
 3315 -3315
 1826 -1826
 -78.52 78.52
 -6011 6011
 41.03 -41.03
 -5582 5582
 1384 -1384
 2365 -2365
 195.6 -195.6
 8104 -8104
 2554 -2554
 1926 -1926
 -2434 2434
 2814 -2814
 -9281 9281
 334.9 -334.9
 -1.411e+04 1.411e+04
 9731 -9731
 1430 -1430
 1003 -1003
 806 -806
 -1.258e+04 1.258e+04
 -1561 1561
 4879 -4879
 1684 -1684
 -4396 4396
 62.56 -62.56
 4959 -4959
 -7738 7738
 4714 -4714
 641.3 -641.3
 5261 -5261
 -899.7 899.7
 510.7 -510.7
 1904 -1904
 117.3 -117.3
 1.266e+04 -1.266e+04
 -6965 6965
 -9231 9231
 4460 -4460
 -5249 5249
 -227.2 227.2
 5083 -5083
 -1048 1048
 -1008 1008
 5122 -5122
 2.168e+04 -2.168e+04
 3492 -3492
 -581 581
 -4061 4061
 3308 -3308
 8120 -8120
 4336 -4336
 3033 -3033
 3261 -3261
 -7442 7442
 1108 -1108
 2063 -2063
 -5597 5597
 -3148 3148
 1066 -1066
 -259.3 259.3
 9719 -9719
 6437 -6437
 9045 -9045
 776.8 -776.8
 -3705 3705
 -1263 1263
 5747 -5747
 -2765 2765
 -3143 3143
 8500 -8500
 1710 -1710
 7363 -7363
 2601 -2601
 -2464 2464
 147.5 -147.5
 -1.069e+04 1.069e+04
 -2474 2474
 -3119 3119
 3582 -3582
 -3590 3590
 -2237 2237
 -442.3 442.3
 1.006e+04 -1.006e+04
 -7984 7984
 -3484 3484
 -4699 4699
 4570 -4570
 -1652 1652
 1857 -1857
 3346 -3346
 -9229 9229
 1058 -1058
 -1.135e+04 1.135e+04
 3652 -3652
 3382 -3382
 -2452 2452
 -1.137e+04 1.137e+04
 -1.011e+04 1.011e+04
 900.6 -900.6
 -977 977
 9176 -9176
 1581 -1581
 -1.31e+04 1.31e+04
 -4231 4231
 -4095 4095
 -646.9 646.9
 -3506 3506
 467.6 -467.6
 6146 -6146
 2728 -2728
 9016 -9016
 5968 -5968
 -4687 4687
 -334.3 334.3
 -434.6 434.6
 1230 -1230
 -1.114e+04 1.114e+04
 97.94 -97.94
 2028 -2028
 -2427 2427
 1712 -1712
 611.7 -611.7
 8704 -8704
 527.8 -527.8
 -5215 5215
 -3780 3780
 3443 -3443
 -2342 2342
 1007 -1007
 491.8 -491.8
 -280.6 280.6
 -1694 1694
 9437 -9437
 -3820 3820
 239.3 -239.3
 -1832 1832
 4241 -4241
 -6987 6987
 -372.3 372.3
 2804 -2804
 -1400 1400
 6859 -6859
 -44.56 44.56
 7924 -7924
 -5326 5326
 1.346e+04 -1.346e+04
 3932 -3932
 -3959 3959
 -2748 2748
 -4455 4455
 -671.1 671.1
 -505.1 505.1
 -1935 1935
 7582 -7582
 -3044 3044
 3862 -3862
 3282 -3282
 -5578 5578
 -1748 1748
 -2373 2373
 1910 -1910
 -1.239e+04 1.239e+04
 838.2 -838.2
 -7308 7308
 -1228 1228
 -1.457e+04 1.457e+04
 6755 -6755
 2802 -2802
 -6984 6984
 -4327 4327
 2634 -2634
 164.9 -164.9
 8643 -8643
 -2257 2257
 -1021 1021
 8737 -8737
 434.5 -434.5
 -1364 1364
 7689 -7689
 3551 -3551
 1.106e+04 -1.106e+04
 410.5 -410.5
 994.7 -994.7
 -1319 1319
 5.947 -5.947
 7520 -7520
 669.8 -669.8
 7234 -7234
 -1704 1704
 5115 -5115
 -3068 3068
 2042 -2042
 4586 -4586
 -5013 5013
 876.4 -876.4
 -1183 1183
 -4951 4951
 -60.87 60.87
 4414 -4414
 -3958 3958
 -642.9 642.9
 -5395 5395
 3575 -3575
 -977.7 977.7
 -5400 5400
 -227.8 227.8
 2707 -2707
 -2918 2918
 -8.864 8.864
 1663 -1663
 -9821 9821
 -242.6 242.6
 -4032 4032
 -5972 5972
 -67.97 67.97
 -1495 1495
 -3326 3326
 -690.2 690.2
 -8394 8394
 -5413 5413
 -1283 1283
 8947 -8947
 -1.458e+04 1.458e+04
 2108 -2108
 2999 -2999
 -8972 8972
 -659.2 659.2
 528.9 -528.9
 -8668 8668
 -6970 6970
 -1708 1708
 -1788 1788
 8649 -8649
 -1102 1102
 -3389 3389
 1405 -1405
 3265 -3265
 -5514 5514
 2449 -2449
 -5107 5107
 -1017 1017
 -2929 2929
 -8783 8783
 536.9 -536.9
 3667 -3667
 -7089 7089
 4327 -4327
 -8887 8887
 2340 -2340
 -2953 2953
 5808 -5808
 993.8 -993.8
 231.6 -231.6
 6887 -6887
 -1846 1846
 -5149 5149
 -353.9 353.9
 3867 -3867
 -1.224e+04 1.224e+04
 1.291e+04 -1.291e+04
 940.2 -940.2
 1.057e+04 -1.057e+04
 -513.1 513.1
 -5482 5482
 -4627 4627
 -4291 4291
 -5059 5059
 6550 -6550
 -9693 9693
 3631 -3631
 -4270 4270
 -6089 6089
 2574 -2574
 5437 -5437
 -2352 2352
 6094 -6094
 -4187 4187
 5672 -5672
 375.5 -375.5
 3319 -3319
 -5762 5762
 -253.4 253.4
 -2389 2389
 4189 -4189
 -420 420
 2288 -2288
 -2256 2256
 -4298 4298
 1521 -1521
 6382 -6382
 2743 -2743
 -3346 3346
 -5129 5129
 -798.2 798.2
 2283 -2283
 4446 -4446
 1.359e+04 -1.359e+04
 -5107 5107
 -1999 1999
 -592.8 592.8
 5260 -5260
 4757 -4757
 -123.8 123.8
 7254 -7254
 3491 -3491
 -371 371
 -4156 4156
 7991 -7991
 1.841e+04 -1.841e+04
 3226 -3226
 1176 -1176
 74.03 -74.03
 4108 -4108
 -2017 2017
 3041 -3041
 -4214 4214
 5775 -5775
 1713 -1713
 -7611 7611
 -3171 3171
 1222 -1222
 -254.4 254.4
 1776 -1776
 -5232 5232
 -2848 2848
 961.5 -961.5
 6115 -6115
 7110 -7110
 3024 -3024
 2.026e+04 -2.026e+04
