# Created by Octave 5.2.0, Fri Sep 25 00:47:01 2020 CEST <jiwidi@land>
# name: w
# type: matrix
# rows: 2001
# columns: 2
 0 0
 8.124e+05 -8.124e+05
 9.491e+04 -9.491e+04
 1.267e+06 -1.267e+06
 4.217e+04 -4.217e+04
 1.747e+05 -1.747e+05
 8.372e+05 -8.372e+05
 -1.842e+05 1.842e+05
 3.473e+05 -3.473e+05
 -9.687e+04 9.687e+04
 -2.953e+05 2.953e+05
 1.029e+05 -1.029e+05
 3.611e+04 -3.611e+04
 1.908e+05 -1.908e+05
 -2.033e+05 2.033e+05
 -6.756e+05 6.756e+05
 3.303e+05 -3.303e+05
 -6.432e+05 6.432e+05
 6.681e+05 -6.681e+05
 -3.432e+04 3.432e+04
 -1.484e+05 1.484e+05
 -7.268e+05 7.268e+05
 4.993e+05 -4.993e+05
 -2.195e+04 2.195e+04
 6987 -6987
 -5.278e+05 5.278e+05
 3927 -3927
 -1.746e+05 1.746e+05
 -2.667e+05 2.667e+05
 3.724e+05 -3.724e+05
 -6.443e+05 6.443e+05
 5.144e+04 -5.144e+04
 2.104e+05 -2.104e+05
 -5.931e+04 5.931e+04
 4.409e+05 -4.409e+05
 -1.276e+06 1.276e+06
 -1.202e+06 1.202e+06
 -3.896e+05 3.896e+05
 -6.052e+05 6.052e+05
 -2.266e+05 2.266e+05
 -153.8 153.8
 3.732e+05 -3.732e+05
 -2.561e+05 2.561e+05
 -6.267e+05 6.267e+05
 -3.731e+05 3.731e+05
 3.187e+05 -3.187e+05
 -5.671e+05 5.671e+05
 1.003e+06 -1.003e+06
 -2.793e+04 2.793e+04
 4.289e+05 -4.289e+05
 2.005e+05 -2.005e+05
 -2.543e+05 2.543e+05
 1.333e+04 -1.333e+04
 -8.067e+05 8.067e+05
 7.216e+05 -7.216e+05
 7.258e+05 -7.258e+05
 -1.461e+05 1.461e+05
 2.814e+05 -2.814e+05
 -8.002e+04 8.002e+04
 -8.956e+05 8.956e+05
 6.485e+04 -6.485e+04
 -1.891e+05 1.891e+05
 -3.389e+04 3.389e+04
 5.285e+05 -5.285e+05
 -4.081e+05 4.081e+05
 -1.613e+05 1.613e+05
 7.377e+05 -7.377e+05
 4.829e+04 -4.829e+04
 4.277e+05 -4.277e+05
 3.799e+04 -3.799e+04
 2.713e+05 -2.713e+05
 -1.095e+06 1.095e+06
 -1.251e+05 1.251e+05
 2.61e+05 -2.61e+05
 1.024e+06 -1.024e+06
 -4.923e+05 4.923e+05
 -2.24e+06 2.24e+06
 -6.091e+05 6.091e+05
 4.835e+05 -4.835e+05
 -8.344e+05 8.344e+05
 1.313e+05 -1.313e+05
 8.493e+04 -8.493e+04
 -6.408e+05 6.408e+05
 -2.532e+05 2.532e+05
 -2486 2486
 9.999e+04 -9.999e+04
 -1.037e+06 1.037e+06
 -1.449e+05 1.449e+05
 -3.774e+05 3.774e+05
 -4.221e+05 4.221e+05
 9.68e+04 -9.68e+04
 8.073e+05 -8.073e+05
 -4503 4503
 -4.893e+04 4.893e+04
 1.281e+06 -1.281e+06
 -8.959e+04 8.959e+04
 -1.471e+05 1.471e+05
 4.806e+05 -4.806e+05
 3.101e+04 -3.101e+04
 -9.044e+04 9.044e+04
 1.465e+04 -1.465e+04
 8.609e+04 -8.609e+04
 -4.414e+05 4.414e+05
 -2.424e+05 2.424e+05
 8.491e+04 -8.491e+04
 4.728e+05 -4.728e+05
 -4.079e+05 4.079e+05
 1.004e+05 -1.004e+05
 1.209e+05 -1.209e+05
 3.35e+05 -3.35e+05
 4.778e+05 -4.778e+05
 -8.868e+04 8.868e+04
 -6376 6376
 1.517e+05 -1.517e+05
 2.024e+05 -2.024e+05
 -3.554e+05 3.554e+05
 3.177e+05 -3.177e+05
 -2.001e+05 2.001e+05
 -5.741e+05 5.741e+05
 -3.402e+05 3.402e+05
 1.513e+05 -1.513e+05
 7.602e+05 -7.602e+05
 -1.672e+06 1.672e+06
 1.084e+05 -1.084e+05
 6.057e+05 -6.057e+05
 -1.32e+06 1.32e+06
 -2.776e+05 2.776e+05
 -1.888e+05 1.888e+05
 2.566e+05 -2.566e+05
 -7.248e+04 7.248e+04
 6.54e+05 -6.54e+05
 -3.933e+05 3.933e+05
 -7.56e+04 7.56e+04
 -3.14e+05 3.14e+05
 2.511e+05 -2.511e+05
 3.256e+04 -3.256e+04
 3.902e+05 -3.902e+05
 -1.524e+06 1.524e+06
 -1.425e+05 1.425e+05
 -1.343e+05 1.343e+05
 -1.316e+04 1.316e+04
 -1.106e+05 1.106e+05
 3.628e+05 -3.628e+05
 -9.921e+04 9.921e+04
 4.42e+05 -4.42e+05
 -1.589e+05 1.589e+05
 7.29e+05 -7.29e+05
 -1.002e+05 1.002e+05
 -5.633e+05 5.633e+05
 3.63e+05 -3.63e+05
 1.767e+05 -1.767e+05
 -7.967e+05 7.967e+05
 5.63e+05 -5.63e+05
 1.171e+06 -1.171e+06
 -5.196e+04 5.196e+04
 -2.909e+05 2.909e+05
 -2.369e+05 2.369e+05
 2.596e+05 -2.596e+05
 -6.238e+05 6.238e+05
 1.024e+05 -1.024e+05
 6.159e+04 -6.159e+04
 3.839e+05 -3.839e+05
 -5.524e+05 5.524e+05
 -7.08e+05 7.08e+05
 2.564e+05 -2.564e+05
 9.683e+05 -9.683e+05
 1.689e+05 -1.689e+05
 -1.476e+05 1.476e+05
 8.92e+04 -8.92e+04
 -3.525e+05 3.525e+05
 -1.675e+05 1.675e+05
 2.088e+05 -2.088e+05
 -4.391e+05 4.391e+05
 3.807e+05 -3.807e+05
 2.853e+05 -2.853e+05
 -4.752e+04 4.752e+04
 -3.85e+05 3.85e+05
 7.666e+05 -7.666e+05
 -7.063e+04 7.063e+04
 6.009e+04 -6.009e+04
 -7.136e+04 7.136e+04
 -6.224e+05 6.224e+05
 -1.004e+06 1.004e+06
 8.529e+05 -8.529e+05
 -5.93e+04 5.93e+04
 -2.765e+05 2.765e+05
 6.326e+05 -6.326e+05
 -3.249e+05 3.249e+05
 1.254e+05 -1.254e+05
 -7.115e+05 7.115e+05
 3.279e+05 -3.279e+05
 1.333e+05 -1.333e+05
 -9.841e+04 9.841e+04
 -1.662e+05 1.662e+05
 -4.146e+05 4.146e+05
 -4.962e+05 4.962e+05
 -1.89e+05 1.89e+05
 -5.639e+05 5.639e+05
 4.231e+04 -4.231e+04
 1.332e+06 -1.332e+06
 3.76e+05 -3.76e+05
 -4.067e+05 4.067e+05
 -8.568e+05 8.568e+05
 8.914e+05 -8.914e+05
 -3.412e+05 3.412e+05
 2.632e+05 -2.632e+05
 -2.941e+05 2.941e+05
 -3.176e+05 3.176e+05
 -1.941e+05 1.941e+05
 5.338e+05 -5.338e+05
 -1.912e+06 1.912e+06
 1.056e+05 -1.056e+05
 -5.685e+05 5.685e+05
 4.424e+05 -4.424e+05
 -4.346e+05 4.346e+05
 9.243e+05 -9.243e+05
 -1.746e+05 1.746e+05
 -3.65e+05 3.65e+05
 -9446 9446
 5.564e+05 -5.564e+05
 -2.78e+05 2.78e+05
 -1.636e+05 1.636e+05
 7.677e+05 -7.677e+05
 4.65e+05 -4.65e+05
 6.412e+05 -6.412e+05
 3.753e+05 -3.753e+05
 3.108e+05 -3.108e+05
 -3.889e+04 3.889e+04
 3.114e+05 -3.114e+05
 -7.455e+05 7.455e+05
 2.179e+05 -2.179e+05
 1.064e+06 -1.064e+06
 1.084e+05 -1.084e+05
 -7.941e+05 7.941e+05
 2.772e+05 -2.772e+05
 -2.247e+05 2.247e+05
 -3.149e+05 3.149e+05
 -6.459e+05 6.459e+05
 7.266e+05 -7.266e+05
 3.492e+05 -3.492e+05
 -8.628e+05 8.628e+05
 -2.736e+05 2.736e+05
 -3.691e+05 3.691e+05
 5.465e+04 -5.465e+04
 -4.395e+05 4.395e+05
 -5.895e+05 5.895e+05
 3.291e+05 -3.291e+05
 3.443e+05 -3.443e+05
 -1.765e+05 1.765e+05
 -7.204e+05 7.204e+05
 8.668e+05 -8.668e+05
 2.274e+05 -2.274e+05
 2.403e+05 -2.403e+05
 2.875e+05 -2.875e+05
 -1.838e+05 1.838e+05
 2.615e+05 -2.615e+05
 1.699e+05 -1.699e+05
 1.252e+06 -1.252e+06
 8.281e+05 -8.281e+05
 -8.251e+04 8.251e+04
 1.024e+06 -1.024e+06
 -2.011e+05 2.011e+05
 -6351 6351
 -3.559e+05 3.559e+05
 2.618e+05 -2.618e+05
 2.279e+05 -2.279e+05
 1.167e+05 -1.167e+05
 5.175e+04 -5.175e+04
 3.725e+04 -3.725e+04
 8.077e+05 -8.077e+05
 5.488e+04 -5.488e+04
 -5.792e+05 5.792e+05
 -5.589e+05 5.589e+05
 1.095e+04 -1.095e+04
 -7.668e+04 7.668e+04
 3.287e+05 -3.287e+05
 1.834e+05 -1.834e+05
 2348 -2348
 -6.005e+05 6.005e+05
 -802.2 802.2
 -5.599e+05 5.599e+05
 1.468e+05 -1.468e+05
 2.452e+05 -2.452e+05
 1.56e+04 -1.56e+04
 8.065e+05 -8.065e+05
 2.559e+05 -2.559e+05
 1.938e+05 -1.938e+05
 -2.438e+05 2.438e+05
 2.918e+05 -2.918e+05
 -9.25e+05 9.25e+05
 3.174e+04 -3.174e+04
 -1.435e+06 1.435e+06
 9.758e+05 -9.758e+05
 1.485e+05 -1.485e+05
 1.069e+05 -1.069e+05
 8.159e+04 -8.159e+04
 -1.272e+06 1.272e+06
 -1.607e+05 1.607e+05
 4.737e+05 -4.737e+05
 1.769e+05 -1.769e+05
 -4.416e+05 4.416e+05
 1350 -1350
 4.895e+05 -4.895e+05
 -7.708e+05 7.708e+05
 4.606e+05 -4.606e+05
 6.294e+04 -6.294e+04
 5.248e+05 -5.248e+05
 -8.855e+04 8.855e+04
 4.489e+04 -4.489e+04
 1.927e+05 -1.927e+05
 2.248e+04 -2.248e+04
 1.265e+06 -1.265e+06
 -7.021e+05 7.021e+05
 -9.19e+05 9.19e+05
 4.301e+05 -4.301e+05
 -5.272e+05 5.272e+05
 -2.18e+04 2.18e+04
 5.105e+05 -5.105e+05
 -1.055e+05 1.055e+05
 -1.023e+05 1.023e+05
 5.115e+05 -5.115e+05
 2.166e+06 -2.166e+06
 3.55e+05 -3.55e+05
 -5.248e+04 5.248e+04
 -4.061e+05 4.061e+05
 3.356e+05 -3.356e+05
 8.071e+05 -8.071e+05
 4.412e+05 -4.412e+05
 2.888e+05 -2.888e+05
 3.2e+05 -3.2e+05
 -7.449e+05 7.449e+05
 1.15e+05 -1.15e+05
 2.124e+05 -2.124e+05
 -5.737e+05 5.737e+05
 -3.089e+05 3.089e+05
 1.138e+05 -1.138e+05
 -2.781e+04 2.781e+04
 9.815e+05 -9.815e+05
 6.455e+05 -6.455e+05
 9.068e+05 -9.068e+05
 8.17e+04 -8.17e+04
 -3.685e+05 3.685e+05
 -1.349e+05 1.349e+05
 5.684e+05 -5.684e+05
 -2.636e+05 2.636e+05
 -3.13e+05 3.13e+05
 8.509e+05 -8.509e+05
 1.721e+05 -1.721e+05
 7.377e+05 -7.377e+05
 2.605e+05 -2.605e+05
 -2.478e+05 2.478e+05
 1.946e+04 -1.946e+04
 -1.055e+06 1.055e+06
 -2.423e+05 2.423e+05
 -3.015e+05 3.015e+05
 3.707e+05 -3.707e+05
 -3.658e+05 3.658e+05
 -2.168e+05 2.168e+05
 -4.481e+04 4.481e+04
 1.024e+06 -1.024e+06
 -7.888e+05 7.888e+05
 -3.574e+05 3.574e+05
 -4.784e+05 4.784e+05
 4.609e+05 -4.609e+05
 -1.77e+05 1.77e+05
 1.814e+05 -1.814e+05
