# Created by Octave 5.2.0, Fri Sep 25 00:45:00 2020 CEST <jiwidi@land>
# name: w
# type: matrix
# rows: 2001
# columns: 2
 0 0
 8.092e+05 -8.092e+05
 8.823e+04 -8.823e+04
 1.259e+06 -1.259e+06
 3.687e+04 -3.687e+04
 1.619e+05 -1.619e+05
 8.35e+05 -8.35e+05
 -1.844e+05 1.844e+05
 3.386e+05 -3.386e+05
 -9.79e+04 9.79e+04
 -3.042e+05 3.042e+05
 1.057e+05 -1.057e+05
 3.877e+04 -3.877e+04
 1.961e+05 -1.961e+05
 -2.195e+05 2.195e+05
 -6.853e+05 6.853e+05
 3.289e+05 -3.289e+05
 -6.282e+05 6.282e+05
 6.649e+05 -6.649e+05
 -2.978e+04 2.978e+04
 -1.489e+05 1.489e+05
 -7.479e+05 7.479e+05
 5.027e+05 -5.027e+05
 -3.11e+04 3.11e+04
 5937 -5937
 -5.198e+05 5.198e+05
 2567 -2567
 -1.858e+05 1.858e+05
 -2.695e+05 2.695e+05
 3.696e+05 -3.696e+05
 -6.389e+05 6.389e+05
 5.069e+04 -5.069e+04
 2.17e+05 -2.17e+05
 -5.845e+04 5.845e+04
 4.349e+05 -4.349e+05
 -1.277e+06 1.277e+06
 -1.196e+06 1.196e+06
 -3.918e+05 3.918e+05
 -6.086e+05 6.086e+05
 -2.354e+05 2.354e+05
 3976 -3976
 3.763e+05 -3.763e+05
 -2.544e+05 2.544e+05
 -6.193e+05 6.193e+05
 -3.806e+05 3.806e+05
 3.168e+05 -3.168e+05
 -5.65e+05 5.65e+05
 9.82e+05 -9.82e+05
 -2.413e+04 2.413e+04
 4.226e+05 -4.226e+05
 2.004e+05 -2.004e+05
 -2.597e+05 2.597e+05
 1.281e+04 -1.281e+04
 -8.181e+05 8.181e+05
 7.114e+05 -7.114e+05
 7.28e+05 -7.28e+05
 -1.502e+05 1.502e+05
 2.754e+05 -2.754e+05
 -8.293e+04 8.293e+04
 -8.881e+05 8.881e+05
 3.569e+04 -3.569e+04
 -1.948e+05 1.948e+05
 -1.676e+04 1.676e+04
 5.236e+05 -5.236e+05
 -4e+05 4e+05
 -1.63e+05 1.63e+05
 7.364e+05 -7.364e+05
 3.911e+04 -3.911e+04
 4.219e+05 -4.219e+05
 3.594e+04 -3.594e+04
 2.858e+05 -2.858e+05
 -1.093e+06 1.093e+06
 -1.268e+05 1.268e+05
 2.503e+05 -2.503e+05
 1.003e+06 -1.003e+06
 -4.856e+05 4.856e+05
 -2.236e+06 2.236e+06
 -6.118e+05 6.118e+05
 4.756e+05 -4.756e+05
 -8.396e+05 8.396e+05
 1.371e+05 -1.371e+05
 9.516e+04 -9.516e+04
 -6.327e+05 6.327e+05
 -2.513e+05 2.513e+05
 -2705 2705
 9.999e+04 -9.999e+04
 -1.042e+06 1.042e+06
 -1.341e+05 1.341e+05
 -3.77e+05 3.77e+05
 -4.096e+05 4.096e+05
 9.278e+04 -9.278e+04
 8.112e+05 -8.112e+05
 4198 -4198
 -5.508e+04 5.508e+04
 1.291e+06 -1.291e+06
 -7.884e+04 7.884e+04
 -1.413e+05 1.413e+05
 4.818e+05 -4.818e+05
 3.17e+04 -3.17e+04
 -9.842e+04 9.842e+04
 1.304e+04 -1.304e+04
 9.08e+04 -9.08e+04
 -4.411e+05 4.411e+05
 -2.455e+05 2.455e+05
 7.358e+04 -7.358e+04
 4.681e+05 -4.681e+05
 -4.114e+05 4.114e+05
 1.048e+05 -1.048e+05
 1.18e+05 -1.18e+05
 3.374e+05 -3.374e+05
 4.764e+05 -4.764e+05
 -8.868e+04 8.868e+04
 -1.838e+04 1.838e+04
 1.665e+05 -1.665e+05
 2.139e+05 -2.139e+05
 -3.628e+05 3.628e+05
 3.085e+05 -3.085e+05
 -2.035e+05 2.035e+05
 -5.737e+05 5.737e+05
 -3.512e+05 3.512e+05
 1.444e+05 -1.444e+05
 7.594e+05 -7.594e+05
 -1.675e+06 1.675e+06
 1.038e+05 -1.038e+05
 6.02e+05 -6.02e+05
 -1.303e+06 1.303e+06
 -2.725e+05 2.725e+05
 -1.948e+05 1.948e+05
 2.686e+05 -2.686e+05
 -6.957e+04 6.957e+04
 6.457e+05 -6.457e+05
 -4.058e+05 4.058e+05
 -6.826e+04 6.826e+04
 -3.074e+05 3.074e+05
 2.52e+05 -2.52e+05
 2.89e+04 -2.89e+04
 3.967e+05 -3.967e+05
 -1.527e+06 1.527e+06
 -1.385e+05 1.385e+05
 -1.27e+05 1.27e+05
 -5312 5312
 -1.068e+05 1.068e+05
 3.601e+05 -3.601e+05
 -9.328e+04 9.328e+04
 4.321e+05 -4.321e+05
 -1.439e+05 1.439e+05
 7.311e+05 -7.311e+05
 -1.027e+05 1.027e+05
 -5.606e+05 5.606e+05
 3.603e+05 -3.603e+05
 1.743e+05 -1.743e+05
 -7.992e+05 7.992e+05
 5.656e+05 -5.656e+05
 1.159e+06 -1.159e+06
 -5.523e+04 5.523e+04
 -2.886e+05 2.886e+05
 -2.235e+05 2.235e+05
 2.587e+05 -2.587e+05
 -6.262e+05 6.262e+05
 1.019e+05 -1.019e+05
 5.727e+04 -5.727e+04
 3.819e+05 -3.819e+05
 -5.559e+05 5.559e+05
 -7.049e+05 7.049e+05
 2.565e+05 -2.565e+05
 9.854e+05 -9.854e+05
 1.707e+05 -1.707e+05
 -1.426e+05 1.426e+05
 8.568e+04 -8.568e+04
 -3.48e+05 3.48e+05
 -1.671e+05 1.671e+05
 2.041e+05 -2.041e+05
 -4.471e+05 4.471e+05
 3.883e+05 -3.883e+05
 2.914e+05 -2.914e+05
 -5.257e+04 5.257e+04
 -3.88e+05 3.88e+05
 7.606e+05 -7.606e+05
 -6.082e+04 6.082e+04
 5.144e+04 -5.144e+04
 -7.682e+04 7.682e+04
 -6.272e+05 6.272e+05
 -9.989e+05 9.989e+05
 8.533e+05 -8.533e+05
 -5.894e+04 5.894e+04
 -2.757e+05 2.757e+05
 6.417e+05 -6.417e+05
 -3.052e+05 3.052e+05
 1.28e+05 -1.28e+05
 -7.302e+05 7.302e+05
 3.211e+05 -3.211e+05
 1.298e+05 -1.298e+05
 -8.519e+04 8.519e+04
 -1.782e+05 1.782e+05
 -4.119e+05 4.119e+05
 -4.955e+05 4.955e+05
 -1.901e+05 1.901e+05
 -5.559e+05 5.559e+05
 4.187e+04 -4.187e+04
 1.33e+06 -1.33e+06
 3.739e+05 -3.739e+05
 -4.064e+05 4.064e+05
 -8.58e+05 8.58e+05
 9.012e+05 -9.012e+05
 -3.459e+05 3.459e+05
 2.687e+05 -2.687e+05
 -3.057e+05 3.057e+05
 -3.183e+05 3.183e+05
 -2.045e+05 2.045e+05
 5.209e+05 -5.209e+05
 -1.908e+06 1.908e+06
 1.08e+05 -1.08e+05
 -5.753e+05 5.753e+05
 4.356e+05 -4.356e+05
 -4.349e+05 4.349e+05
 9.128e+05 -9.128e+05
 -1.768e+05 1.768e+05
 -3.534e+05 3.534e+05
 393.1 -393.1
 5.751e+05 -5.751e+05
 -2.696e+05 2.696e+05
 -1.59e+05 1.59e+05
 7.708e+05 -7.708e+05
 4.609e+05 -4.609e+05
 6.411e+05 -6.411e+05
 3.697e+05 -3.697e+05
 3.094e+05 -3.094e+05
 -4.291e+04 4.291e+04
 3.032e+05 -3.032e+05
 -7.548e+05 7.548e+05
 2.233e+05 -2.233e+05
 1.064e+06 -1.064e+06
 1.053e+05 -1.053e+05
 -7.908e+05 7.908e+05
 2.763e+05 -2.763e+05
 -2.399e+05 2.399e+05
 -3.231e+05 3.231e+05
 -6.313e+05 6.313e+05
 7.336e+05 -7.336e+05
 3.529e+05 -3.529e+05
 -8.693e+05 8.693e+05
 -2.66e+05 2.66e+05
 -3.623e+05 3.623e+05
 6.283e+04 -6.283e+04
 -4.329e+05 4.329e+05
 -5.884e+05 5.884e+05
 3.18e+05 -3.18e+05
 3.37e+05 -3.37e+05
 -1.613e+05 1.613e+05
 -7.32e+05 7.32e+05
 8.437e+05 -8.437e+05
 2.226e+05 -2.226e+05
 2.45e+05 -2.45e+05
 2.93e+05 -2.93e+05
 -1.752e+05 1.752e+05
 2.562e+05 -2.562e+05
 1.771e+05 -1.771e+05
 1.263e+06 -1.263e+06
 8.177e+05 -8.177e+05
 -9.155e+04 9.155e+04
 1.02e+06 -1.02e+06
 -2.007e+05 2.007e+05
 -9153 9153
 -3.542e+05 3.542e+05
 2.645e+05 -2.645e+05
 2.335e+05 -2.335e+05
 1.13e+05 -1.13e+05
 5.286e+04 -5.286e+04
 3.354e+04 -3.354e+04
 8.074e+05 -8.074e+05
 5.682e+04 -5.682e+04
 -5.912e+05 5.912e+05
 -5.587e+05 5.587e+05
 1.611e+04 -1.611e+04
 -7.449e+04 7.449e+04
 3.344e+05 -3.344e+05
 1.767e+05 -1.767e+05
 -2388 2388
 -6.008e+05 6.008e+05
 5824 -5824
 -5.561e+05 5.561e+05
 1.356e+05 -1.356e+05
 2.273e+05 -2.273e+05
 1.352e+04 -1.352e+04
 8.071e+05 -8.071e+05
 2.564e+05 -2.564e+05
 1.872e+05 -1.872e+05
 -2.417e+05 2.417e+05
 2.864e+05 -2.864e+05
 -9.305e+05 9.305e+05
 2.514e+04 -2.514e+04
 -1.432e+06 1.432e+06
 9.696e+05 -9.696e+05
 1.373e+05 -1.373e+05
 1.096e+05 -1.096e+05
 8.381e+04 -8.381e+04
 -1.265e+06 1.265e+06
 -1.552e+05 1.552e+05
 4.838e+05 -4.838e+05
 1.783e+05 -1.783e+05
 -4.352e+05 4.352e+05
 3567 -3567
 4.915e+05 -4.915e+05
 -7.747e+05 7.747e+05
 4.68e+05 -4.68e+05
 5.712e+04 -5.712e+04
 5.243e+05 -5.243e+05
 -8.716e+04 8.716e+04
 4.597e+04 -4.597e+04
 1.955e+05 -1.955e+05
 2.44e+04 -2.44e+04
 1.264e+06 -1.264e+06
 -6.934e+05 6.934e+05
 -9.243e+05 9.243e+05
 4.327e+05 -4.327e+05
 -5.23e+05 5.23e+05
 -1.732e+04 1.732e+04
 5.286e+05 -5.286e+05
 -1.122e+05 1.122e+05
 -9.554e+04 9.554e+04
 5.134e+05 -5.134e+05
 2.155e+06 -2.155e+06
 3.496e+05 -3.496e+05
 -5.445e+04 5.445e+04
 -4.081e+05 4.081e+05
 3.372e+05 -3.372e+05
 8.202e+05 -8.202e+05
 4.402e+05 -4.402e+05
 3.057e+05 -3.057e+05
 3.289e+05 -3.289e+05
 -7.465e+05 7.465e+05
 1.028e+05 -1.028e+05
 2.109e+05 -2.109e+05
 -5.7e+05 5.7e+05
 -3.077e+05 3.077e+05
 1.102e+05 -1.102e+05
 -2.654e+04 2.654e+04
 9.678e+05 -9.678e+05
 6.438e+05 -6.438e+05
 9.067e+05 -9.067e+05
 7.305e+04 -7.305e+04
 -3.588e+05 3.588e+05
 -1.355e+05 1.355e+05
 5.727e+05 -5.727e+05
 -2.64e+05 2.64e+05
 -3.089e+05 3.089e+05
 8.471e+05 -8.471e+05
 1.743e+05 -1.743e+05
 7.326e+05 -7.326e+05
 2.586e+05 -2.586e+05
 -2.479e+05 2.479e+05
 2.592e+04 -2.592e+04
 -1.065e+06 1.065e+06
 -2.443e+05 2.443e+05
 -3.032e+05 3.032e+05
 3.643e+05 -3.643e+05
 -3.711e+05 3.711e+05
 -2.267e+05 2.267e+05
 -4.187e+04 4.187e+04
 1.006e+06 -1.006e+06
 -7.867e+05 7.867e+05
 -3.567e+05 3.567e+05
 -4.735e+05 4.735e+05
 4.534e+05 -4.534e+05
 -1.721e+05 1.721e+05
 1.812e+05 -1.812e+05
 3.378e+05 -3.378e+05
