# Created by Octave 5.2.0, Fri Sep 25 00:07:31 2020 CEST <jiwidi@land>
# name: w
# type: matrix
# rows: 2001
# columns: 2
 -17 17
 21.18 -21.18
 -87.91 87.91
 -39.18 39.18
 -27.63 27.63
 -35.91 35.91
 83.66 -83.66
 51.71 -51.71
 13.15 -13.15
 -38.93 38.93
 115.6 -115.6
 -39.61 39.61
 23.82 -23.82
 21.23 -21.23
 -75.01 75.01
 -140.5 140.5
 -7.472 7.472
 50.99 -50.99
 -75.45 75.45
 41.55 -41.55
 -72.48 72.48
 -89.97 89.97
 -126.5 126.5
 -116.3 116.3
 134.3 -134.3
 -47.14 47.14
 -29.72 29.72
 -84.06 84.06
 -27.53 27.53
 -0.183 0.183
 12.1 -12.1
 -40.27 40.27
 117.2 -117.2
 -56.62 56.62
 85.62 -85.62
 100.8 -100.8
 -72.53 72.53
 -11.17 11.17
 -81.76 81.76
 -3.678 3.678
 -78.89 78.89
 41.92 -41.92
 -48.55 48.55
 -42.68 42.68
 13.54 -13.54
 119.8 -119.8
 -46.86 46.86
 107.2 -107.2
 -152 152
 -29.22 29.22
 12.39 -12.39
 25.47 -25.47
 -10.53 10.53
 -47.16 47.16
 351.9 -351.9
 61.87 -61.87
 18.53 -18.53
 35.34 -35.34
 1.538 -1.538
 24.07 -24.07
 4.808 -4.808
 -8.94 8.94
 -1.634 1.634
 32.26 -32.26
 -36.89 36.89
 -34.58 34.58
 51.78 -51.78
 -116.9 116.9
 25.87 -25.87
 28.67 -28.67
 -135 135
 -70.23 70.23
 -37.58 37.58
 45.34 -45.34
 113.4 -113.4
 -53.12 53.12
 -21.73 21.73
 -57.15 57.15
 6.415 -6.415
 20.71 -20.71
 78.39 -78.39
 -5.924 5.924
 50.35 -50.35
 -51.11 51.11
 78.46 -78.46
 10.08 -10.08
 -50.09 50.09
 -37.33 37.33
 25.13 -25.13
 -3.644 3.644
 12.44 -12.44
 49.44 -49.44
 70.58 -70.58
 -32.56 32.56
 -45.02 45.02
 -84.32 84.32
 29.8 -29.8
 243.7 -243.7
 -102.2 102.2
 -0.7058 0.7058
 66.86 -66.86
 82.78 -82.78
 40.2 -40.2
 -199.6 199.6
 99.8 -99.8
 -33.83 33.83
 75.26 -75.26
 15.15 -15.15
 -3.172 3.172
 -60.8 60.8
 63.67 -63.67
 27.98 -27.98
 -20.72 20.72
 -26.68 26.68
 -171.1 171.1
 -23.27 23.27
 40.12 -40.12
 14 -14
 -47.38 47.38
 -80.56 80.56
 36.51 -36.51
 32.03 -32.03
 -39.23 39.23
 -30.95 30.95
 -27.7 27.7
 -89.11 89.11
 24.29 -24.29
 51.51 -51.51
 -25.62 25.62
 -60.67 60.67
 -55.07 55.07
 -16.36 16.36
 13.88 -13.88
 31.15 -31.15
 49.27 -49.27
 -82 82
 36.35 -36.35
 -9.284 9.284
 -67.05 67.05
 2.338 -2.338
 -64.99 64.99
 -67.14 67.14
 4.61 -4.61
 -8.264 8.264
 -19.22 19.22
 -38.06 38.06
 68.23 -68.23
 -123.8 123.8
 -56.2 56.2
 19.81 -19.81
 -68.82 68.82
 -134.5 134.5
 26.88 -26.88
 536.5 -536.5
 17.27 -17.27
 -18.19 18.19
 -234.4 234.4
 -43.34 43.34
 9.083 -9.083
 -150.8 150.8
 -47.01 47.01
 58 -58
 -19.14 19.14
 -94.74 94.74
 125 -125
 412.3 -412.3
 69.22 -69.22
 92.79 -92.79
 40.79 -40.79
 -45.38 45.38
 -48.55 48.55
 49.62 -49.62
 54.63 -54.63
 -64.82 64.82
 48.98 -48.98
 26.85 -26.85
 -15.27 15.27
 182 -182
 -3.462 3.462
 -21.3 21.3
 -34.35 34.35
 311.8 -311.8
 -238 238
 37.8 -37.8
 -11.48 11.48
 -9.654 9.654
 73.89 -73.89
 -2.106 2.106
 -11.76 11.76
 -115.5 115.5
 130.3 -130.3
 71.4 -71.4
 28.41 -28.41
 -18.8 18.8
 -58.75 58.75
 -49.77 49.77
 -3.852 3.852
 -23.78 23.78
 84.96 -84.96
 34.86 -34.86
 90.5 -90.5
 -106.5 106.5
 -39.77 39.77
 145.1 -145.1
 135.2 -135.2
 -19.31 19.31
 -228.8 228.8
 -120 120
 -13.25 13.25
 47.78 -47.78
 -255.4 255.4
 90.64 -90.64
 -140.2 140.2
 -14.93 14.93
 -53.79 53.79
 4.504 -4.504
 -111.2 111.2
 -62.51 62.51
 -9.676 9.676
 -80.38 80.38
 -79.76 79.76
 39.3 -39.3
 -140.9 140.9
 26.62 -26.62
 -52.79 52.79
 83.07 -83.07
 15.8 -15.8
 -88.19 88.19
 141.3 -141.3
 -31.8 31.8
 46.66 -46.66
 57.16 -57.16
 83.17 -83.17
 -88.98 88.98
 70.12 -70.12
 -93.82 93.82
 -84.72 84.72
 -59.7 59.7
 50.86 -50.86
 96.27 -96.27
 -67.44 67.44
 -7.074 7.074
 -73.92 73.92
 58.96 -58.96
 -35.09 35.09
 -16.7 16.7
 16.16 -16.16
 -154.7 154.7
 -143.3 143.3
 -60.37 60.37
 32.16 -32.16
 -49.79 49.79
 3.611 -3.611
 89.96 -89.96
 -20.44 20.44
 -11.89 11.89
 4.85 -4.85
 161.9 -161.9
 165.3 -165.3
 -25.54 25.54
 169.9 -169.9
 -139.1 139.1
 -60.28 60.28
 -49.1 49.1
 78.5 -78.5
 -51.96 51.96
 -71.37 71.37
 -58.19 58.19
 -29.17 29.17
 32.27 -32.27
 63.18 -63.18
 90.61 -90.61
 32.21 -32.21
 -13.92 13.92
 12.79 -12.79
 -64.08 64.08
 25.21 -25.21
 28.11 -28.11
 -63.7 63.7
 -113.9 113.9
 -1.076 1.076
 126 -126
 -99.24 99.24
 161.2 -161.2
 245.4 -245.4
 12.02 -12.02
 -89.13 89.13
 -10.49 10.49
 -60.08 60.08
 -86.89 86.89
 -19.39 19.39
 -192.4 192.4
 47.34 -47.34
 -0.2461 0.2461
 -3.661 3.661
 64.59 -64.59
 -175.1 175.1
 -33.35 33.35
 -65.48 65.48
 32.76 -32.76
 4.465 -4.465
 -25.53 25.53
 -73.04 73.04
 -96.11 96.11
 219.5 -219.5
 33.56 -33.56
 -24.77 24.77
 19.93 -19.93
 -2.046 2.046
 201.6 -201.6
 44.57 -44.57
 200.7 -200.7
 -110.4 110.4
 41.57 -41.57
 -125.6 125.6
 -57.66 57.66
 336.8 -336.8
 123 -123
 -56.76 56.76
 110.9 -110.9
 39.16 -39.16
 276.7 -276.7
 95.34 -95.34
 69.56 -69.56
 13.38 -13.38
 7.269 -7.269
 66.2 -66.2
 -9.96 9.96
 59.78 -59.78
 -24.36 24.36
 -66.39 66.39
 70.34 -70.34
 -66.34 66.34
 -107.3 107.3
 64.42 -64.42
 -76.63 76.63
 -5.988 5.988
 -30.49 30.49
 -14.09 14.09
 39.98 -39.98
 -9.715 9.715
 -176.8 176.8
 -70.77 70.77
 47.7 -47.7
 -50.92 50.92
 11.89 -11.89
 -18.29 18.29
 80.65 -80.65
 174.3 -174.3
 107.9 -107.9
 -24.26 24.26
 -83.98 83.98
 -43.9 43.9
 -35.84 35.84
 37.34 -37.34
 19.79 -19.79
 -204 204
 132.4 -132.4
 -1.742 1.742
 198.5 -198.5
 -35 35
 -89.65 89.65
 -99.64 99.64
 71.54 -71.54
 -54.25 54.25
 -17.71 17.71
 185.3 -185.3
 -60.28 60.28
 50.71 -50.71
 -128 128
 -22.73 22.73
 67.03 -67.03
 71.86 -71.86
 20.54 -20.54
 -25.4 25.4
 -6.383 6.383
 84.06 -84.06
 144.4 -144.4
 -72.43 72.43
 -99.01 99.01
 -0.9417 0.9417
 -128.2 128.2
 -55.68 55.68
 -57.6 57.6
 317.9 -317.9
 101.5 -101.5
 7.721 -7.721
 49.94 -49.94
 -19.69 19.69
 -40.65 40.65
 -42.65 42.65
 -24.96 24.96
 -39.38 39.38
 -154 154
 35.84 -35.84
 -83.16 83.16
 -6.874 6.874
 -69.35 69.35
 -61.29 61.29
 241.5 -241.5
 -111.1 111.1
 -58.21 58.21
 -39.6 39.6
 -58.88 58.88
 63.16 -63.16
 -73.98 73.98
 -81.12 81.12
 97.59 -97.59
 -100 100
 120.8 -120.8
 -42 42
 61.24 -61.24
 -34.38 34.38
 -123.2 123.2
 -120.8 120.8
 -0.279 0.279
 232.6 -232.6
 -67.79 67.79
 216.2 -216.2
 128.4 -128.4
 70.57 -70.57
 4.259 -4.259
 150.4 -150.4
 -132.7 132.7
 -53.2 53.2
 -47.25 47.25
 -11.9 11.9
 -36.86 36.86
 -73.6 73.6
 -109.1 109.1
 120.2 -120.2
 -55.82 55.82
 185.5 -185.5
 -0.6344 0.6344
 -12.6 12.6
 -24.77 24.77
 45.46 -45.46
 48.15 -48.15
 -102.5 102.5
 -12.95 12.95
 -29.63 29.63
 43.54 -43.54
 -144.7 144.7
 118.9 -118.9
 -33.04 33.04
 65.05 -65.05
 -44.61 44.61
 -141.3 141.3
 142.7 -142.7
 -1.451 1.451
 -86.21 86.21
 -28.65 28.65
 139.8 -139.8
 272 -272
 33.11 -33.11
 66.7 -66.7
 -72.93 72.93
 30.59 -30.59
 -94.92 94.92
 17 -17
 -88.53 88.53
 -88.33 88.33
 243.8 -243.8
 18.55 -18.55
 78.17 -78.17
 83.82 -83.82
 91.98 -91.98
 27.81 -27.81
 2.386 -2.386
 23.48 -23.48
 -24.45 24.45
 -37.72 37.72
 -60.73 60.73
 -7.836 7.836
 -10.2 10.2
 25.27 -25.27
 75.9 -75.9
 36.54 -36.54
 -34.65 34.65
 87.93 -87.93
 -6.357 6.357
 43.02 -43.02
 -23.25 23.25
 -0.601 0.601
 120.1 -120.1
 -0.4748 0.4748
 -72.47 72.47
 -124.2 124.2
 -45.57 45.57
 -30.1 30.1
 57.49 -57.49
 6.247 -6.247
 -17.04 17.04
 -20.02 20.02
 44.62 -44.62
 -39.73 39.73
 -67.04 67.04
 -17.11 17.11
 42.67 -42.67
 -151.2 151.2
 75.87 -75.87
 -30.71 30.71
 -77.84 77.84
 -36.79 36.79
 -18 18
 -63.28 63.28
 -34.12 34.12
 -90.35 90.35
 65.27 -65.27
 -25.12 25.12
 -10.22 10.22
 20.38 -20.38
 -175.1 175.1
 -33.97 33.97
 72.9 -72.9
 -148.3 148.3
 -45.31 45.31
 34.33 -34.33
 -41.32 41.32
 -53.66 53.66
 -25.85 25.85
 90.72 -90.72
 -170.8 170.8
 21.93 -21.93
 -18.32 18.32
 -4.789 4.789
 -23.43 23.43
 -100.5 100.5
 1.124 -1.124
 -54.12 54.12
 -35.63 35.63
 -57.75 57.75
 -61.44 61.44
 -48.82 48.82
 -70.94 70.94
 -183.5 183.5
 103.9 -103.9
 31.01 -31.01
 29.99 -29.99
 -2.078 2.078
 -39.15 39.15
 -82.59 82.59
 -69.3 69.3
 109.6 -109.6
 110.3 -110.3
 -25.75 25.75
 46.35 -46.35
 -150.5 150.5
 -43.73 43.73
 31.61 -31.61
 76.17 -76.17
 -86.3 86.3
 202.4 -202.4
 20.9 -20.9
 13.7 -13.7
 2.049 -2.049
 16.34 -16.34
 -69.28 69.28
 123.2 -123.2
 -6.844 6.844
 140.5 -140.5
 -6.373 6.373
 40.62 -40.62
 -3.803 3.803
 -55.16 55.16
 -138.8 138.8
 -25.32 25.32
 68.8 -68.8
 73.8 -73.8
 -4.217 4.217
 -118.1 118.1
 -19.02 19.02
 -98.66 98.66
 209 -209
 -42.74 42.74
