# Created by Octave 5.2.0, Fri Sep 25 00:04:57 2020 CEST <jiwidi@land>
# name: w
# type: matrix
# rows: 2001
# columns: 2
 0 0
 11.77 -11.77
 -7.8 7.8
 14.95 -14.95
 -1.295 1.295
 4.47 -4.47
 14.63 -14.63
 -4.178 4.178
 3.618 -3.618
 -5.175 5.175
 3.808 -3.808
 1.304 -1.304
 0.7089 -0.7089
 3.916 -3.916
 -3.829 3.829
 -12.41 12.41
 7.801 -7.801
 -7.032 7.032
 13.04 -13.04
 0.05724 -0.05724
 -2.404 2.404
 -9.108 9.108
 2.402 -2.402
 -2.399 2.399
 4.511 -4.511
 -14.12 14.12
 0.3384 -0.3384
 4.135 -4.135
 -3.839 3.839
 0.4102 -0.4102
 -3.554 3.554
 5.838 -5.838
 2.768 -2.768
 1.891 -1.891
 5.714 -5.714
 -24.94 24.94
 -16.83 16.83
 -2.934 2.934
 -8.044 8.044
 -3.665 3.665
 -6.969 6.969
 11.44 -11.44
 -1.661 1.661
 -8.866 8.866
 2.213 -2.213
 7.122 -7.122
 -4.802 4.802
 19.64 -19.64
 -2.754 2.754
 8.433 -8.433
 6.777 -6.777
 1.433 -1.433
 1.541 -1.541
 -9.299 9.299
 22.61 -22.61
 15.37 -15.37
 1.704 -1.704
 2.263 -2.263
 -0.1834 0.1834
 -13.59 13.59
 4.867 -4.867
 -7.119 7.119
 -0.4113 0.4113
 5.975 -5.975
 -7.383 7.383
 0.9073 -0.9073
 11.57 -11.57
 0.7115 -0.7115
 10.09 -10.09
 5.357 -5.357
 -11.75 11.75
 -12.72 12.72
 -2.24 2.24
 12.71 -12.71
 18.57 -18.57
 -7.035 7.035
 -36.18 36.18
 -8.384 8.384
 7.533 -7.533
 -4.59 4.59
 1.842 -1.842
 2.846 -2.846
 -7.185 7.185
 3.202 -3.202
 7.84 -7.84
 1.59 -1.59
 -9.254 9.254
 -5.269 5.269
 -3.24 3.24
 -8.594 8.594
 1.988 -1.988
 9.256 -9.256
 4.49 -4.49
 -0.9328 0.9328
 10.31 -10.31
 -1.177 1.177
 -2.39 2.39
 1.259 -1.259
 -4.612 4.612
 -1.292 1.292
 6.032 -6.032
 9.915 -9.915
 -5.213 5.213
 -14.2 14.2
 6.963 -6.963
 5.189 -5.189
 0.9681 -0.9681
 3.043 -3.043
 7.175 -7.175
 2.877 -2.877
 18.13 -18.13
 -8.851 8.851
 3.278 -3.278
 0.3858 -0.3858
 -3.556 3.556
 -5.715 5.715
 1.666 -1.666
 -2.758 2.758
 -11.82 11.82
 -4.816 4.816
 3.09 -3.09
 19.71 -19.71
 -17.24 17.24
 3.117 -3.117
 6.569 -6.569
 -25.29 25.29
 -5.417 5.417
 0.3574 -0.3574
 2.595 -2.595
 -5.32 5.32
 21.5 -21.5
 1.173 -1.173
 4.739 -4.739
 -5.419 5.419
 9.672 -9.672
 -6.314 6.314
 3.08 -3.08
 -24.32 24.32
 -4.596 4.596
 -0.919 0.919
 -6.98 6.98
 -5.855 5.855
 2.705 -2.705
 2.807 -2.807
 5.76 -5.76
 -3.555 3.555
 12.24 -12.24
 -1.507 1.507
 -11.03 11.03
 1.893 -1.893
 3.985 -3.985
 -15.08 15.08
 10.48 -10.48
 15.96 -15.96
 1.159 -1.159
 -2.218 2.218
 -7.076 7.076
 4.506 -4.506
 -15.07 15.07
 1.174 -1.174
 0.7692 -0.7692
 11.7 -11.7
 -9.099 9.099
 -19.59 19.59
 11.53 -11.53
 23.16 -23.16
 12.89 -12.89
 1.073 -1.073
 1.243 -1.243
 -7.987 7.987
 0.5606 -0.5606
 11.48 -11.48
 -2.183 2.183
 3.265 -3.265
 8.524 -8.524
 1.349 -1.349
 -12.74 12.74
 12.89 -12.89
 -8.924 8.924
 -1.188 1.188
 2.053 -2.053
 -7.279 7.279
 -14.96 14.96
 9.224 -9.224
 3.07 -3.07
 -5.085 5.085
 15.2 -15.2
 -6.857 6.857
 -0.1082 0.1082
 -18.21 18.21
 5.389 -5.389
 2.711 -2.711
 -0.93 0.93
 1.141 -1.141
 -5.823 5.823
 -9.774 9.774
 3.325 -3.325
 -5.861 5.861
 -2.334 2.334
 22.77 -22.77
 3.76 -3.76
 -8.982 8.982
 -8.54 8.54
 6.944 -6.944
 -4.315 4.315
 -1.393 1.393
 -8.68 8.68
 -13.78 13.78
 -5.031 5.031
 17.56 -17.56
 -25.41 25.41
 3.579 -3.579
 -5.993 5.993
 3.223 -3.223
 -8.228 8.228
 17.27 -17.27
 -2.454 2.454
 -12.2 12.2
 9.825 -9.825
 2.534 -2.534
 -6.515 6.515
 0.2569 -0.2569
 9.902 -9.902
 9.266 -9.266
 4.835 -4.835
 9.538 -9.538
 -0.6478 0.6478
 -9.961 9.961
 1.619 -1.619
 -11.04 11.04
 10.01 -10.01
 9.74 -9.74
 1.482 -1.482
 -12.05 12.05
 2.909 -2.909
 -4.888 4.888
 -2.734 2.734
 -6.82 6.82
 11.78 -11.78
 7.358 -7.358
 -7.241 7.241
 1.055 -1.055
 -5.634 5.634
 0.3844 -0.3844
 -7.922 7.922
 -3.455 3.455
 6.274 -6.274
 0.6715 -0.6715
 -4.449 4.449
 -9.593 9.593
 9.325 -9.325
 4.525 -4.525
 5.38 -5.38
 6.705 -6.705
 -2.282 2.282
 8.323 -8.323
 4.86 -4.86
 16.19 -16.19
 9.28 -9.28
 -0.3219 0.3219
 20.44 -20.44
 -5.135 5.135
 2.102 -2.102
 -11 11
 5.774 -5.774
 3.431 -3.431
 4.626 -4.626
 -3.312 3.312
 4.411 -4.411
 14.02 -14.02
 -3.91 3.91
 2.208 -2.208
 -2.233 2.233
 1.805 -1.805
 1.982 -1.982
 4.914 -4.914
 5.828 -5.828
 5.272 -5.272
 -10.27 10.27
 -10.27 10.27
 -6.335 6.335
 5.345 -5.345
 4.04 -4.04
 0.9455 -0.9455
 13.38 -13.38
 1.534 -1.534
 -1.96 1.96
 0.09775 -0.09775
 3.616 -3.616
 -11.05 11.05
 -4.081 4.081
 -20.95 20.95
 20.97 -20.97
 3.924 -3.924
 -2.364 2.364
 5.83 -5.83
 -29.17 29.17
 -2.259 2.259
 10.17 -10.17
 1.448 -1.448
 -11.39 11.39
 -1.186 1.186
 1.595 -1.595
 -14.54 14.54
 3.133 -3.133
 3.4 -3.4
 6.372 -6.372
 -4.645 4.645
 -9.365 9.365
 2.391 -2.391
 3.732 -3.732
 17.72 -17.72
 -11.4 11.4
 -6.184 6.184
 11.67 -11.67
 -13.17 13.17
 1.03 -1.03
 13.38 -13.38
 -4.685 4.685
 -1.079 1.079
 5.915 -5.915
 36.29 -36.29
 6.393 -6.393
 2.619 -2.619
 -1.627 1.627
 2.513 -2.513
 15.14 -15.14
 -0.728 0.728
 0.4926 -0.4926
 3.717 -3.717
 -4.53 4.53
 2.452 -2.452
 -6.753 6.753
 -6.873 6.873
 -5.305 5.305
 6.993 -6.993
 -1.795 1.795
 10.55 -10.55
 3.515 -3.515
 18.1 -18.1
 0.5966 -0.5966
 -7.448 7.448
 -8.972 8.972
 7.469 -7.469
 -0.8743 0.8743
 -2.316 2.316
 12.1 -12.1
 7.896 -7.896
 15.65 -15.65
 13.28 -13.28
 -3.817 3.817
 -3.512 3.512
 -21.09 21.09
 -6.813 6.813
 2.162 -2.162
 7.963 -7.963
 -13.64 13.64
 0.9312 -0.9312
 -0.3452 0.3452
 16.53 -16.53
 -15.3 15.3
 -12.37 12.37
 -6.974 6.974
 10.15 -10.15
 3.177 -3.177
 1.458 -1.458
 10.92 -10.92
 -20.49 20.49
 5.944 -5.944
 -31.22 31.22
 7.834 -7.834
 7.334 -7.334
 -4.682 4.682
 -12.56 12.56
 -16.9 16.9
 0.6491 -0.6491
 5.274 -5.274
 16.63 -16.63
 -2.291 2.291
 -20.7 20.7
 -1.596 1.596
 -14.1 14.1
 -0.8042 0.8042
 -10.66 10.66
 5.696 -5.696
 13.83 -13.83
 -0.3611 0.3611
 12.46 -12.46
 4.889 -4.889
 -2.991 2.991
 -2.835 2.835
 -8.25 8.25
 3.494 -3.494
 -12.32 12.32
 2.647 -2.647
 -5.938 5.938
 -0.1717 0.1717
 3.754 -3.754
 -1.821 1.821
 19.43 -19.43
 -0.6614 0.6614
 -12.35 12.35
 -6.926 6.926
 -1.706 1.706
 -8.955 8.955
 -9.379 9.379
 1.52 -1.52
 1.399 -1.399
 -6.809 6.809
 18.41 -18.41
 -6.145 6.145
 0.8062 -0.8062
 -3.707 3.707
 1.549 -1.549
 -23.32 23.32
 1.787 -1.787
 12.45 -12.45
 -9.137 9.137
 11.1 -11.1
 4.215 -4.215
 17.98 -17.98
 -6.532 6.532
 26.7 -26.7
 4.699 -4.699
 -9.818 9.818
 -6.942 6.942
 -6.281 6.281
 -3.313 3.313
 -3.186 3.186
 -0.02947 0.02947
 17.61 -17.61
 -6.526 6.526
 14.02 -14.02
 -1.475 1.475
 -16.15 16.15
 -3.574 3.574
 -6.33 6.33
 4.401 -4.401
 -12.88 12.88
 -1.223 1.223
 -6.581 6.581
 -1.481 1.481
 -18.74 18.74
 15.42 -15.42
 1.703 -1.703
 -8.288 8.288
 -1.889 1.889
 -2.777 2.777
 4.644 -4.644
 17.9 -17.9
 -6.564 6.564
 -1.509 1.509
 16.68 -16.68
 3.542 -3.542
 6.378 -6.378
 15.09 -15.09
 -4.489 4.489
 17.96 -17.96
 0.09632 -0.09632
 7.09 -7.09
 -3.647 3.647
 5.862 -5.862
 10.08 -10.08
 -0.2158 0.2158
 16.01 -16.01
 2.874 -2.874
 5.256 -5.256
 -0.8174 0.8174
 1.796 -1.796
 0.7092 -0.7092
 -9.137 9.137
 0.03652 -0.03652
 1.025 -1.025
 -8.83 8.83
 3.906 -3.906
 17.27 -17.27
 1.036 -1.036
 -2.602 2.602
 -0.8697 0.8697
 2.238 -2.238
 -1.867 1.867
 -2.399 2.399
 2.967 -2.967
 -0.412 0.412
 -2.814 2.814
 -0.2607 0.2607
 -0.3245 0.3245
 -26.3 26.3
 -2.474 2.474
 -2.125 2.125
 -4.762 4.762
 2.357 -2.357
 -0.4017 0.4017
 -4.783 4.783
 -2.519 2.519
 -15.28 15.28
 -11.9 11.9
 -7.161 7.161
 8.665 -8.665
 -24.19 24.19
 2.85 -2.85
 13.34 -13.34
 -13.41 13.41
 -2.801 2.801
 -4.312 4.312
 -17.97 17.97
 -7.217 7.217
 7.916 -7.916
 1.964 -1.964
 17.57 -17.57
 -1.956 1.956
 -2.803 2.803
 -7.21 7.21
 0.5446 -0.5446
 -6.226 6.226
 -12.27 12.27
 -6.471 6.471
 -0.6537 0.6537
 -3.638 3.638
 -16.1 16.1
 -0.1121 0.1121
 13.94 -13.94
 -12.42 12.42
 3.956 -3.956
 -28.57 28.57
 6.976 -6.976
 -0.06917 0.06917
 1.223 -1.223
 0.8619 -0.8619
 -0.5306 0.5306
 17.91 -17.91
 -1.924 1.924
 -12.39 12.39
 8.135 -8.135
 4.448 -4.448
 -19.63 19.63
 18.6 -18.6
 -0.5174 0.5174
 11.38 -11.38
 -1.262 1.262
 -14.79 14.79
 -8.052 8.052
 1.999 -1.999
 -4.925 4.925
 12.88 -12.88
 -16.16 16.16
 10.33 -10.33
 -9.056 9.056
 -13.85 13.85
 -3.454 3.454
 18.11 -18.11
 -5.693 5.693
 17.67 -17.67
 -8.172 8.172
 8.288 -8.288
 0.06666 -0.06666
 3.563 -3.563
 -13.3 13.3
 -2.866 2.866
 -0.3378 0.3378
 8.444 -8.444
 -3.953 3.953
 3.705 -3.705
