# Created by Octave 5.2.0, Fri Sep 25 00:17:25 2020 CEST <jiwidi@land>
# name: w
# type: matrix
# rows: 2001
# columns: 2
 -170 170
 211.8 -211.8
 -879.1 879.1
 -391.8 391.8
 -276.3 276.3
 -359.1 359.1
 836.6 -836.6
 517.1 -517.1
 131.5 -131.5
 -389.3 389.3
 1156 -1156
 -396.1 396.1
 238.2 -238.2
 212.3 -212.3
 -750.1 750.1
 -1405 1405
 -74.72 74.72
 509.9 -509.9
 -754.5 754.5
 415.5 -415.5
 -724.8 724.8
 -899.7 899.7
 -1265 1265
 -1163 1163
 1343 -1343
 -471.4 471.4
 -297.2 297.2
 -840.6 840.6
 -275.3 275.3
 -1.83 1.83
 121 -121
 -402.7 402.7
 1172 -1172
 -566.2 566.2
 856.2 -856.2
 1008 -1008
 -725.3 725.3
 -111.7 111.7
 -817.6 817.6
 -36.78 36.78
 -788.9 788.9
 419.2 -419.2
 -485.5 485.5
 -426.8 426.8
 135.4 -135.4
 1198 -1198
 -468.6 468.6
 1072 -1072
 -1520 1520
 -292.2 292.2
 123.9 -123.9
 254.7 -254.7
 -105.3 105.3
 -471.6 471.6
 3519 -3519
 618.7 -618.7
 185.3 -185.3
 353.4 -353.4
 15.38 -15.38
 240.7 -240.7
 48.08 -48.08
 -89.4 89.4
 -16.34 16.34
 322.6 -322.6
 -368.9 368.9
 -345.8 345.8
 517.8 -517.8
 -1169 1169
 258.7 -258.7
 286.7 -286.7
 -1350 1350
 -702.3 702.3
 -375.8 375.8
 453.4 -453.4
 1134 -1134
 -531.2 531.2
 -217.3 217.3
 -571.5 571.5
 64.15 -64.15
 207.1 -207.1
 783.9 -783.9
 -59.24 59.24
 503.5 -503.5
 -511.1 511.1
 784.6 -784.6
 100.8 -100.8
 -500.9 500.9
 -373.3 373.3
 251.3 -251.3
 -36.44 36.44
 124.4 -124.4
 494.4 -494.4
 705.8 -705.8
 -325.6 325.6
 -450.2 450.2
 -843.2 843.2
 298 -298
 2437 -2437
 -1022 1022
 -7.058 7.058
 668.6 -668.6
 827.8 -827.8
 402 -402
 -1996 1996
 998 -998
 -338.3 338.3
 752.6 -752.6
 151.5 -151.5
 -31.72 31.72
 -608 608
 636.7 -636.7
 279.8 -279.8
 -207.2 207.2
 -266.8 266.8
 -1711 1711
 -232.7 232.7
 401.2 -401.2
 140 -140
 -473.8 473.8
 -805.6 805.6
 365.1 -365.1
 320.3 -320.3
 -392.3 392.3
 -309.5 309.5
 -277 277
 -891.1 891.1
 242.9 -242.9
 515.1 -515.1
 -256.2 256.2
 -606.7 606.7
 -550.7 550.7
 -163.6 163.6
 138.8 -138.8
 311.5 -311.5
 492.7 -492.7
 -820 820
 363.5 -363.5
 -92.84 92.84
 -670.5 670.5
 23.38 -23.38
 -649.9 649.9
 -671.4 671.4
 46.1 -46.1
 -82.64 82.64
 -192.2 192.2
 -380.6 380.6
 682.3 -682.3
 -1238 1238
 -562 562
 198.1 -198.1
 -688.2 688.2
 -1345 1345
 268.8 -268.8
 5365 -5365
 172.7 -172.7
 -181.9 181.9
 -2344 2344
 -433.4 433.4
 90.83 -90.83
 -1508 1508
 -470.1 470.1
 580 -580
 -191.4 191.4
 -947.4 947.4
 1250 -1250
 4123 -4123
 692.2 -692.2
 927.9 -927.9
 407.9 -407.9
 -453.8 453.8
 -485.5 485.5
 496.2 -496.2
 546.3 -546.3
 -648.2 648.2
 489.8 -489.8
 268.5 -268.5
 -152.7 152.7
 1820 -1820
 -34.62 34.62
 -213 213
 -343.5 343.5
 3118 -3118
 -2380 2380
 378 -378
 -114.8 114.8
 -96.54 96.54
 738.9 -738.9
 -21.06 21.06
 -117.6 117.6
 -1155 1155
 1303 -1303
 714 -714
 284.1 -284.1
 -188 188
 -587.5 587.5
 -497.7 497.7
 -38.52 38.52
 -237.8 237.8
 849.6 -849.6
 348.6 -348.6
 905 -905
 -1065 1065
 -397.7 397.7
 1451 -1451
 1352 -1352
 -193.1 193.1
 -2288 2288
 -1200 1200
 -132.5 132.5
 477.8 -477.8
 -2554 2554
 906.4 -906.4
 -1402 1402
 -149.3 149.3
 -537.9 537.9
 45.04 -45.04
 -1112 1112
 -625.1 625.1
 -96.76 96.76
 -803.8 803.8
 -797.6 797.6
 393 -393
 -1409 1409
 266.2 -266.2
 -527.9 527.9
 830.7 -830.7
 158 -158
 -881.9 881.9
 1413 -1413
 -318 318
 466.6 -466.6
 571.6 -571.6
 831.7 -831.7
 -889.8 889.8
 701.2 -701.2
 -938.2 938.2
 -847.2 847.2
 -597 597
 508.6 -508.6
 962.7 -962.7
 -674.4 674.4
 -70.74 70.74
 -739.2 739.2
 589.6 -589.6
 -350.9 350.9
 -167 167
 161.6 -161.6
 -1547 1547
 -1433 1433
 -603.7 603.7
 321.6 -321.6
 -497.9 497.9
 36.11 -36.11
 899.6 -899.6
 -204.4 204.4
 -118.9 118.9
 48.5 -48.5
 1619 -1619
 1653 -1653
 -255.4 255.4
 1699 -1699
 -1391 1391
 -602.8 602.8
 -491 491
 785 -785
 -519.6 519.6
 -713.7 713.7
 -581.9 581.9
 -291.7 291.7
 322.7 -322.7
 631.8 -631.8
 906.1 -906.1
 322.1 -322.1
 -139.2 139.2
 127.9 -127.9
 -640.8 640.8
 252.1 -252.1
 281.1 -281.1
 -637 637
 -1139 1139
 -10.76 10.76
 1260 -1260
 -992.4 992.4
 1612 -1612
 2454 -2454
 120.2 -120.2
 -891.3 891.3
 -104.9 104.9
 -600.8 600.8
 -868.9 868.9
 -193.9 193.9
 -1924 1924
 473.4 -473.4
 -2.461 2.461
 -36.61 36.61
 645.9 -645.9
 -1751 1751
 -333.5 333.5
 -654.8 654.8
 327.6 -327.6
 44.65 -44.65
 -255.3 255.3
 -730.4 730.4
 -961.1 961.1
 2195 -2195
 335.6 -335.6
 -247.7 247.7
 199.3 -199.3
 -20.46 20.46
 2016 -2016
 445.7 -445.7
 2007 -2007
 -1104 1104
 415.7 -415.7
 -1256 1256
 -576.6 576.6
 3368 -3368
 1230 -1230
 -567.6 567.6
 1109 -1109
 391.6 -391.6
 2767 -2767
 953.4 -953.4
 695.6 -695.6
 133.8 -133.8
 72.69 -72.69
 662 -662
 -99.6 99.6
 597.8 -597.8
 -243.6 243.6
 -663.9 663.9
 703.4 -703.4
 -663.4 663.4
 -1073 1073
 644.2 -644.2
 -766.3 766.3
 -59.88 59.88
 -304.9 304.9
 -140.9 140.9
 399.8 -399.8
 -97.15 97.15
 -1768 1768
 -707.7 707.7
 477 -477
 -509.2 509.2
 118.9 -118.9
 -182.9 182.9
 806.5 -806.5
 1743 -1743
 1079 -1079
 -242.6 242.6
 -839.8 839.8
 -439 439
 -358.4 358.4
 373.4 -373.4
 197.9 -197.9
 -2040 2040
 1324 -1324
 -17.42 17.42
 1985 -1985
 -350 350
 -896.5 896.5
 -996.4 996.4
 715.4 -715.4
 -542.5 542.5
 -177.1 177.1
 1853 -1853
 -602.8 602.8
 507.1 -507.1
 -1280 1280
 -227.3 227.3
 670.3 -670.3
 718.6 -718.6
 205.4 -205.4
 -254 254
 -63.83 63.83
 840.6 -840.6
 1444 -1444
 -724.3 724.3
 -990.1 990.1
 -9.417 9.417
 -1282 1282
 -556.8 556.8
 -576 576
 3179 -3179
 1015 -1015
 77.21 -77.21
 499.4 -499.4
 -196.9 196.9
 -406.5 406.5
 -426.5 426.5
 -249.6 249.6
 -393.8 393.8
 -1540 1540
 358.4 -358.4
 -831.6 831.6
 -68.74 68.74
 -693.5 693.5
 -612.9 612.9
 2415 -2415
 -1111 1111
 -582.1 582.1
 -396 396
 -588.8 588.8
 631.6 -631.6
 -739.8 739.8
 -811.2 811.2
 975.9 -975.9
 -1000 1000
 1208 -1208
 -420 420
 612.4 -612.4
 -343.8 343.8
 -1232 1232
 -1208 1208
 -2.79 2.79
 2326 -2326
 -677.9 677.9
 2162 -2162
 1284 -1284
 705.7 -705.7
 42.59 -42.59
 1504 -1504
 -1327 1327
 -532 532
 -472.5 472.5
 -119 119
 -368.6 368.6
 -736 736
 -1091 1091
 1202 -1202
 -558.2 558.2
 1855 -1855
 -6.344 6.344
 -126 126
 -247.7 247.7
 454.6 -454.6
 481.5 -481.5
 -1025 1025
 -129.5 129.5
 -296.3 296.3
 435.4 -435.4
 -1447 1447
 1189 -1189
 -330.4 330.4
 650.5 -650.5
 -446.1 446.1
 -1413 1413
 1427 -1427
 -14.51 14.51
 -862.1 862.1
 -286.5 286.5
 1398 -1398
 2720 -2720
 331.1 -331.1
 667 -667
 -729.3 729.3
 305.9 -305.9
 -949.2 949.2
 170 -170
 -885.3 885.3
 -883.3 883.3
 2438 -2438
 185.5 -185.5
 781.7 -781.7
 838.2 -838.2
 919.8 -919.8
 278.1 -278.1
 23.86 -23.86
 234.8 -234.8
 -244.5 244.5
 -377.2 377.2
 -607.3 607.3
 -78.36 78.36
 -102 102
 252.7 -252.7
 759 -759
 365.4 -365.4
 -346.5 346.5
 879.3 -879.3
 -63.57 63.57
 430.2 -430.2
 -232.5 232.5
 -6.01 6.01
 1201 -1201
 -4.748 4.748
 -724.7 724.7
 -1242 1242
 -455.7 455.7
 -301 301
 574.9 -574.9
 62.47 -62.47
 -170.4 170.4
 -200.2 200.2
 446.2 -446.2
 -397.3 397.3
 -670.4 670.4
 -171.1 171.1
 426.7 -426.7
 -1512 1512
 758.7 -758.7
 -307.1 307.1
 -778.4 778.4
 -367.9 367.9
 -180 180
 -632.8 632.8
 -341.2 341.2
 -903.5 903.5
 652.7 -652.7
 -251.2 251.2
 -102.2 102.2
 203.8 -203.8
 -1751 1751
 -339.7 339.7
 729 -729
 -1483 1483
 -453.1 453.1
 343.3 -343.3
 -413.2 413.2
 -536.6 536.6
 -258.5 258.5
 907.2 -907.2
 -1708 1708
 219.3 -219.3
 -183.2 183.2
 -47.89 47.89
 -234.3 234.3
 -1005 1005
 11.24 -11.24
 -541.2 541.2
 -356.3 356.3
 -577.5 577.5
 -614.4 614.4
 -488.2 488.2
 -709.4 709.4
 -1835 1835
 1039 -1039
 310.1 -310.1
 299.9 -299.9
 -20.78 20.78
 -391.5 391.5
 -825.9 825.9
 -693 693
 1096 -1096
 1103 -1103
 -257.5 257.5
 463.5 -463.5
 -1505 1505
 -437.3 437.3
 316.1 -316.1
 761.7 -761.7
 -863 863
 2024 -2024
 209 -209
 137 -137
 20.49 -20.49
 163.4 -163.4
 -692.8 692.8
 1232 -1232
 -68.44 68.44
 1405 -1405
 -63.73 63.73
 406.2 -406.2
 -38.03 38.03
 -551.6 551.6
 -1388 1388
 -253.2 253.2
 688 -688
 738 -738
 -42.17 42.17
 -1181 1181
 -190.2 190.2
 -986.6 986.6
 2090 -2090
 -427.4 427.4
 -193.4 193.4
 -14.67 14.67
 339 -339
 1853 -1853
 -224.2 224.2
 373.8 -373.8
 -862.7 862.7
 -847.1 847.1
 -617.3 617.3
 660.8 -660.8
 150.2 -150.2
 335.8 -335.8
 46.27 -46.27
 -914.9 914.9
 -45.14 45.14
 63.51 -63.51
 -66.92 66.92
 -1799 1799
 -2098 2098
