# Created by Octave 5.2.0, Fri Sep 25 00:03:51 2020 CEST <jiwidi@land>
# name: w
# type: matrix
# rows: 2001
# columns: 2
 0 0
 8.468 -8.468
 -0.5222 0.5222
 15.59 -15.59
 0.4846 -0.4846
 2.488 -2.488
 9.871 -9.871
 -1.545 1.545
 4.175 -4.175
 -1.922 1.922
 -1.147 1.147
 0.527 -0.527
 0.9567 -0.9567
 1.966 -1.966
 -3.058 3.058
 -7.608 7.608
 4.198 -4.198
 -6.051 6.051
 9.021 -9.021
 -1.103 1.103
 -0.5605 0.5605
 -6.743 6.743
 3.543 -3.543
 0.09786 -0.09786
 0.6581 -0.6581
 -7.723 7.723
 -1.977 1.977
 -0.6135 0.6135
 -2.952 2.952
 3.589 -3.589
 -4.832 4.832
 -0.05491 0.05491
 3.088 -3.088
 -0.3517 0.3517
 4.531 -4.531
 -15 15
 -14.54 14.54
 -3.4 3.4
 -6.831 6.831
 -2.116 2.116
 -0.5484 0.5484
 2.63 -2.63
 -2.774 2.774
 -7.425 7.425
 -4.115 4.115
 2.382 -2.382
 -5.823 5.823
 13.56 -13.56
 -0.0567 0.0567
 6.238 -6.238
 2.513 -2.513
 -2.983 2.983
 0.6004 -0.6004
 -6.267 6.267
 8.541 -8.541
 8.009 -8.009
 -1.323 1.323
 1.629 -1.629
 -0.9448 0.9448
 -9.837 9.837
 2.083 -2.083
 -2.559 2.559
 0.7518 -0.7518
 5.995 -5.995
 -4.389 4.389
 -1.792 1.792
 7.575 -7.575
 -1.69 1.69
 5.683 -5.683
 1.633 -1.633
 1.179 -1.179
 -12.19 12.19
 -1.183 1.183
 4.425 -4.425
 11.2 -11.2
 -6.112 6.112
 -21.41 21.41
 -6.236 6.236
 5.915 -5.915
 -9.728 9.728
 2.681 -2.681
 0.8516 -0.8516
 -7.839 7.839
 -1.445 1.445
 0.07071 -0.07071
 1.679 -1.679
 -10.63 10.63
 -2.304 2.304
 -4.73 4.73
 -0.9113 0.9113
 2.118 -2.118
 8.001 -8.001
 0.3561 -0.3561
 -0.7467 0.7467
 13.05 -13.05
 -0.8155 0.8155
 -2.891 2.891
 6.161 -6.161
 0.34 -0.34
 -0.7653 0.7653
 0.7206 -0.7206
 2.274 -2.274
 -4.81 4.81
 -6.124 6.124
 1.427 -1.427
 5.659 -5.659
 -1.169 1.169
 2.156 -2.156
 2.037 -2.037
 3.048 -3.048
 5.647 -5.647
 -1.483 1.483
 1.29 -1.29
 0.6797 -0.6797
 3.957 -3.957
 -3.018 3.018
 4.026 -4.026
 -2.852 2.852
 -6.799 6.799
 -4.093 4.093
 -0.2032 0.2032
 8.202 -8.202
 -18.62 18.62
 2.122 -2.122
 5.749 -5.749
 -16.06 16.06
 -3.406 3.406
 -2.853 2.853
 4.023 -4.023
 -0.07642 0.07642
 8.996 -8.996
 -3.648 3.648
 0.4736 -0.4736
 -2.961 2.961
 5.411 -5.411
 -0.3824 0.3824
 3.831 -3.831
 -17.36 17.36
 -1.991 1.991
 -2.009 2.009
 -0.9972 0.9972
 -1.838 1.838
 3.871 -3.871
 -3.005 3.005
 5.177 -5.177
 -3.131 3.131
 9.374 -9.374
 -0.8331 0.8331
 -4.744 4.744
 3.159 -3.159
 0.8771 -0.8771
 -9.783 9.783
 4.475 -4.475
 12.23 -12.23
 -1.07 1.07
 -3.332 3.332
 -1.799 1.799
 2.697 -2.697
 -7.251 7.251
 0.509 -0.509
 -0.132 0.132
 5.119 -5.119
 -5.846 5.846
 -9.364 9.364
 3.394 -3.394
 13.37 -13.37
 5.471 -5.471
 -0.4429 0.4429
 0.7969 -0.7969
 -4.166 4.166
 -1.964 1.964
 3.44 -3.44
 -4.257 4.257
 3.898 -3.898
 3.156 -3.156
 -0.5047 0.5047
 -5.016 5.016
 8.376 -8.376
 -3.293 3.293
 0.602 -0.602
 -0.4079 0.4079
 -6.171 6.171
 -11.39 11.39
 8.403 -8.403
 -1.011 1.011
 -3.168 3.168
 8.807 -8.807
 -5.165 5.165
 2.147 -2.147
 -8.785 8.785
 4.009 -4.009
 0.8891 -0.8891
 -2.232 2.232
 -0.6823 0.6823
 -4.312 4.312
 -4.977 4.977
 -1.355 1.355
 -5.649 5.649
 -0.1034 0.1034
 15.22 -15.22
 2.951 -2.951
 -3.643 3.643
 -8.441 8.441
 10.06 -10.06
 -2.845 2.845
 3.579 -3.579
 -0.9025 0.9025
 -3.617 3.617
 -2.051 2.051
 7.812 -7.812
 -19.66 19.66
 1.777 -1.777
 -4.891 4.891
 6.007 -6.007
 -4.249 4.249
 12.6 -12.6
 -1.834 1.834
 -5.024 5.024
 1.045 -1.045
 4.951 -4.951
 -3.744 3.744
 -0.2067 0.2067
 5.89 -5.89
 5.967 -5.967
 6.419 -6.419
 5.843 -5.843
 1.471 -1.471
 -1.177 1.177
 2.448 -2.448
 -7.489 7.489
 3.034 -3.034
 10.01 -10.01
 2.242 -2.242
 -7.144 7.144
 2.75 -2.75
 -1.814 1.814
 -2.187 2.187
 -6.774 6.774
 8.318 -8.318
 3.877 -3.877
 -7.52 7.52
 -1.939 1.939
 -3.476 3.476
 -0.3763 0.3763
 -4.974 4.974
 -6.405 6.405
 4.5 -4.5
 1.821 -1.821
 -2.455 2.455
 -7.219 7.219
 7.578 -7.578
 3.156 -3.156
 3.267 -3.267
 1.772 -1.772
 -2.915 2.915
 4.227 -4.227
 1.876 -1.876
 11.03 -11.03
 7.407 -7.407
 -0.5927 0.5927
 14.17 -14.17
 -3.017 3.017
 1.183 -1.183
 -4.869 4.869
 2.904 -2.904
 2.594 -2.594
 0.6096 -0.6096
 0.6279 -0.6279
 0.138 -0.138
 10.17 -10.17
 0.7179 -0.7179
 -5.214 5.214
 -3.496 3.496
 -0.7657 0.7657
 -0.5718 0.5718
 3.357 -3.357
 3.161 -3.161
 -0.8262 0.8262
 -7.152 7.152
 -2.544 2.544
 -5.87 5.87
 2.561 -2.561
 3.318 -3.318
 0.4798 -0.4798
 10.29 -10.29
 2.196 -2.196
 2.894 -2.894
 -2.158 2.158
 5.026 -5.026
 -9.448 9.448
 -0.6172 0.6172
 -15.44 15.44
 10.98 -10.98
 1.985 -1.985
 0.01689 -0.01689
 1.671 -1.671
 -13.45 13.45
 -1.696 1.696
 6.081 -6.081
 0.4164 -0.4164
 -5.784 5.784
 -0.1328 0.1328
 4.713 -4.713
 -10.03 10.03
 4.036 -4.036
 0.7955 -0.7955
 5.081 -5.081
 -1.803 1.803
 1.1 -1.1
 1.683 -1.683
 -0.149 0.149
 10.66 -10.66
 -7.419 7.419
 -10.11 10.11
 6.179 -6.179
 -6.914 6.914
 0.2824 -0.2824
 3.947 -3.947
 -1.818 1.818
 -2.623 2.623
 5.306 -5.306
 23.51 -23.51
 4.047 -4.047
 -0.4126 0.4126
 -5.067 5.067
 2.568 -2.568
 9.044 -9.044
 3.576 -3.576
 0.159 -0.159
 1.644 -1.644
 -6.306 6.306
 1.693 -1.693
 2.097 -2.097
 -6.128 6.128
 -4.691 4.691
 1.142 -1.142
 -0.6672 0.6672
 12.24 -12.24
 6.734 -6.734
 10.1 -10.1
 -0.4138 0.4138
 -5.616 5.616
 -4.044 4.044
 5.057 -5.057
 0.3445 -0.3445
 -3.053 3.053
 8.997 -8.997
 2.455 -2.455
 8.306 -8.306
 6.707 -6.707
 -2.691 2.691
 -1.17 1.17
 -11.76 11.76
 -3.405 3.405
 -2.843 2.843
 5.106 -5.106
 -4.695 4.695
 -2.762 2.762
 -0.669 0.669
 10.67 -10.67
 -8.437 8.437
 -5.952 5.952
 -6.229 6.229
 5.363 -5.363
 -1.88 1.88
 2.297 -2.297
 4.367 -4.367
 -9.649 9.649
 2.975 -2.975
 -13.51 13.51
 4.49 -4.49
 3.431 -3.431
 -3.671 3.671
 -12.79 12.79
 -12.79 12.79
 1.083 -1.083
 -0.93 0.93
 9.721 -9.721
 -0.4898 0.4898
 -15.39 15.39
 -3.355 3.355
 -5.054 5.054
 -0.4073 0.4073
 -3.877 3.877
 0.2939 -0.2939
 4.962 -4.962
 1.959 -1.959
 9.252 -9.252
 6.599 -6.599
 -3.205 3.205
 -2.034 2.034
 -0.9087 0.9087
 0.4832 -0.4832
 -9.974 9.974
 -0.5745 0.5745
 2.139 -2.139
 -2.606 2.606
 3.272 -3.272
 -0.8677 0.8677
 8.877 -8.877
 -1.038 1.038
 -6.444 6.444
 -4.011 4.011
 3.56 -3.56
 -3.208 3.208
 -0.9582 0.9582
 1.229 -1.229
 -0.6884 0.6884
 -2.949 2.949
 11.82 -11.82
 -4.521 4.521
 1.044 -1.044
 -1.561 1.561
 3.757 -3.757
 -9.996 9.996
 -0.004369 0.004369
 3.747 -3.747
 -2.57 2.57
 8.075 -8.075
 1.4 -1.4
 7.836 -7.836
 -6.426 6.426
 16.73 -16.73
 3.693 -3.693
 -5.119 5.119
 -2.712 2.712
 -6.654 6.654
 -1.417 1.417
 -0.6373 0.6373
 -2.429 2.429
 8.854 -8.854
 -5.62 5.62
 6.049 -6.049
 1.86 -1.86
 -4.965 4.965
 -1.334 1.334
 -3.953 3.953
 1.953 -1.953
 -13.4 13.4
 0.4685 -0.4685
 -4.808 4.808
 -1.486 1.486
 -14.78 14.78
 9.019 -9.019
 3.075 -3.075
 -6.747 6.747
 -3.351 3.351
 2.318 -2.318
 0.3341 -0.3341
 10.51 -10.51
 -0.3022 0.3022
 0.1549 -0.1549
 11.46 -11.46
 1.375 -1.375
 -0.6059 0.6059
 9.243 -9.243
 1.78 -1.78
 12.64 -12.64
 -1.298 1.298
 -0.08923 0.08923
 -0.7787 0.7787
 1.242 -1.242
 5.571 -5.571
 1.167 -1.167
 7.978 -7.978
 -2.202 2.202
 4.498 -4.498
 -2.392 2.392
 2.487 -2.487
 3.487 -3.487
 -4.716 4.716
 0.2051 -0.2051
 0.882 -0.882
 -6.368 6.368
 -0.3975 0.3975
 6.308 -6.308
 -4.659 4.659
 -0.9876 0.9876
 -4.463 4.463
 4.18 -4.18
 -1.019 1.019
 -4.471 4.471
 1.851 -1.851
 2.943 -2.943
 -0.7667 0.7667
 -0.04737 0.04737
 1.471 -1.471
 -11.92 11.92
 -0.2865 0.2865
 -2.929 2.929
 -7.313 7.313
 0.5244 -0.5244
 -1.212 1.212
 -4.199 4.199
 -1.661 1.661
 -8.633 8.633
 -7.645 7.645
 -1.038 1.038
 8.14 -8.14
 -15.67 15.67
 4.24 -4.24
 4.335 -4.335
 -8.796 8.796
 -0.6191 0.6191
 -1.229 1.229
 -10.93 10.93
 -8.032 8.032
 -0.6847 0.6847
 -1.852 1.852
 8.366 -8.366
 -0.6901 0.6901
 -2.238 2.238
 -2.186 2.186
 2.95 -2.95
 -3.18 3.18
 2.432 -2.432
 -4.554 4.554
 1.124 -1.124
 -1.362 1.362
 -8.84 8.84
 1.121 -1.121
 6.104 -6.104
 -7.571 7.571
 5.062 -5.062
 -12.29 12.29
 3.598 -3.598
 -4.322 4.322
 5.069 -5.069
 1.056 -1.056
 -1.015 1.015
 8.243 -8.243
 -1.321 1.321
 -5.433 5.433
 0.4308 -0.4308
 2.908 -2.908
 -14.03 14.03
 14.35 -14.35
 0.9523 -0.9523
 10.32 -10.32
 -0.5314 0.5314
 -7.5 7.5
 -5.058 5.058
 -5.525 5.525
 -2.83 2.83
 6.197 -6.197
 -12.16 12.16
 4.284 -4.284
 -4.952 4.952
 -7.646 7.646
 1.717 -1.717
 8.093 -8.093
 -3.144 3.144
 7.653 -7.653
 -5.365 5.365
 6.409 -6.409
