# Created by Octave 5.2.0, Fri Sep 25 00:48:01 2020 CEST <jiwidi@land>
# name: w
# type: matrix
# rows: 2001
# columns: 2
 0 0
 8.235e+05 -8.235e+05
 1.069e+05 -1.069e+05
 1.312e+06 -1.312e+06
 4.708e+04 -4.708e+04
 2.199e+05 -2.199e+05
 8.939e+05 -8.939e+05
 -2.013e+05 2.013e+05
 3.599e+05 -3.599e+05
 -9.776e+04 9.776e+04
 -2.946e+05 2.946e+05
 1.105e+05 -1.105e+05
 1.933e+04 -1.933e+04
 2.084e+05 -2.084e+05
 -2.839e+05 2.839e+05
 -6.662e+05 6.662e+05
 3.375e+05 -3.375e+05
 -6.415e+05 6.415e+05
 6.99e+05 -6.99e+05
 -4.075e+04 4.075e+04
 -1.383e+05 1.383e+05
 -7.15e+05 7.15e+05
 4.852e+05 -4.852e+05
 -1.965e+04 1.965e+04
 1.05e+04 -1.05e+04
 -5.686e+05 5.686e+05
 -8189 8189
 -1.408e+05 1.408e+05
 -2.769e+05 2.769e+05
 3.517e+05 -3.517e+05
 -6.199e+05 6.199e+05
 4.448e+04 -4.448e+04
 2.382e+05 -2.382e+05
 -2.447e+04 2.447e+04
 4.37e+05 -4.37e+05
 -1.317e+06 1.317e+06
 -1.222e+06 1.222e+06
 -4.071e+05 4.071e+05
 -6.176e+05 6.176e+05
 -2.276e+05 2.276e+05
 -2.143e+04 2.143e+04
 3.678e+05 -3.678e+05
 -2.618e+05 2.618e+05
 -6.612e+05 6.612e+05
 -3.686e+05 3.686e+05
 2.972e+05 -2.972e+05
 -5.643e+05 5.643e+05
 1.046e+06 -1.046e+06
 -3.736e+04 3.736e+04
 4.319e+05 -4.319e+05
 1.947e+05 -1.947e+05
 -2.383e+05 2.383e+05
 2.036e+04 -2.036e+04
 -7.998e+05 7.998e+05
 6.918e+05 -6.918e+05
 7.003e+05 -7.003e+05
 -1.588e+05 1.588e+05
 2.603e+05 -2.603e+05
 -7.175e+04 7.175e+04
 -9.212e+05 9.212e+05
 9.877e+04 -9.877e+04
 -2.012e+05 2.012e+05
 -5.57e+04 5.57e+04
 5.349e+05 -5.349e+05
 -4.18e+05 4.18e+05
 -1.692e+05 1.692e+05
 7.354e+05 -7.354e+05
 3.673e+04 -3.673e+04
 4.445e+05 -4.445e+05
 6.186e+04 -6.186e+04
 2.54e+05 -2.54e+05
 -1.121e+06 1.121e+06
 -1.202e+05 1.202e+05
 2.864e+05 -2.864e+05
 1.042e+06 -1.042e+06
 -5.05e+05 5.05e+05
 -2.251e+06 2.251e+06
 -6.238e+05 6.238e+05
 4.887e+05 -4.887e+05
 -8.703e+05 8.703e+05
 1.543e+05 -1.543e+05
 6.431e+04 -6.431e+04
 -6.645e+05 6.645e+05
 -2.669e+05 2.669e+05
 -9061 9061
 9.847e+04 -9.847e+04
 -1.049e+06 1.049e+06
 -1.333e+05 1.333e+05
 -3.839e+05 3.839e+05
 -4.318e+05 4.318e+05
 1.322e+05 -1.322e+05
 8.126e+05 -8.126e+05
 1.531e+04 -1.531e+04
 -5.104e+04 5.104e+04
 1.283e+06 -1.283e+06
 -8.183e+04 8.183e+04
 -1.608e+05 1.608e+05
 5.051e+05 -5.051e+05
 2.389e+04 -2.389e+04
 -8.874e+04 8.874e+04
 -5858 5858
 1.191e+05 -1.191e+05
 -4.523e+05 4.523e+05
 -2.762e+05 2.762e+05
 1.118e+05 -1.118e+05
 4.879e+05 -4.879e+05
 -3.797e+05 3.797e+05
 9.991e+04 -9.991e+04
 1.182e+05 -1.182e+05
 3.446e+05 -3.446e+05
 4.743e+05 -4.743e+05
 -7.848e+04 7.848e+04
 3.332e+04 -3.332e+04
 1.341e+05 -1.341e+05
 2.3e+05 -2.3e+05
 -3.799e+05 3.799e+05
 3.509e+05 -3.509e+05
 -2.115e+05 2.115e+05
 -5.901e+05 5.901e+05
 -3.217e+05 3.217e+05
 1.346e+05 -1.346e+05
 7.767e+05 -7.767e+05
 -1.704e+06 1.704e+06
 1.01e+05 -1.01e+05
 6.163e+05 -6.163e+05
 -1.353e+06 1.353e+06
 -2.931e+05 2.931e+05
 -2.071e+05 2.071e+05
 2.899e+05 -2.899e+05
 -6.331e+04 6.331e+04
 6.837e+05 -6.837e+05
 -4.134e+05 4.134e+05
 -6.182e+04 6.182e+04
 -3.609e+05 3.609e+05
 2.816e+05 -2.816e+05
 3.851e+04 -3.851e+04
 3.981e+05 -3.981e+05
 -1.55e+06 1.55e+06
 -1.519e+05 1.519e+05
 -1.55e+05 1.55e+05
 -2.51e+04 2.51e+04
 -1.272e+05 1.272e+05
 3.574e+05 -3.574e+05
 -1.174e+05 1.174e+05
 4.622e+05 -4.622e+05
 -1.827e+05 1.827e+05
 7.585e+05 -7.585e+05
 -1.029e+05 1.029e+05
 -5.612e+05 5.612e+05
 3.484e+05 -3.484e+05
 1.773e+05 -1.773e+05
 -8.247e+05 8.247e+05
 5.569e+05 -5.569e+05
 1.18e+06 -1.18e+06
 -4.577e+04 4.577e+04
 -2.979e+05 2.979e+05
 -2.157e+05 2.157e+05
 2.589e+05 -2.589e+05
 -6.616e+05 6.616e+05
 1.01e+05 -1.01e+05
 6.788e+04 -6.788e+04
 4.239e+05 -4.239e+05
 -5.594e+05 5.594e+05
 -7.53e+05 7.53e+05
 2.648e+05 -2.648e+05
 9.834e+05 -9.834e+05
 2.027e+05 -2.027e+05
 -1.481e+05 1.481e+05
 9.935e+04 -9.935e+04
 -3.471e+05 3.471e+05
 -1.704e+05 1.704e+05
 2.253e+05 -2.253e+05
 -4.32e+05 4.32e+05
 3.589e+05 -3.589e+05
 2.84e+05 -2.84e+05
 -5.515e+04 5.515e+04
 -4.136e+05 4.136e+05
 7.728e+05 -7.728e+05
 -1.203e+05 1.203e+05
 8.434e+04 -8.434e+04
 -6.601e+04 6.601e+04
 -6.254e+05 6.254e+05
 -9.958e+05 9.958e+05
 8.417e+05 -8.417e+05
 -6.621e+04 6.621e+04
 -2.631e+05 2.631e+05
 6.644e+05 -6.644e+05
 -3.625e+05 3.625e+05
 1.574e+05 -1.574e+05
 -7.312e+05 7.312e+05
 3.433e+05 -3.433e+05
 1.359e+05 -1.359e+05
 -1.332e+05 1.332e+05
 -1.253e+05 1.253e+05
 -4.085e+05 4.085e+05
 -4.96e+05 4.96e+05
 -1.858e+05 1.858e+05
 -5.77e+05 5.77e+05
 3.238e+04 -3.238e+04
 1.374e+06 -1.374e+06
 3.625e+05 -3.625e+05
 -4.014e+05 4.014e+05
 -8.539e+05 8.539e+05
 9.177e+05 -9.177e+05
 -3.406e+05 3.406e+05
 3.092e+05 -3.092e+05
 -2.821e+05 2.821e+05
 -2.815e+05 2.815e+05
 -1.798e+05 1.798e+05
 5.832e+05 -5.832e+05
 -1.93e+06 1.93e+06
 1.207e+05 -1.207e+05
 -5.523e+05 5.523e+05
 4.593e+05 -4.593e+05
 -4.314e+05 4.314e+05
 9.764e+05 -9.764e+05
 -1.893e+05 1.893e+05
 -3.904e+05 3.904e+05
 1.164e+04 -1.164e+04
 6.057e+05 -6.057e+05
 -2.718e+05 2.718e+05
 -1.313e+05 1.313e+05
 7.387e+05 -7.387e+05
 5.02e+05 -5.02e+05
 6.477e+05 -6.477e+05
 3.79e+05 -3.79e+05
 2.87e+05 -2.87e+05
 -3.723e+04 3.723e+04
 3.187e+05 -3.187e+05
 -7.5e+05 7.5e+05
 2.426e+05 -2.426e+05
 1.052e+06 -1.052e+06
 1.101e+05 -1.101e+05
 -7.969e+05 7.969e+05
 2.803e+05 -2.803e+05
 -1.998e+05 1.998e+05
 -2.999e+05 2.999e+05
 -6.527e+05 6.527e+05
 7.314e+05 -7.314e+05
 3.535e+05 -3.535e+05
 -8.705e+05 8.705e+05
 -2.614e+05 2.614e+05
 -3.634e+05 3.634e+05
 5.576e+04 -5.576e+04
 -4.628e+05 4.628e+05
 -6.02e+05 6.02e+05
 3.372e+05 -3.372e+05
 3.506e+05 -3.506e+05
 -1.863e+05 1.863e+05
 -7.231e+05 7.231e+05
 8.557e+05 -8.557e+05
 2.252e+05 -2.252e+05
 2.353e+05 -2.353e+05
 2.643e+05 -2.643e+05
 -1.913e+05 1.913e+05
 2.725e+05 -2.725e+05
 1.481e+05 -1.481e+05
 1.221e+06 -1.221e+06
 8.501e+05 -8.501e+05
 -7.51e+04 7.51e+04
 1.053e+06 -1.053e+06
 -2.152e+05 2.152e+05
 1.019e+04 -1.019e+04
 -3.683e+05 3.683e+05
 2.59e+05 -2.59e+05
 2.22e+05 -2.22e+05
 1.124e+05 -1.124e+05
 6.533e+04 -6.533e+04
 4.128e+04 -4.128e+04
 8.548e+05 -8.548e+05
 6.564e+04 -6.564e+04
 -5.809e+05 5.809e+05
 -5.71e+05 5.71e+05
 6991 -6991
 -8.107e+04 8.107e+04
 3.294e+05 -3.294e+05
 1.925e+05 -1.925e+05
 -8355 8355
 -6.148e+05 6.148e+05
 -2.768e+04 2.768e+04
 -5.981e+05 5.981e+05
 1.44e+05 -1.44e+05
 2.691e+05 -2.691e+05
 4.486e+04 -4.486e+04
 8.31e+05 -8.31e+05
 2.577e+05 -2.577e+05
 2.239e+05 -2.239e+05
 -2.462e+05 2.462e+05
 3.238e+05 -3.238e+05
 -9.189e+05 9.189e+05
 4.393e+04 -4.393e+04
 -1.426e+06 1.426e+06
 9.795e+05 -9.795e+05
 1.617e+05 -1.617e+05
 8.99e+04 -8.99e+04
 7.785e+04 -7.785e+04
 -1.286e+06 1.286e+06
 -1.647e+05 1.647e+05
 4.555e+05 -4.555e+05
 1.645e+05 -1.645e+05
 -4.274e+05 4.274e+05
 7417 -7417
 4.649e+05 -4.649e+05
 -8.046e+05 8.046e+05
 4.575e+05 -4.575e+05
 7.128e+04 -7.128e+04
 5.411e+05 -5.411e+05
 -8.332e+04 8.332e+04
 5.786e+04 -5.786e+04
 1.951e+05 -1.951e+05
 3660 -3660
 1.257e+06 -1.257e+06
 -7.253e+05 7.253e+05
 -9.291e+05 9.291e+05
 4.54e+05 -4.54e+05
 -5.854e+05 5.854e+05
 1.331e+04 -1.331e+04
 4.876e+05 -4.876e+05
 -9.768e+04 9.768e+04
 -9.353e+04 9.353e+04
 5.105e+05 -5.105e+05
 2.206e+06 -2.206e+06
 3.661e+05 -3.661e+05
 -4.415e+04 4.415e+04
 -4.377e+05 4.377e+05
 3.251e+05 -3.251e+05
 8.161e+05 -8.161e+05
 4.451e+05 -4.451e+05
 2.918e+05 -2.918e+05
 3.012e+05 -3.012e+05
 -7.255e+05 7.255e+05
 1.284e+05 -1.284e+05
 2.311e+05 -2.311e+05
 -5.927e+05 5.927e+05
 -3.325e+05 3.325e+05
 1.027e+05 -1.027e+05
 -3.388e+04 3.388e+04
 1.012e+06 -1.012e+06
 6.404e+05 -6.404e+05
 9.184e+05 -9.184e+05
 6.39e+04 -6.39e+04
 -3.747e+05 3.747e+05
 -1.713e+05 1.713e+05
 5.902e+05 -5.902e+05
 -2.136e+05 2.136e+05
 -3.138e+05 3.138e+05
 8.74e+05 -8.74e+05
 1.574e+05 -1.574e+05
 7.602e+05 -7.602e+05
 3.082e+05 -3.082e+05
 -2.397e+05 2.397e+05
 -2.048e+04 2.048e+04
 -1.091e+06 1.091e+06
 -2.764e+05 2.764e+05
 -2.911e+05 2.911e+05
 3.867e+05 -3.867e+05
 -3.97e+05 3.97e+05
 -2.055e+05 2.055e+05
 -4.42e+04 4.42e+04
 1.044e+06 -1.044e+06
 -7.908e+05 7.908e+05
 -3.457e+05 3.457e+05
 -5.051e+05 5.051e+05
 4.583e+05 -4.583e+05
 -1.988e+05 1.988e+05
