# Created by Octave 5.2.0, Thu Sep 24 23:58:31 2020 CEST <jiwidi@land>
# name: w
# type: matrix
# rows: 2001
# columns: 2
 -35.5 35.5
 3.001 -3.001
 -11.66 11.66
 -5.719 5.719
 -3.664 3.664
 -4.668 4.668
 9.351 -9.351
 7.564 -7.564
 1.52 -1.52
 -4.758 4.758
 14.83 -14.83
 -4.806 4.806
 2.949 -2.949
 4.288 -4.288
 -12.8 12.8
 -20.29 20.29
 -2.281 2.281
 8.558 -8.558
 -9.514 9.514
 10.84 -10.84
 -9.31 9.31
 -9.795 9.795
 -17.45 17.45
 -15.05 15.05
 19.25 -19.25
 -5.465 5.465
 -3.875 3.875
 -35.85 35.85
 -3.216 3.216
 -0.03398 0.03398
 1.9 -1.9
 -3.916 3.916
 15.61 -15.61
 -7.3 7.3
 11.53 -11.53
 16.77 -16.77
 -9.093 9.093
 -1.272 1.272
 -10.25 10.25
 -0.06042 0.06042
 -10.86 10.86
 5.158 -5.158
 -5.825 5.825
 -4.731 4.731
 2.793 -2.793
 14.54 -14.54
 -8.924 8.924
 11.63 -11.63
 -20.11 20.11
 -6.45 6.45
 1.761 -1.761
 3.572 -3.572
 -1.201 1.201
 -4.904 4.904
 50.12 -50.12
 8.275 -8.275
 2.845 -2.845
 5.361 -5.361
 -1.517 1.517
 1.923 -1.923
 1.985 -1.985
 -2.25 2.25
 -2.969 2.969
 1.537 -1.537
 -4.348 4.348
 -4.773 4.773
 5.781 -5.781
 -18.8 18.8
 3.371 -3.371
 2.559 -2.559
 -18.5 18.5
 -7.999 7.999
 -4.481 4.481
 6.142 -6.142
 14.35 -14.35
 -6.137 6.137
 -0.1667 0.1667
 -5.814 5.814
 -0.08761 0.08761
 3.746 -3.746
 10.77 -10.77
 -0.1989 0.1989
 7.209 -7.209
 -6.566 6.566
 8.309 -8.309
 0.9481 -0.9481
 -5.518 5.518
 -4.932 4.932
 3.778 -3.778
 0.07068 -0.07068
 0.6684 -0.6684
 4.237 -4.237
 8.181 -8.181
 -4.602 4.602
 -5.768 5.768
 -10.84 10.84
 4.191 -4.191
 34.04 -34.04
 -14.31 14.31
 0.5568 -0.5568
 6.731 -6.731
 10.32 -10.32
 6.928 -6.928
 -24.85 24.85
 13.98 -13.98
 -5.089 5.089
 10.53 -10.53
 1.405 -1.405
 -1.165 1.165
 -8.468 8.468
 5.967 -5.967
 3.446 -3.446
 -3.427 3.427
 -3.408 3.408
 -21.66 21.66
 -2.276 2.276
 5.598 -5.598
 1.921 -1.921
 -6.066 6.066
 -10.04 10.04
 5.905 -5.905
 3.968 -3.968
 -3.417 3.417
 -5.501 5.501
 -2.791 2.791
 -11.56 11.56
 5.672 -5.672
 8.053 -8.053
 -3.125 3.125
 -7.333 7.333
 -8.099 8.099
 -3.195 3.195
 1.11 -1.11
 -3.915 3.915
 6.47 -6.47
 -9.761 9.761
 4.367 -4.367
 0.76 -0.76
 -8.092 8.092
 0.5398 -0.5398
 -8.638 8.638
 -8.392 8.392
 1.123 -1.123
 -1.495 1.495
 -2.3 2.3
 -4.076 4.076
 7.828 -7.828
 -31.37 31.37
 -6.673 6.673
 1.664 -1.664
 -9.471 9.471
 -15.83 15.83
 2.133 -2.133
 77.77 -77.77
 2.702 -2.702
 -0.8925 0.8925
 -39.12 39.12
 -7.418 7.418
 2.233 -2.233
 -21.64 21.64
 -6.14 6.14
 5.084 -5.084
 -2.729 2.729
 -10.26 10.26
 14.13 -14.13
 54.38 -54.38
 7.715 -7.715
 13.08 -13.08
 5.047 -5.047
 -5.208 5.208
 -8.918 8.918
 5.629 -5.629
 5.626 -5.626
 -8.681 8.681
 6.238 -6.238
 3.498 -3.498
 -0.2091 0.2091
 25.76 -25.76
 0.2337 -0.2337
 -3.032 3.032
 -3.977 3.977
 45.25 -45.25
 -32 32
 3.735 -3.735
 -3.537 3.537
 -0.5886 0.5886
 9.442 -9.442
 0.2723 -0.2723
 -1.324 1.324
 -14.56 14.56
 16.29 -16.29
 8.919 -8.919
 3.085 -3.085
 -2.057 2.057
 -6.448 6.448
 -2.566 2.566
 0.6342 -0.6342
 -2.588 2.588
 10.86 -10.86
 3.067 -3.067
 12.41 -12.41
 -12.92 12.92
 -4.798 4.798
 19.51 -19.51
 19.23 -19.23
 0.271 -0.271
 -30.72 30.72
 -16.43 16.43
 -1.079 1.079
 3.284 -3.284
 -37.65 37.65
 11.61 -11.61
 -17.76 17.76
 -1.262 1.262
 -5.676 5.676
 -3.118 3.118
 -15.82 15.82
 -6.557 6.557
 -1.569 1.569
 -12.53 12.53
 -9.854 9.854
 4.697 -4.697
 -18.16 18.16
 3.62 -3.62
 -9.372 9.372
 10.95 -10.95
 2.754 -2.754
 -10.78 10.78
 16.04 -16.04
 -3.097 3.097
 5.032 -5.032
 10.3 -10.3
 12.16 -12.16
 -10.57 10.57
 10.34 -10.34
 -12.5 12.5
 -9.61 9.61
 -7.279 7.279
 4.525 -4.525
 13.15 -13.15
 -7.777 7.777
 -0.1177 0.1177
 -9.163 9.163
 7.208 -7.208
 -3.801 3.801
 -1.896 1.896
 1.542 -1.542
 -21.01 21.01
 -22.33 22.33
 -7.065 7.065
 4.491 -4.491
 -8.513 8.513
 -0.669 0.669
 11.47 -11.47
 -2.179 2.179
 -2.587 2.587
 -0.7755 0.7755
 20.81 -20.81
 22.85 -22.85
 -4.493 4.493
 20.43 -20.43
 -18.5 18.5
 -7.726 7.726
 -5.63 5.63
 10.87 -10.87
 -6.917 6.917
 -11 11
 -6.996 6.996
 -6.304 6.304
 3.634 -3.634
 8.972 -8.972
 12.35 -12.35
 3.494 -3.494
 -2.129 2.129
 1.984 -1.984
 -10.34 10.34
 3.053 -3.053
 2.566 -2.566
 -7.665 7.665
 -14.19 14.19
 0.47 -0.47
 17.01 -17.01
 -15.47 15.47
 20.91 -20.91
 33.78 -33.78
 1.798 -1.798
 -11.91 11.91
 -1.356 1.356
 -8.715 8.715
 -10.58 10.58
 -3.554 3.554
 -27.17 27.17
 4.551 -4.551
 -0.4579 0.4579
 -0.0891 0.0891
 6.828 -6.828
 -22.28 22.28
 -3.935 3.935
 -8.022 8.022
 4.717 -4.717
 1.591 -1.591
 -3.103 3.103
 -9.181 9.181
 -11.82 11.82
 29.23 -29.23
 4.37 -4.37
 -4.26 4.26
 1.454 -1.454
 0.6192 -0.6192
 25.34 -25.34
 3.93 -3.93
 23.11 -23.11
 -13.11 13.11
 6.355 -6.355
 -18.43 18.43
 -4.994 4.994
 46.78 -46.78
 24.11 -24.11
 -7.531 7.531
 14.59 -14.59
 5.367 -5.367
 32.99 -32.99
 12.95 -12.95
 8.601 -8.601
 1.667 -1.667
 0.9377 -0.9377
 6.647 -6.647
 -0.9521 0.9521
 5.184 -5.184
 -2.683 2.683
 -8.521 8.521
 9.882 -9.882
 -8.91 8.91
 -13.94 13.94
 10.36 -10.36
 -11.03 11.03
 -0.6444 0.6444
 -2.836 2.836
 -1.423 1.423
 5.801 -5.801
 0.2267 -0.2267
 -22.48 22.48
 -8.114 8.114
 6.169 -6.169
 -5.052 5.052
 0.9774 -0.9774
 -4.415 4.415
 9.631 -9.631
 23.43 -23.43
 10.21 -10.21
 -2.811 2.811
 -12.11 12.11
 -4.887 4.887
 -4.018 4.018
 5.634 -5.634
 2.814 -2.814
 -32.64 32.64
 17.43 -17.43
 -0.05196 0.05196
 24.13 -24.13
 -3.17 3.17
 -12.75 12.75
 -11.42 11.42
 10.02 -10.02
 -6.39 6.39
 -2.113 2.113
 25.65 -25.65
 -10.99 10.99
 7.272 -7.272
 -12.89 12.89
 -4.878 4.878
 7.915 -7.915
 10.25 -10.25
 1.114 -1.114
 -1.779 1.779
 -0.8184 0.8184
 8.534 -8.534
 19.09 -19.09
 -8.998 8.998
 -11.04 11.04
 -1.345 1.345
 -17.44 17.44
 -6.768 6.768
 -8.842 8.842
 41.77 -41.77
 11.08 -11.08
 1.616 -1.616
 5.512 -5.512
 -2.117 2.117
 -4.247 4.247
 -5.414 5.414
 -3.213 3.213
 -8.938 8.938
 -20.01 20.01
 4.426 -4.426
 -11.64 11.64
 -0.4209 0.4209
 -7.632 7.632
 -7.678 7.678
 29.33 -29.33
 -15.02 15.02
 -5.954 5.954
 -4.903 4.903
 -8.511 8.511
 8.773 -8.773
 -8.755 8.755
 -10.01 10.01
 10.49 -10.49
 -11.95 11.95
 15.17 -15.17
 -4.793 4.793
 7.121 -7.121
 -4.327 4.327
 -21.97 21.97
 -12.68 12.68
 0.4571 -0.4571
 34.9 -34.9
 -8.737 8.737
 30.86 -30.86
 18.51 -18.51
 6.934 -6.934
 3.488 -3.488
 13.78 -13.78
 -22.98 22.98
 -5.324 5.324
 -6.285 6.285
 -0.7185 0.7185
 -4.456 4.456
 -9.002 9.002
 -14.35 14.35
 18.25 -18.25
 -6.917 6.917
 25.39 -25.39
 1.268 -1.268
 0.4744 -0.4744
 -2.824 2.824
 6.996 -6.996
 5.187 -5.187
 -12.26 12.26
 -1.342 1.342
 -7.843 7.843
 5.035 -5.035
 -19.62 19.62
 16.43 -16.43
 -6.765 6.765
 8.601 -8.601
 -4.441 4.441
 -18.9 18.9
 20.84 -20.84
 -1.108 1.108
 -10.68 10.68
 -4.751 4.751
 16.73 -16.73
 38.36 -38.36
 3.779 -3.779
 7.786 -7.786
 -9.453 9.453
 2.597 -2.597
 -11.95 11.95
 0.5035 -0.5035
 -11.72 11.72
 -12.79 12.79
 33.53 -33.53
 1.063 -1.063
 9.456 -9.456
 10.68 -10.68
 9.615 -9.615
 4.948 -4.948
 0.3691 -0.3691
 3.383 -3.383
 -2.035 2.035
 -3.771 3.771
 -8.058 8.058
 0.04354 -0.04354
 -0.6502 0.6502
 3.122 -3.122
 9.498 -9.498
 4.256 -4.256
 -6.762 6.762
 11.84 -11.84
 -0.6941 0.6941
 6.213 -6.213
 -3.098 3.098
 0.01629 -0.01629
 18.23 -18.23
 -0.0554 0.0554
 -8.931 8.931
 -17.37 17.37
 -5.498 5.498
 -5.87 5.87
 6.856 -6.856
 -0.8011 0.8011
 -0.6723 0.6723
 -3.294 3.294
 5.38 -5.38
 -3.918 3.918
 -9.59 9.59
 -1.092 1.092
 2.714 -2.714
 -21.58 21.58
 10.09 -10.09
 -6.019 6.019
 -8.497 8.497
 -4.195 4.195
 -1.459 1.459
 -7.334 7.334
 -3.345 3.345
 -21.8 21.8
 8.591 -8.591
 -2.753 2.753
 -1.346 1.346
 2.668 -2.668
 -24.41 24.41
 -1.698 1.698
 7.922 -7.922
 -19.06 19.06
 -4.909 4.909
 5.375 -5.375
 -4.843 4.843
 -5.664 5.664
 -3.126 3.126
 12.2 -12.2
 -21.39 21.39
 3.183 -3.183
 -0.2341 0.2341
 -0.8056 0.8056
 -4.19 4.19
 -13.31 13.31
 0.0688 -0.0688
 -6.745 6.745
 -7.853 7.853
 -7.994 7.994
 -6.792 6.792
 -7.27 7.27
 -8.794 8.794
 -24.31 24.31
 9.788 -9.788
 5.093 -5.093
 -1.438 1.438
 -0.3646 0.3646
 -8.608 8.608
 -9.776 9.776
 -9.998 9.998
 14.33 -14.33
 12.6 -12.6
 -1.842 1.842
 5.036 -5.036
 -22.63 22.63
 -4.227 4.227
 0.2512 -0.2512
 7.956 -7.956
 -16.43 16.43
 21.93 -21.93
 3.731 -3.731
 0.2921 -0.2921
 -1.471 1.471
 1.88 -1.88
 -8.238 8.238
 15.45 -15.45
 -1.04 1.04
 20.02 -20.02
 1.068 -1.068
