# Created by Octave 5.2.0, Fri Sep 25 00:26:47 2020 CEST <jiwidi@land>
# name: w
# type: matrix
# rows: 2001
# columns: 2
 -1700 1700
 2118 -2118
 -8791 8791
 -3918 3918
 -2763 2763
 -3591 3591
 8366 -8366
 5171 -5171
 1315 -1315
 -3893 3893
 1.156e+04 -1.156e+04
 -3961 3961
 2382 -2382
 2123 -2123
 -7501 7501
 -1.405e+04 1.405e+04
 -747.2 747.2
 5099 -5099
 -7545 7545
 4155 -4155
 -7248 7248
 -8997 8997
 -1.265e+04 1.265e+04
 -1.163e+04 1.163e+04
 1.343e+04 -1.343e+04
 -4714 4714
 -2972 2972
 -8406 8406
 -2753 2753
 -18.3 18.3
 1210 -1210
 -4027 4027
 1.172e+04 -1.172e+04
 -5662 5662
 8562 -8562
 1.008e+04 -1.008e+04
 -7253 7253
 -1117 1117
 -8176 8176
 -367.8 367.8
 -7889 7889
 4192 -4192
 -4855 4855
 -4268 4268
 1354 -1354
 1.198e+04 -1.198e+04
 -4686 4686
 1.072e+04 -1.072e+04
 -1.52e+04 1.52e+04
 -2922 2922
 1239 -1239
 2547 -2547
 -1053 1053
 -4716 4716
 3.519e+04 -3.519e+04
 6187 -6187
 1853 -1853
 3534 -3534
 153.8 -153.8
 2407 -2407
 480.8 -480.8
 -894 894
 -163.4 163.4
 3226 -3226
 -3689 3689
 -3458 3458
 5178 -5178
 -1.169e+04 1.169e+04
 2587 -2587
 2867 -2867
 -1.35e+04 1.35e+04
 -7023 7023
 -3758 3758
 4534 -4534
 1.134e+04 -1.134e+04
 -5312 5312
 -2173 2173
 -5715 5715
 641.5 -641.5
 2071 -2071
 7839 -7839
 -592.4 592.4
 5035 -5035
 -5111 5111
 7846 -7846
 1008 -1008
 -5009 5009
 -3733 3733
 2513 -2513
 -364.4 364.4
 1244 -1244
 4944 -4944
 7058 -7058
 -3256 3256
 -4502 4502
 -8432 8432
 2980 -2980
 2.437e+04 -2.437e+04
 -1.022e+04 1.022e+04
 -70.58 70.58
 6686 -6686
 8278 -8278
 4020 -4020
 -1.996e+04 1.996e+04
 9980 -9980
 -3383 3383
 7526 -7526
 1515 -1515
 -317.2 317.2
 -6080 6080
 6367 -6367
 2798 -2798
 -2072 2072
 -2668 2668
 -1.711e+04 1.711e+04
 -2327 2327
 4012 -4012
 1400 -1400
 -4738 4738
 -8056 8056
 3651 -3651
 3203 -3203
 -3923 3923
 -3095 3095
 -2770 2770
 -8911 8911
 2429 -2429
 5151 -5151
 -2562 2562
 -6067 6067
 -5507 5507
 -1636 1636
 1388 -1388
 3115 -3115
 4927 -4927
 -8200 8200
 3635 -3635
 -928.4 928.4
 -6705 6705
 233.8 -233.8
 -6499 6499
 -6714 6714
 461 -461
 -826.4 826.4
 -1922 1922
 -3806 3806
 6823 -6823
 -1.238e+04 1.238e+04
 -5620 5620
 1981 -1981
 -6882 6882
 -1.345e+04 1.345e+04
 2688 -2688
 5.365e+04 -5.365e+04
 1727 -1727
 -1819 1819
 -2.344e+04 2.344e+04
 -4334 4334
 908.3 -908.3
 -1.508e+04 1.508e+04
 -4701 4701
 5800 -5800
 -1914 1914
 -9474 9474
 1.25e+04 -1.25e+04
 4.123e+04 -4.123e+04
 6922 -6922
 9279 -9279
 4079 -4079
 -4538 4538
 -4855 4855
 4962 -4962
 5463 -5463
 -6482 6482
 4898 -4898
 2685 -2685
 -1527 1527
 1.82e+04 -1.82e+04
 -346.2 346.2
 -2130 2130
 -3435 3435
 3.118e+04 -3.118e+04
 -2.38e+04 2.38e+04
 3780 -3780
 -1148 1148
 -965.4 965.4
 7389 -7389
 -210.6 210.6
 -1176 1176
 -1.155e+04 1.155e+04
 1.303e+04 -1.303e+04
 7140 -7140
 2841 -2841
 -1880 1880
 -5875 5875
 -4977 4977
 -385.2 385.2
 -2378 2378
 8496 -8496
 3486 -3486
 9050 -9050
 -1.065e+04 1.065e+04
 -3977 3977
 1.451e+04 -1.451e+04
 1.352e+04 -1.352e+04
 -1931 1931
 -2.288e+04 2.288e+04
 -1.2e+04 1.2e+04
 -1325 1325
 4778 -4778
 -2.554e+04 2.554e+04
 9064 -9064
 -1.402e+04 1.402e+04
 -1493 1493
 -5379 5379
 450.4 -450.4
 -1.112e+04 1.112e+04
 -6251 6251
 -967.6 967.6
 -8038 8038
 -7976 7976
 3930 -3930
 -1.409e+04 1.409e+04
 2662 -2662
 -5279 5279
 8307 -8307
 1580 -1580
 -8819 8819
 1.413e+04 -1.413e+04
 -3180 3180
 4666 -4666
 5716 -5716
 8317 -8317
 -8898 8898
 7012 -7012
 -9382 9382
 -8472 8472
 -5970 5970
 5086 -5086
 9627 -9627
 -6744 6744
 -707.4 707.4
 -7392 7392
 5896 -5896
 -3509 3509
 -1670 1670
 1616 -1616
 -1.547e+04 1.547e+04
 -1.433e+04 1.433e+04
 -6037 6037
 3216 -3216
 -4979 4979
 361.1 -361.1
 8996 -8996
 -2044 2044
 -1189 1189
 485 -485
 1.619e+04 -1.619e+04
 1.653e+04 -1.653e+04
 -2554 2554
 1.699e+04 -1.699e+04
 -1.391e+04 1.391e+04
 -6028 6028
 -4910 4910
 7850 -7850
 -5196 5196
 -7137 7137
 -5819 5819
 -2917 2917
 3227 -3227
 6318 -6318
 9061 -9061
 3221 -3221
 -1392 1392
 1279 -1279
 -6408 6408
 2521 -2521
 2811 -2811
 -6370 6370
 -1.139e+04 1.139e+04
 -107.6 107.6
 1.26e+04 -1.26e+04
 -9924 9924
 1.612e+04 -1.612e+04
 2.454e+04 -2.454e+04
 1202 -1202
 -8913 8913
 -1049 1049
 -6008 6008
 -8689 8689
 -1939 1939
 -1.924e+04 1.924e+04
 4734 -4734
 -24.61 24.61
 -366.1 366.1
 6459 -6459
 -1.751e+04 1.751e+04
 -3335 3335
 -6548 6548
 3276 -3276
 446.5 -446.5
 -2553 2553
 -7304 7304
 -9611 9611
 2.195e+04 -2.195e+04
 3356 -3356
 -2477 2477
 1993 -1993
 -204.6 204.6
 2.016e+04 -2.016e+04
 4457 -4457
 2.007e+04 -2.007e+04
 -1.104e+04 1.104e+04
 4157 -4157
 -1.256e+04 1.256e+04
 -5766 5766
 3.368e+04 -3.368e+04
 1.23e+04 -1.23e+04
 -5676 5676
 1.109e+04 -1.109e+04
 3916 -3916
 2.767e+04 -2.767e+04
 9534 -9534
 6956 -6956
 1338 -1338
 726.9 -726.9
 6620 -6620
 -996 996
 5978 -5978
 -2436 2436
 -6639 6639
 7034 -7034
 -6634 6634
 -1.073e+04 1.073e+04
 6442 -6442
 -7663 7663
 -598.8 598.8
 -3049 3049
 -1409 1409
 3998 -3998
 -971.5 971.5
 -1.768e+04 1.768e+04
 -7077 7077
 4770 -4770
 -5092 5092
 1189 -1189
 -1829 1829
 8065 -8065
 1.743e+04 -1.743e+04
 1.079e+04 -1.079e+04
 -2426 2426
 -8398 8398
 -4390 4390
 -3584 3584
 3734 -3734
 1979 -1979
 -2.04e+04 2.04e+04
 1.324e+04 -1.324e+04
 -174.2 174.2
 1.985e+04 -1.985e+04
 -3500 3500
 -8965 8965
 -9964 9964
 7154 -7154
 -5425 5425
 -1771 1771
 1.853e+04 -1.853e+04
 -6028 6028
 5071 -5071
 -1.28e+04 1.28e+04
 -2273 2273
 6703 -6703
 7186 -7186
 2054 -2054
 -2540 2540
 -638.3 638.3
 8406 -8406
 1.444e+04 -1.444e+04
 -7243 7243
 -9901 9901
 -94.17 94.17
 -1.282e+04 1.282e+04
 -5568 5568
 -5760 5760
 3.179e+04 -3.179e+04
 1.015e+04 -1.015e+04
 772.1 -772.1
 4994 -4994
 -1969 1969
 -4065 4065
 -4265 4265
 -2496 2496
 -3938 3938
 -1.54e+04 1.54e+04
 3584 -3584
 -8316 8316
 -687.4 687.4
 -6935 6935
 -6129 6129
 2.415e+04 -2.415e+04
 -1.111e+04 1.111e+04
 -5821 5821
 -3960 3960
 -5888 5888
 6316 -6316
 -7398 7398
 -8112 8112
 9759 -9759
 -1e+04 1e+04
 1.208e+04 -1.208e+04
 -4200 4200
 6124 -6124
 -3438 3438
 -1.232e+04 1.232e+04
 -1.208e+04 1.208e+04
 -27.9 27.9
 2.326e+04 -2.326e+04
 -6779 6779
 2.162e+04 -2.162e+04
 1.284e+04 -1.284e+04
 7057 -7057
 425.9 -425.9
 1.504e+04 -1.504e+04
 -1.327e+04 1.327e+04
 -5320 5320
 -4725 4725
 -1190 1190
 -3686 3686
 -7360 7360
 -1.091e+04 1.091e+04
 1.202e+04 -1.202e+04
 -5582 5582
 1.855e+04 -1.855e+04
 -63.44 63.44
 -1260 1260
 -2477 2477
 4546 -4546
 4815 -4815
 -1.025e+04 1.025e+04
 -1295 1295
 -2963 2963
 4354 -4354
 -1.447e+04 1.447e+04
 1.189e+04 -1.189e+04
 -3304 3304
 6505 -6505
 -4461 4461
 -1.413e+04 1.413e+04
 1.427e+04 -1.427e+04
 -145.1 145.1
 -8621 8621
 -2865 2865
 1.398e+04 -1.398e+04
 2.72e+04 -2.72e+04
 3311 -3311
 6670 -6670
 -7293 7293
 3059 -3059
 -9492 9492
 1700 -1700
 -8853 8853
 -8833 8833
 2.438e+04 -2.438e+04
 1855 -1855
 7817 -7817
 8382 -8382
 9198 -9198
 2781 -2781
 238.6 -238.6
 2348 -2348
 -2445 2445
 -3772 3772
 -6073 6073
 -783.6 783.6
 -1020 1020
 2527 -2527
 7590 -7590
 3654 -3654
 -3465 3465
 8793 -8793
 -635.7 635.7
 4302 -4302
 -2325 2325
 -60.1 60.1
 1.201e+04 -1.201e+04
 -47.48 47.48
 -7247 7247
 -1.242e+04 1.242e+04
 -4557 4557
 -3010 3010
 5749 -5749
 624.7 -624.7
 -1704 1704
 -2002 2002
 4462 -4462
 -3973 3973
 -6704 6704
 -1711 1711
 4267 -4267
 -1.512e+04 1.512e+04
 7587 -7587
 -3071 3071
 -7784 7784
 -3679 3679
 -1800 1800
 -6328 6328
 -3412 3412
 -9035 9035
 6527 -6527
 -2512 2512
 -1022 1022
 2038 -2038
 -1.751e+04 1.751e+04
 -3397 3397
 7290 -7290
 -1.483e+04 1.483e+04
 -4531 4531
 3433 -3433
 -4132 4132
 -5366 5366
 -2585 2585
 9072 -9072
 -1.708e+04 1.708e+04
 2193 -2193
 -1832 1832
 -478.9 478.9
 -2343 2343
 -1.005e+04 1.005e+04
 112.4 -112.4
 -5412 5412
 -3563 3563
 -5775 5775
 -6144 6144
 -4882 4882
 -7094 7094
 -1.835e+04 1.835e+04
 1.039e+04 -1.039e+04
 3101 -3101
 2999 -2999
 -207.8 207.8
 -3915 3915
 -8259 8259
 -6930 6930
 1.096e+04 -1.096e+04
 1.103e+04 -1.103e+04
 -2575 2575
 4635 -4635
 -1.505e+04 1.505e+04
 -4373 4373
 3161 -3161
 7617 -7617
 -8630 8630
 2.024e+04 -2.024e+04
 2090 -2090
 1370 -1370
 204.9 -204.9
 1634 -1634
 -6928 6928
 1.232e+04 -1.232e+04
