# Created by Octave 5.2.0, Fri Sep 25 00:33:15 2020 CEST <jiwidi@land>
# name: w
# type: matrix
# rows: 2001
# columns: 2
 0 0
 1.177e+04 -1.177e+04
 -7800 7800
 1.495e+04 -1.495e+04
 -1295 1295
 4470 -4470
 1.463e+04 -1.463e+04
 -4178 4178
 3618 -3618
 -5175 5175
 3808 -3808
 1304 -1304
 708.9 -708.9
 3916 -3916
 -3829 3829
 -1.241e+04 1.241e+04
 7801 -7801
 -7032 7032
 1.304e+04 -1.304e+04
 57.24 -57.24
 -2404 2404
 -9108 9108
 2402 -2402
 -2399 2399
 4511 -4511
 -1.412e+04 1.412e+04
 338.4 -338.4
 4135 -4135
 -3839 3839
 410.2 -410.2
 -3554 3554
 5838 -5838
 2768 -2768
 1891 -1891
 5714 -5714
 -2.494e+04 2.494e+04
 -1.683e+04 1.683e+04
 -2934 2934
 -8044 8044
 -3665 3665
 -6969 6969
 1.144e+04 -1.144e+04
 -1661 1661
 -8866 8866
 2213 -2213
 7122 -7122
 -4802 4802
 1.964e+04 -1.964e+04
 -2754 2754
 8433 -8433
 6777 -6777
 1433 -1433
 1541 -1541
 -9299 9299
 2.261e+04 -2.261e+04
 1.537e+04 -1.537e+04
 1704 -1704
 2263 -2263
 -183.4 183.4
 -1.359e+04 1.359e+04
 4867 -4867
 -7119 7119
 -411.3 411.3
 5975 -5975
 -7383 7383
 907.3 -907.3
 1.157e+04 -1.157e+04
 711.5 -711.5
 1.009e+04 -1.009e+04
 5357 -5357
 -1.175e+04 1.175e+04
 -1.272e+04 1.272e+04
 -2240 2240
 1.271e+04 -1.271e+04
 1.857e+04 -1.857e+04
 -7035 7035
 -3.618e+04 3.618e+04
 -8384 8384
 7533 -7533
 -4590 4590
 1842 -1842
 2846 -2846
 -7185 7185
 3202 -3202
 7840 -7840
 1590 -1590
 -9254 9254
 -5269 5269
 -3240 3240
 -8594 8594
 1988 -1988
 9256 -9256
 4490 -4490
 -932.8 932.8
 1.031e+04 -1.031e+04
 -1177 1177
 -2390 2390
 1259 -1259
 -4612 4612
 -1292 1292
 6032 -6032
 9915 -9915
 -5213 5213
 -1.42e+04 1.42e+04
 6963 -6963
 5189 -5189
 968.1 -968.1
 3043 -3043
 7175 -7175
 2877 -2877
 1.813e+04 -1.813e+04
 -8851 8851
 3278 -3278
 385.8 -385.8
 -3556 3556
 -5715 5715
 1666 -1666
 -2758 2758
 -1.182e+04 1.182e+04
 -4816 4816
 3090 -3090
 1.971e+04 -1.971e+04
 -1.724e+04 1.724e+04
 3117 -3117
 6569 -6569
 -2.529e+04 2.529e+04
 -5417 5417
 357.4 -357.4
 2595 -2595
 -5320 5320
 2.15e+04 -2.15e+04
 1173 -1173
 4739 -4739
 -5419 5419
 9672 -9672
 -6314 6314
 3080 -3080
 -2.432e+04 2.432e+04
 -4596 4596
 -919 919
 -6980 6980
 -5855 5855
 2705 -2705
 2807 -2807
 5760 -5760
 -3555 3555
 1.224e+04 -1.224e+04
 -1507 1507
 -1.103e+04 1.103e+04
 1893 -1893
 3985 -3985
 -1.508e+04 1.508e+04
 1.048e+04 -1.048e+04
 1.596e+04 -1.596e+04
 1159 -1159
 -2218 2218
 -7076 7076
 4506 -4506
 -1.507e+04 1.507e+04
 1174 -1174
 769.2 -769.2
 1.17e+04 -1.17e+04
 -9099 9099
 -1.959e+04 1.959e+04
 1.153e+04 -1.153e+04
 2.316e+04 -2.316e+04
 1.289e+04 -1.289e+04
 1073 -1073
 1243 -1243
 -7987 7987
 560.6 -560.6
 1.148e+04 -1.148e+04
 -2183 2183
 3265 -3265
 8524 -8524
 1349 -1349
 -1.274e+04 1.274e+04
 1.289e+04 -1.289e+04
 -8924 8924
 -1188 1188
 2053 -2053
 -7279 7279
 -1.496e+04 1.496e+04
 9224 -9224
 3070 -3070
 -5085 5085
 1.52e+04 -1.52e+04
 -6857 6857
 -108.2 108.2
 -1.821e+04 1.821e+04
 5389 -5389
 2711 -2711
 -930 930
 1141 -1141
 -5823 5823
 -9774 9774
 3325 -3325
 -5861 5861
 -2334 2334
 2.277e+04 -2.277e+04
 3760 -3760
 -8982 8982
 -8540 8540
 6944 -6944
 -4315 4315
 -1393 1393
 -8680 8680
 -1.378e+04 1.378e+04
 -5031 5031
 1.756e+04 -1.756e+04
 -2.541e+04 2.541e+04
 3579 -3579
 -5993 5993
 3223 -3223
 -8228 8228
 1.727e+04 -1.727e+04
 -2454 2454
 -1.22e+04 1.22e+04
 9825 -9825
 2534 -2534
 -6515 6515
 256.9 -256.9
 9902 -9902
 9266 -9266
 4835 -4835
 9538 -9538
 -647.8 647.8
 -9961 9961
 1619 -1619
 -1.104e+04 1.104e+04
 1.001e+04 -1.001e+04
 9740 -9740
 1482 -1482
 -1.205e+04 1.205e+04
 2909 -2909
 -4888 4888
 -2734 2734
 -6820 6820
 1.178e+04 -1.178e+04
 7358 -7358
 -7241 7241
 1055 -1055
 -5634 5634
 384.4 -384.4
 -7922 7922
 -3455 3455
 6274 -6274
 671.5 -671.5
 -4449 4449
 -9593 9593
 9325 -9325
 4525 -4525
 5380 -5380
 6705 -6705
 -2282 2282
 8323 -8323
 4860 -4860
 1.619e+04 -1.619e+04
 9280 -9280
 -321.9 321.9
 2.044e+04 -2.044e+04
 -5135 5135
 2102 -2102
 -1.1e+04 1.1e+04
 5774 -5774
 3431 -3431
 4626 -4626
 -3312 3312
 4411 -4411
 1.402e+04 -1.402e+04
 -3910 3910
 2208 -2208
 -2233 2233
 1805 -1805
 1982 -1982
 4914 -4914
 5828 -5828
 5272 -5272
 -1.027e+04 1.027e+04
 -1.027e+04 1.027e+04
 -6335 6335
 5345 -5345
 4040 -4040
 945.5 -945.5
 1.338e+04 -1.338e+04
 1534 -1534
 -1960 1960
 97.75 -97.75
 3616 -3616
 -1.105e+04 1.105e+04
 -4081 4081
 -2.095e+04 2.095e+04
 2.097e+04 -2.097e+04
 3924 -3924
 -2364 2364
 5830 -5830
 -2.917e+04 2.917e+04
 -2259 2259
 1.017e+04 -1.017e+04
 1448 -1448
 -1.139e+04 1.139e+04
 -1186 1186
 1595 -1595
 -1.454e+04 1.454e+04
 3133 -3133
 3400 -3400
 6372 -6372
 -4645 4645
 -9365 9365
 2391 -2391
 3732 -3732
 1.772e+04 -1.772e+04
 -1.14e+04 1.14e+04
 -6184 6184
 1.167e+04 -1.167e+04
 -1.317e+04 1.317e+04
 1030 -1030
 1.338e+04 -1.338e+04
 -4685 4685
 -1079 1079
 5915 -5915
 3.629e+04 -3.629e+04
 6393 -6393
 2619 -2619
 -1627 1627
 2513 -2513
 1.514e+04 -1.514e+04
 -728 728
 492.6 -492.6
 3717 -3717
 -4530 4530
 2452 -2452
 -6753 6753
 -6873 6873
 -5305 5305
 6993 -6993
 -1795 1795
 1.055e+04 -1.055e+04
 3515 -3515
 1.81e+04 -1.81e+04
 596.6 -596.6
 -7448 7448
 -8972 8972
 7469 -7469
 -874.3 874.3
 -2316 2316
 1.21e+04 -1.21e+04
 7896 -7896
 1.565e+04 -1.565e+04
 1.328e+04 -1.328e+04
 -3817 3817
 -3512 3512
 -2.109e+04 2.109e+04
 -6813 6813
 2162 -2162
 7963 -7963
 -1.364e+04 1.364e+04
 931.2 -931.2
 -345.2 345.2
 1.653e+04 -1.653e+04
 -1.53e+04 1.53e+04
 -1.237e+04 1.237e+04
 -6974 6974
 1.015e+04 -1.015e+04
 3177 -3177
 1458 -1458
 1.092e+04 -1.092e+04
 -2.049e+04 2.049e+04
 5944 -5944
 -3.122e+04 3.122e+04
 7834 -7834
 7334 -7334
 -4682 4682
 -1.256e+04 1.256e+04
 -1.69e+04 1.69e+04
 649.1 -649.1
 5274 -5274
 1.663e+04 -1.663e+04
 -2291 2291
 -2.07e+04 2.07e+04
 -1596 1596
 -1.41e+04 1.41e+04
 -804.2 804.2
 -1.066e+04 1.066e+04
 5696 -5696
 1.383e+04 -1.383e+04
 -361.1 361.1
 1.246e+04 -1.246e+04
 4889 -4889
 -2991 2991
 -2835 2835
 -8250 8250
 3494 -3494
 -1.232e+04 1.232e+04
 2647 -2647
 -5938 5938
 -171.7 171.7
 3754 -3754
 -1821 1821
 1.943e+04 -1.943e+04
 -661.4 661.4
 -1.235e+04 1.235e+04
 -6926 6926
 -1706 1706
 -8955 8955
 -9379 9379
 1520 -1520
 1399 -1399
 -6809 6809
 1.841e+04 -1.841e+04
 -6145 6145
 806.2 -806.2
 -3707 3707
 1549 -1549
 -2.332e+04 2.332e+04
 1787 -1787
 1.245e+04 -1.245e+04
 -9137 9137
 1.11e+04 -1.11e+04
 4215 -4215
 1.798e+04 -1.798e+04
 -6532 6532
 2.67e+04 -2.67e+04
 4699 -4699
 -9818 9818
 -6942 6942
 -6281 6281
 -3313 3313
 -3186 3186
 -29.47 29.47
 1.761e+04 -1.761e+04
 -6526 6526
 1.402e+04 -1.402e+04
 -1475 1475
 -1.615e+04 1.615e+04
 -3574 3574
 -6330 6330
 4401 -4401
 -1.288e+04 1.288e+04
 -1223 1223
 -6581 6581
 -1481 1481
 -1.874e+04 1.874e+04
 1.542e+04 -1.542e+04
 1703 -1703
 -8288 8288
 -1889 1889
 -2777 2777
 4644 -4644
 1.79e+04 -1.79e+04
 -6564 6564
 -1509 1509
 1.668e+04 -1.668e+04
 3542 -3542
 6378 -6378
 1.509e+04 -1.509e+04
 -4489 4489
 1.796e+04 -1.796e+04
 96.32 -96.32
 7090 -7090
 -3647 3647
 5862 -5862
 1.008e+04 -1.008e+04
 -215.8 215.8
 1.601e+04 -1.601e+04
 2874 -2874
 5256 -5256
 -817.4 817.4
 1796 -1796
 709.2 -709.2
 -9137 9137
 36.52 -36.52
 1025 -1025
 -8830 8830
 3906 -3906
 1.727e+04 -1.727e+04
 1036 -1036
 -2602 2602
 -869.7 869.7
 2238 -2238
 -1867 1867
 -2399 2399
 2967 -2967
 -412 412
 -2814 2814
 -260.7 260.7
 -324.5 324.5
 -2.63e+04 2.63e+04
 -2474 2474
 -2125 2125
 -4762 4762
 2357 -2357
 -401.7 401.7
 -4783 4783
 -2519 2519
 -1.528e+04 1.528e+04
 -1.19e+04 1.19e+04
 -7161 7161
 8665 -8665
 -2.419e+04 2.419e+04
 2850 -2850
 1.334e+04 -1.334e+04
 -1.341e+04 1.341e+04
 -2801 2801
 -4312 4312
 -1.797e+04 1.797e+04
 -7217 7217
 7916 -7916
 1964 -1964
 1.757e+04 -1.757e+04
 -1956 1956
 -2803 2803
 -7210 7210
 544.6 -544.6
 -6226 6226
 -1.227e+04 1.227e+04
 -6471 6471
 -653.7 653.7
 -3638 3638
 -1.61e+04 1.61e+04
 -112.1 112.1
 1.394e+04 -1.394e+04
 -1.242e+04 1.242e+04
 3956 -3956
 -2.857e+04 2.857e+04
 6976 -6976
 -69.17 69.17
 1223 -1223
 861.9 -861.9
 -530.6 530.6
 1.791e+04 -1.791e+04
 -1924 1924
 -1.239e+04 1.239e+04
 8135 -8135
 4448 -4448
 -1.963e+04 1.963e+04
 1.86e+04 -1.86e+04
