# Created by Octave 5.2.0, Thu Sep 24 23:55:46 2020 CEST <jiwidi@land>
# name: w
# type: matrix
# rows: 2001
# columns: 2
 -0.2 0.2
 1.288 -1.288
 -2.061 2.061
 0.3979 -0.3979
 -0.6685 0.6685
 1.48 -1.48
 3.202 -3.202
 0.2842 -0.2842
 0.547 -0.547
 -1.044 1.044
 2.422 -2.422
 -0.8706 0.8706
 0.1269 -0.1269
 1.095 -1.095
 -0.5418 0.5418
 -3.79 3.79
 1.729 -1.729
 -1.271 1.271
 -0.4332 0.4332
 1.77 -1.77
 -2.165 2.165
 -3.594 3.594
 -0.8727 0.8727
 -2.787 2.787
 1.795 -1.795
 -2.683 2.683
 0.1958 -0.1958
 4.018 -4.018
 -0.8387 0.8387
 -0.1717 0.1717
 -0.212 0.212
 -0.1032 0.1032
 1.905 -1.905
 -0.5222 0.5222
 1.66 -1.66
 -2.731 2.731
 -3.321 3.321
 -0.8641 0.8641
 -1.937 1.937
 -1.002 1.002
 -2.176 2.176
 2.171 -2.171
 -1.157 1.157
 -1.633 1.633
 0.2489 -0.2489
 3.319 -3.319
 -0.7552 0.7552
 4.96 -4.96
 -2.804 2.804
 0.7556 -0.7556
 0.5032 -0.5032
 1.008 -1.008
 -0.02431 0.02431
 -2.648 2.648
 5.455 -5.455
 2.648 -2.648
 0.6047 -0.6047
 0.5744 -0.5744
 0.1804 -0.1804
 -0.2483 0.2483
 0.9502 -0.9502
 -1.369 1.369
 1.359 -1.359
 2 -2
 -1.38 1.38
 -0.5551 0.5551
 2.503 -2.503
 -1.35 1.35
 1.482 -1.482
 1.472 -1.472
 -3.825 3.825
 -3.152 3.152
 -1.287 1.287
 1.912 -1.912
 5.185 -5.185
 -2.088 2.088
 -7.241 7.241
 -2.261 2.261
 1.834 -1.834
 -0.5014 0.5014
 1.92 -1.92
 -0.4267 0.4267
 -1.09 1.09
 -0.8126 0.8126
 3.534 -3.534
 0.9399 -0.9399
 -2.795 2.795
 -0.8635 0.8635
 -0.02158 0.02158
 -1.064 1.064
 0.6522 -0.6522
 1.6 -1.6
 2.608 -2.608
 -1.373 1.373
 0.843 -0.843
 -1.739 1.739
 -0.3418 0.3418
 4.564 -4.564
 -2.217 2.217
 -0.5437 0.5437
 1.891 -1.891
 3.36 -3.36
 -1.322 1.322
 -5.294 5.294
 1.631 -1.631
 0.6476 -0.6476
 0.7885 -0.7885
 1.011 -1.011
 0.8032 -0.8032
 -0.07902 0.07902
 4.463 -4.463
 -0.5333 0.5333
 -1.844 1.844
 -0.1243 0.1243
 -3.679 3.679
 -1.469 1.469
 0.5943 -0.5943
 -0.2155 0.2155
 -2.011 2.011
 -3.467 3.467
 1.039 -1.039
 3.826 -3.826
 -3.449 3.449
 0.642 -0.642
 -0.4883 0.4883
 -4.569 4.569
 -1.256 1.256
 0.2222 -0.2222
 -0.473 0.473
 -1.968 1.968
 1.07 -1.07
 0.5492 -0.5492
 1.045 -1.045
 2.063 -2.063
 1.212 -1.212
 -2.893 2.893
 1.633 -1.633
 -5.332 5.332
 -1.56 1.56
 0.3382 -0.3382
 -2.525 2.525
 -2.266 2.266
 0.3919 -0.3919
 -0.9525 0.9525
 0.162 -0.162
 -1.535 1.535
 1.966 -1.966
 -1.221 1.221
 -1.981 1.981
 1.154 -1.154
 -0.3813 0.3813
 -4.591 4.591
 2.408 -2.408
 8.671 -8.671
 0.621 -0.621
 -1.54 1.54
 -3.496 3.496
 0.4674 -0.4674
 -2.612 2.612
 -2.062 2.062
 -0.6306 0.6306
 3.117 -3.117
 -0.712 0.712
 -5.638 5.638
 3.885 -3.885
 10.13 -10.13
 3.313 -3.313
 0.8253 -0.8253
 1.727 -1.727
 -0.5614 0.5614
 0.5011 -0.5011
 3.464 -3.464
 1.783 -1.783
 -1.046 1.046
 1.616 -1.616
 0.9082 -0.9082
 -2.787 2.787
 3.866 -3.866
 -1.344 1.344
 -0.1744 0.1744
 -0.7465 0.7465
 1.926 -1.926
 -6.125 6.125
 2.262 -2.262
 0.8886 -0.8886
 -0.8368 0.8368
 3.017 -3.017
 -0.7014 0.7014
 -0.5761 0.5761
 -3.439 3.439
 3.203 -3.203
 2.041 -2.041
 0.7675 -0.7675
 0.1897 -0.1897
 -1.632 1.632
 -4.236 4.236
 -0.6303 0.6303
 -0.9338 0.9338
 1.328 -1.328
 3.67 -3.67
 1.441 -1.441
 -3.259 3.259
 -1.089 1.089
 3.081 -3.081
 1.501 -1.501
 0.2138 -0.2138
 -4.452 4.452
 -3.438 3.438
 -0.8268 0.8268
 3.991 -3.991
 -9.989 9.989
 2.456 -2.456
 -3.441 3.441
 0.1677 -0.1677
 -2.613 2.613
 4.049 -4.049
 -2.024 2.024
 -3.162 3.162
 1.43 -1.43
 -0.2705 0.2705
 -2.721 2.721
 1.024 -1.024
 -1.224 1.224
 2.032 -2.032
 -0.9078 0.9078
 2.181 -2.181
 -0.7118 0.7118
 -3.259 3.259
 3.359 -3.359
 -2.13 2.13
 2.808 -2.808
 -0.2635 0.2635
 0.3854 -0.3854
 -4.869 4.869
 2.702 -2.702
 -2.374 2.374
 -3.159 3.159
 -2.323 2.323
 2.629 -2.629
 2.618 -2.618
 -2.839 2.839
 -0.6935 0.6935
 -2.4 2.4
 1.034 -1.034
 -1.265 1.265
 -0.5374 0.5374
 1.233 -1.233
 -2.669 2.669
 -2.417 2.417
 -2.561 2.561
 1.378 -1.378
 0.5325 -0.5325
 0.7512 -0.7512
 2.793 -2.793
 -0.5634 0.5634
 1.273 -1.273
 1.705 -1.705
 4.333 -4.333
 2.256 -2.256
 0.1542 -0.1542
 6.003 -6.003
 -2.674 2.674
 -0.4886 0.4886
 -1.739 1.739
 2.41 -2.41
 -0.4019 0.4019
 0.3642 -0.3642
 -1.991 1.991
 1.405 -1.405
 2.445 -2.445
 0.4376 -0.4376
 1.876 -1.876
 1.15 -1.15
 1.15 -1.15
 -0.5893 0.5893
 1.211 -1.211
 1.157 -1.157
 1.407 -1.407
 -1.926 1.926
 -5.639 5.639
 -1.187 1.187
 2.029 -2.029
 -0.8636 0.8636
 2.974 -2.974
 4.996 -4.996
 0.4283 -0.4283
 -1.604 1.604
 0.1023 -0.1023
 -0.2 0.2
 -2.477 2.477
 -0.1124 0.1124
 -5.799 5.799
 4.392 -4.392
 0.8309 -0.8309
 0.0795 -0.0795
 2.443 -2.443
 -6.928 6.928
 -0.7295 0.7295
 -0.5154 0.5154
 0.7697 -0.7697
 -1.541 1.541
 -0.6386 0.6386
 0.2752 -0.2752
 -3.54 3.54
 3.218 -3.218
 0.9479 -0.9479
 0.7284 -0.7284
 0.2216 -0.2216
 -1.268 1.268
 3.61 -3.61
 2.506 -2.506
 8.139 -8.139
 -3.11 3.11
 0.4432 -0.4432
 -0.9296 0.9296
 -2.436 2.436
 3.731 -3.731
 4.401 -4.401
 -2.391 2.391
 1.691 -1.691
 1.492 -1.492
 11.47 -11.47
 3.487 -3.487
 1.576 -1.576
 -0.06497 0.06497
 0.2679 -0.2679
 3.354 -3.354
 -0.5414 0.5414
 -2.578 2.578
 0.4212 -0.4212
 -2.167 2.167
 1.997 -1.997
 -2.303 2.303
 -2.62 2.62
 -1.083 1.083
 -0.8807 0.8807
 -0.384 0.384
 -0.4139 0.4139
 -0.1947 0.1947
 2.39 -2.39
 -0.6536 0.6536
 -5.897 5.897
 -2.156 2.156
 1.779 -1.779
 -1.497 1.497
 -0.4352 0.4352
 1.915 -1.915
 2.541 -2.541
 4.515 -4.515
 6.388 -6.388
 -1.281 1.281
 -2.901 2.901
 -3.502 3.502
 -1.982 1.982
 1.91 -1.91
 2.268 -2.268
 -6.505 6.505
 3.457 -3.457
 -0.0793 0.0793
 5.995 -5.995
 -2.658 2.658
 -2.693 2.693
 -2.986 2.986
 2.984 -2.984
 -1.09 1.09
 -0.7469 0.7469
 4.746 -4.746
 -2.328 2.328
 2.237 -2.237
 -7.897 7.897
 1.592 -1.592
 1.907 -1.907
 0.8209 -0.8209
 -4.254 4.254
 -2.603 2.603
 -0.138 0.138
 3.039 -3.039
 3.583 -3.583
 -2.03 2.03
 -2.825 2.825
 -0.1374 0.1374
 -4.041 4.041
 -0.566 0.566
 -3.191 3.191
 5.064 -5.064
 4.22 -4.22
 -0.2381 0.2381
 2.443 -2.443
 0.3167 -0.3167
 -1.019 1.019
 -0.4377 0.4377
 -1.162 1.162
 0.5925 -0.5925
 -4.484 4.484
 1.37 -1.37
 -1.474 1.474
 -0.2833 0.2833
 -1.23 1.23
 -0.7757 0.7757
 7.109 -7.109
 -2.094 2.094
 -2.602 2.602
 -1.335 1.335
 -0.7417 0.7417
 -0.6183 0.6183
 -2.832 2.832
 -1.431 1.431
 2.008 -2.008
 -2.796 2.796
 4.256 -4.256
 -1.248 1.248
 1.699 -1.699
 -0.8439 0.8439
 -0.7131 0.7131
 -5.617 5.617
 0.2826 -0.2826
 7.48 -7.48
 -1.934 1.934
 4.133 -4.133
 1.735 -1.735
 3.366 -3.366
 -2.64 2.64
 9.282 -9.282
 -1.645 1.645
 -2.385 2.385
 -1.128 1.128
 -1.111 1.111
 -0.9394 0.9394
 -2.29 2.29
 -1.452 1.452
 3.052 -3.052
 -1.904 1.904
 4.482 -4.482
 -0.9859 0.9859
 -3.604 3.604
 -0.4433 0.4433
 0.1188 -0.1188
 2.364 -2.364
 -2.678 2.678
 -0.7235 0.7235
 0.2508 -0.2508
 0.5758 -0.5758
 -4.113 4.113
 3.742 -3.742
 -0.0001529 0.0001529
 -0.03892 0.03892
 -0.9092 0.9092
 -2.311 2.311
 1.901 -1.901
 2.385 -2.385
 -2.492 2.492
 0.29 -0.29
 5.253 -5.253
 3.511 -3.511
 1.874 -1.874
 3.23 -3.23
 -1.917 1.917
 2.592 -2.592
 -1.042 1.042
 2.522 -2.522
 -2.329 2.329
 -0.02313 0.02313
 4.503 -4.503
 0.742 -0.742
 3.753 -3.753
 2.735 -2.735
 1.954 -1.954
 -0.3757 0.3757
 0.2477 -0.2477
 0.6749 -0.6749
 -1.611 1.611
 -0.2273 0.2273
 -0.7865 0.7865
 -1.129 1.129
 -0.05857 0.05857
 2.194 -2.194
 1.967 -1.967
 0.7008 -0.7008
 0.1603 -0.1603
 2.267 -2.267
 -0.2925 0.2925
 0.1666 -0.1666
 0.06176 -0.06176
 0.01419 -0.01419
 0.8685 -0.8685
 -0.03651 0.03651
 -1.572 1.572
 -9.029 9.029
 -1.237 1.237
 0.7067 -0.7067
 0.667 -0.667
 1.091 -1.091
 -1.628 1.628
 -0.5693 0.5693
 0.7131 -0.7131
 -2.333 2.333
 -1.746 1.746
 -2.13 2.13
 2.186 -2.186
 -5.873 5.873
 1.678 -1.678
 1.133 -1.133
 -3.307 3.307
 -0.9814 0.9814
 -1.192 1.192
 -3.667 3.667
 -1.338 1.338
 2.629 -2.629
 1.487 -1.487
 0.08394 -0.08394
 -0.2825 0.2825
 -0.4243 0.4243
 -3.457 3.457
 -1.853 1.853
 2.744 -2.744
 -4.111 4.111
 -1.963 1.963
 0.6651 -0.6651
 -0.6084 0.6084
 -2.605 2.605
 -0.3626 0.3626
 2.6 -2.6
 -4.745 4.745
 0.3662 -0.3662
 -5.598 5.598
 2.403 -2.403
 0.9346 -0.9346
 -2.011 2.011
 0.1023 -0.1023
 -0.9968 0.9968
 2.603 -2.603
 -0.6381 0.6381
 -3.168 3.168
 1.453 -1.453
 -1.626 1.626
 -6.186 6.186
 5.53 -5.53
 0.5398 -0.5398
 2.929 -2.929
 -0.03596 0.03596
 -0.9342 0.9342
 -3.285 3.285
 -0.6269 0.6269
