# Created by Octave 5.2.0, Thu Sep 24 23:57:08 2020 CEST <jiwidi@land>
# name: w
# type: matrix
# rows: 2001
# columns: 2
 -1.7 1.7
 2.118 -2.118
 -8.791 8.791
 -3.918 3.918
 -2.763 2.763
 -3.591 3.591
 8.366 -8.366
 5.171 -5.171
 1.315 -1.315
 -3.893 3.893
 11.56 -11.56
 -3.961 3.961
 2.382 -2.382
 2.123 -2.123
 -7.501 7.501
 -14.05 14.05
 -0.7472 0.7472
 5.099 -5.099
 -7.545 7.545
 4.155 -4.155
 -7.248 7.248
 -8.997 8.997
 -12.65 12.65
 -11.63 11.63
 13.43 -13.43
 -4.714 4.714
 -2.972 2.972
 -8.406 8.406
 -2.753 2.753
 -0.0183 0.0183
 1.21 -1.21
 -4.027 4.027
 11.72 -11.72
 -5.662 5.662
 8.562 -8.562
 10.08 -10.08
 -7.253 7.253
 -1.117 1.117
 -8.176 8.176
 -0.3678 0.3678
 -7.889 7.889
 4.192 -4.192
 -4.855 4.855
 -4.268 4.268
 1.354 -1.354
 11.98 -11.98
 -4.686 4.686
 10.72 -10.72
 -15.2 15.2
 -2.922 2.922
 1.239 -1.239
 2.547 -2.547
 -1.053 1.053
 -4.716 4.716
 35.19 -35.19
 6.187 -6.187
 1.853 -1.853
 3.534 -3.534
 0.1538 -0.1538
 2.407 -2.407
 0.4808 -0.4808
 -0.894 0.894
 -0.1634 0.1634
 3.226 -3.226
 -3.689 3.689
 -3.458 3.458
 5.178 -5.178
 -11.69 11.69
 2.587 -2.587
 2.867 -2.867
 -13.5 13.5
 -7.023 7.023
 -3.758 3.758
 4.534 -4.534
 11.34 -11.34
 -5.312 5.312
 -2.173 2.173
 -5.715 5.715
 0.6415 -0.6415
 2.071 -2.071
 7.839 -7.839
 -0.5924 0.5924
 5.035 -5.035
 -5.111 5.111
 7.846 -7.846
 1.008 -1.008
 -5.009 5.009
 -3.733 3.733
 2.513 -2.513
 -0.3644 0.3644
 1.244 -1.244
 4.944 -4.944
 7.058 -7.058
 -3.256 3.256
 -4.502 4.502
 -8.432 8.432
 2.98 -2.98
 24.37 -24.37
 -10.22 10.22
 -0.07058 0.07058
 6.686 -6.686
 8.278 -8.278
 4.02 -4.02
 -19.96 19.96
 9.98 -9.98
 -3.383 3.383
 7.526 -7.526
 1.515 -1.515
 -0.3172 0.3172
 -6.08 6.08
 6.367 -6.367
 2.798 -2.798
 -2.072 2.072
 -2.668 2.668
 -17.11 17.11
 -2.327 2.327
 4.012 -4.012
 1.4 -1.4
 -4.738 4.738
 -8.056 8.056
 3.651 -3.651
 3.203 -3.203
 -3.923 3.923
 -3.095 3.095
 -2.77 2.77
 -8.911 8.911
 2.429 -2.429
 5.151 -5.151
 -2.562 2.562
 -6.067 6.067
 -5.507 5.507
 -1.636 1.636
 1.388 -1.388
 3.115 -3.115
 4.927 -4.927
 -8.2 8.2
 3.635 -3.635
 -0.9284 0.9284
 -6.705 6.705
 0.2338 -0.2338
 -6.499 6.499
 -6.714 6.714
 0.461 -0.461
 -0.8264 0.8264
 -1.922 1.922
 -3.806 3.806
 6.823 -6.823
 -12.38 12.38
 -5.62 5.62
 1.981 -1.981
 -6.882 6.882
 -13.45 13.45
 2.688 -2.688
 53.65 -53.65
 1.727 -1.727
 -1.819 1.819
 -23.44 23.44
 -4.334 4.334
 0.9083 -0.9083
 -15.08 15.08
 -4.701 4.701
 5.8 -5.8
 -1.914 1.914
 -9.474 9.474
 12.5 -12.5
 41.23 -41.23
 6.922 -6.922
 9.279 -9.279
 4.079 -4.079
 -4.538 4.538
 -4.855 4.855
 4.962 -4.962
 5.463 -5.463
 -6.482 6.482
 4.898 -4.898
 2.685 -2.685
 -1.527 1.527
 18.2 -18.2
 -0.3462 0.3462
 -2.13 2.13
 -3.435 3.435
 31.18 -31.18
 -23.8 23.8
 3.78 -3.78
 -1.148 1.148
 -0.9654 0.9654
 7.389 -7.389
 -0.2106 0.2106
 -1.176 1.176
 -11.55 11.55
 13.03 -13.03
 7.14 -7.14
 2.841 -2.841
 -1.88 1.88
 -5.875 5.875
 -4.977 4.977
 -0.3852 0.3852
 -2.378 2.378
 8.496 -8.496
 3.486 -3.486
 9.05 -9.05
 -10.65 10.65
 -3.977 3.977
 14.51 -14.51
 13.52 -13.52
 -1.931 1.931
 -22.88 22.88
 -12 12
 -1.325 1.325
 4.778 -4.778
 -25.54 25.54
 9.064 -9.064
 -14.02 14.02
 -1.493 1.493
 -5.379 5.379
 0.4504 -0.4504
 -11.12 11.12
 -6.251 6.251
 -0.9676 0.9676
 -8.038 8.038
 -7.976 7.976
 3.93 -3.93
 -14.09 14.09
 2.662 -2.662
 -5.279 5.279
 8.307 -8.307
 1.58 -1.58
 -8.819 8.819
 14.13 -14.13
 -3.18 3.18
 4.666 -4.666
 5.716 -5.716
 8.317 -8.317
 -8.898 8.898
 7.012 -7.012
 -9.382 9.382
 -8.472 8.472
 -5.97 5.97
 5.086 -5.086
 9.627 -9.627
 -6.744 6.744
 -0.7074 0.7074
 -7.392 7.392
 5.896 -5.896
 -3.509 3.509
 -1.67 1.67
 1.616 -1.616
 -15.47 15.47
 -14.33 14.33
 -6.037 6.037
 3.216 -3.216
 -4.979 4.979
 0.3611 -0.3611
 8.996 -8.996
 -2.044 2.044
 -1.189 1.189
 0.485 -0.485
 16.19 -16.19
 16.53 -16.53
 -2.554 2.554
 16.99 -16.99
 -13.91 13.91
 -6.028 6.028
 -4.91 4.91
 7.85 -7.85
 -5.196 5.196
 -7.137 7.137
 -5.819 5.819
 -2.917 2.917
 3.227 -3.227
 6.318 -6.318
 9.061 -9.061
 3.221 -3.221
 -1.392 1.392
 1.279 -1.279
 -6.408 6.408
 2.521 -2.521
 2.811 -2.811
 -6.37 6.37
 -11.39 11.39
 -0.1076 0.1076
 12.6 -12.6
 -9.924 9.924
 16.12 -16.12
 24.54 -24.54
 1.202 -1.202
 -8.913 8.913
 -1.049 1.049
 -6.008 6.008
 -8.689 8.689
 -1.939 1.939
 -19.24 19.24
 4.734 -4.734
 -0.02461 0.02461
 -0.3661 0.3661
 6.459 -6.459
 -17.51 17.51
 -3.335 3.335
 -6.548 6.548
 3.276 -3.276
 0.4465 -0.4465
 -2.553 2.553
 -7.304 7.304
 -9.611 9.611
 21.95 -21.95
 3.356 -3.356
 -2.477 2.477
 1.993 -1.993
 -0.2046 0.2046
 20.16 -20.16
 4.457 -4.457
 20.07 -20.07
 -11.04 11.04
 4.157 -4.157
 -12.56 12.56
 -5.766 5.766
 33.68 -33.68
 12.3 -12.3
 -5.676 5.676
 11.09 -11.09
 3.916 -3.916
 27.67 -27.67
 9.534 -9.534
 6.956 -6.956
 1.338 -1.338
 0.7269 -0.7269
 6.62 -6.62
 -0.996 0.996
 5.978 -5.978
 -2.436 2.436
 -6.639 6.639
 7.034 -7.034
 -6.634 6.634
 -10.73 10.73
 6.442 -6.442
 -7.663 7.663
 -0.5988 0.5988
 -3.049 3.049
 -1.409 1.409
 3.998 -3.998
 -0.9715 0.9715
 -17.68 17.68
 -7.077 7.077
 4.77 -4.77
 -5.092 5.092
 1.189 -1.189
 -1.829 1.829
 8.065 -8.065
 17.43 -17.43
 10.79 -10.79
 -2.426 2.426
 -8.398 8.398
 -4.39 4.39
 -3.584 3.584
 3.734 -3.734
 1.979 -1.979
 -20.4 20.4
 13.24 -13.24
 -0.1742 0.1742
 19.85 -19.85
 -3.5 3.5
 -8.965 8.965
 -9.964 9.964
 7.154 -7.154
 -5.425 5.425
 -1.771 1.771
 18.53 -18.53
 -6.028 6.028
 5.071 -5.071
 -12.8 12.8
 -2.273 2.273
 6.703 -6.703
 7.186 -7.186
 2.054 -2.054
 -2.54 2.54
 -0.6383 0.6383
 8.406 -8.406
 14.44 -14.44
 -7.243 7.243
 -9.901 9.901
 -0.09417 0.09417
 -12.82 12.82
 -5.568 5.568
 -5.76 5.76
 31.79 -31.79
 10.15 -10.15
 0.7721 -0.7721
 4.994 -4.994
 -1.969 1.969
 -4.065 4.065
 -4.265 4.265
 -2.496 2.496
 -3.938 3.938
 -15.4 15.4
 3.584 -3.584
 -8.316 8.316
 -0.6874 0.6874
 -6.935 6.935
 -6.129 6.129
 24.15 -24.15
 -11.11 11.11
 -5.821 5.821
 -3.96 3.96
 -5.888 5.888
 6.316 -6.316
 -7.398 7.398
 -8.112 8.112
 9.759 -9.759
 -10 10
 12.08 -12.08
 -4.2 4.2
 6.124 -6.124
 -3.438 3.438
 -12.32 12.32
 -12.08 12.08
 -0.0279 0.0279
 23.26 -23.26
 -6.779 6.779
 21.62 -21.62
 12.84 -12.84
 7.057 -7.057
 0.4259 -0.4259
 15.04 -15.04
 -13.27 13.27
 -5.32 5.32
 -4.725 4.725
 -1.19 1.19
 -3.686 3.686
 -7.36 7.36
 -10.91 10.91
 12.02 -12.02
 -5.582 5.582
 18.55 -18.55
 -0.06344 0.06344
 -1.26 1.26
 -2.477 2.477
 4.546 -4.546
 4.815 -4.815
 -10.25 10.25
 -1.295 1.295
 -2.963 2.963
 4.354 -4.354
 -14.47 14.47
 11.89 -11.89
 -3.304 3.304
 6.505 -6.505
 -4.461 4.461
 -14.13 14.13
 14.27 -14.27
 -0.1451 0.1451
 -8.621 8.621
 -2.865 2.865
 13.98 -13.98
 27.2 -27.2
 3.311 -3.311
 6.67 -6.67
 -7.293 7.293
 3.059 -3.059
 -9.492 9.492
 1.7 -1.7
 -8.853 8.853
 -8.833 8.833
 24.38 -24.38
 1.855 -1.855
 7.817 -7.817
 8.382 -8.382
 9.198 -9.198
 2.781 -2.781
 0.2386 -0.2386
 2.348 -2.348
 -2.445 2.445
 -3.772 3.772
 -6.073 6.073
 -0.7836 0.7836
 -1.02 1.02
 2.527 -2.527
 7.59 -7.59
 3.654 -3.654
 -3.465 3.465
 8.793 -8.793
 -0.6357 0.6357
 4.302 -4.302
 -2.325 2.325
 -0.0601 0.0601
 12.01 -12.01
 -0.04748 0.04748
 -7.247 7.247
 -12.42 12.42
 -4.557 4.557
 -3.01 3.01
 5.749 -5.749
 0.6247 -0.6247
 -1.704 1.704
 -2.002 2.002
 4.462 -4.462
 -3.973 3.973
 -6.704 6.704
 -1.711 1.711
 4.267 -4.267
 -15.12 15.12
 7.587 -7.587
 -3.071 3.071
 -7.784 7.784
 -3.679 3.679
 -1.8 1.8
 -6.328 6.328
 -3.412 3.412
 -9.035 9.035
 6.527 -6.527
 -2.512 2.512
 -1.022 1.022
 2.038 -2.038
 -17.51 17.51
 -3.397 3.397
 7.29 -7.29
 -14.83 14.83
 -4.531 4.531
 3.433 -3.433
 -4.132 4.132
 -5.366 5.366
 -2.585 2.585
 9.072 -9.072
 -17.08 17.08
 2.193 -2.193
 -1.832 1.832
 -0.4789 0.4789
 -2.343 2.343
 -10.05 10.05
 0.1124 -0.1124
 -5.412 5.412
 -3.563 3.563
 -5.775 5.775
 -6.144 6.144
 -4.882 4.882
 -7.094 7.094
 -18.35 18.35
 10.39 -10.39
 3.101 -3.101
 2.999 -2.999
 -0.2078 0.2078
 -3.915 3.915
 -8.259 8.259
 -6.93 6.93
 10.96 -10.96
 11.03 -11.03
 -2.575 2.575
 4.635 -4.635
 -15.05 15.05
 -4.373 4.373
 3.161 -3.161
 7.617 -7.617
 -8.63 8.63
 20.24 -20.24
 2.09 -2.09
 1.37 -1.37
 0.2049 -0.2049
 1.634 -1.634
 -6.928 6.928
 12.32 -12.32
 -0.6844 0.6844
 14.05 -14.05
 -0.6373 0.6373
 4.062 -4.062
 -0.3803 0.3803
