# Created by Octave 5.2.0, Fri Sep 25 00:08:54 2020 CEST <jiwidi@land>
# name: w
# type: matrix
# rows: 2001
# columns: 2
 -355 355
 30.01 -30.01
 -116.6 116.6
 -57.19 57.19
 -36.64 36.64
 -46.68 46.68
 93.51 -93.51
 75.64 -75.64
 15.2 -15.2
 -47.58 47.58
 148.3 -148.3
 -48.06 48.06
 29.49 -29.49
 42.88 -42.88
 -128 128
 -202.9 202.9
 -22.81 22.81
 85.58 -85.58
 -95.14 95.14
 108.4 -108.4
 -93.1 93.1
 -97.95 97.95
 -174.5 174.5
 -150.5 150.5
 192.5 -192.5
 -54.65 54.65
 -38.75 38.75
 -358.5 358.5
 -32.16 32.16
 -0.3398 0.3398
 19 -19
 -39.16 39.16
 156.1 -156.1
 -73 73
 115.3 -115.3
 167.7 -167.7
 -90.93 90.93
 -12.72 12.72
 -102.5 102.5
 -0.6042 0.6042
 -108.6 108.6
 51.58 -51.58
 -58.25 58.25
 -47.31 47.31
 27.93 -27.93
 145.4 -145.4
 -89.24 89.24
 116.3 -116.3
 -201.1 201.1
 -64.5 64.5
 17.61 -17.61
 35.72 -35.72
 -12.01 12.01
 -49.04 49.04
 501.2 -501.2
 82.75 -82.75
 28.45 -28.45
 53.61 -53.61
 -15.17 15.17
 19.23 -19.23
 19.85 -19.85
 -22.5 22.5
 -29.69 29.69
 15.37 -15.37
 -43.48 43.48
 -47.73 47.73
 57.81 -57.81
 -188 188
 33.71 -33.71
 25.59 -25.59
 -185 185
 -79.99 79.99
 -44.81 44.81
 61.42 -61.42
 143.5 -143.5
 -61.37 61.37
 -1.667 1.667
 -58.14 58.14
 -0.8761 0.8761
 37.46 -37.46
 107.7 -107.7
 -1.989 1.989
 72.09 -72.09
 -65.66 65.66
 83.09 -83.09
 9.481 -9.481
 -55.18 55.18
 -49.32 49.32
 37.78 -37.78
 0.7068 -0.7068
 6.684 -6.684
 42.37 -42.37
 81.81 -81.81
 -46.02 46.02
 -57.68 57.68
 -108.4 108.4
 41.91 -41.91
 340.4 -340.4
 -143.1 143.1
 5.568 -5.568
 67.31 -67.31
 103.2 -103.2
 69.28 -69.28
 -248.5 248.5
 139.8 -139.8
 -50.89 50.89
 105.3 -105.3
 14.05 -14.05
 -11.65 11.65
 -84.68 84.68
 59.67 -59.67
 34.46 -34.46
 -34.27 34.27
 -34.08 34.08
 -216.6 216.6
 -22.76 22.76
 55.98 -55.98
 19.21 -19.21
 -60.66 60.66
 -100.4 100.4
 59.05 -59.05
 39.68 -39.68
 -34.17 34.17
 -55.01 55.01
 -27.91 27.91
 -115.6 115.6
 56.72 -56.72
 80.53 -80.53
 -31.25 31.25
 -73.33 73.33
 -80.99 80.99
 -31.95 31.95
 11.1 -11.1
 -39.15 39.15
 64.7 -64.7
 -97.61 97.61
 43.67 -43.67
 7.6 -7.6
 -80.92 80.92
 5.398 -5.398
 -86.38 86.38
 -83.92 83.92
 11.23 -11.23
 -14.95 14.95
 -23 23
 -40.76 40.76
 78.28 -78.28
 -313.7 313.7
 -66.73 66.73
 16.64 -16.64
 -94.71 94.71
 -158.3 158.3
 21.33 -21.33
 777.7 -777.7
 27.02 -27.02
 -8.925 8.925
 -391.2 391.2
 -74.18 74.18
 22.33 -22.33
 -216.4 216.4
 -61.4 61.4
 50.84 -50.84
 -27.29 27.29
 -102.6 102.6
 141.3 -141.3
 543.8 -543.8
 77.15 -77.15
 130.8 -130.8
 50.47 -50.47
 -52.08 52.08
 -89.18 89.18
 56.29 -56.29
 56.26 -56.26
 -86.81 86.81
 62.38 -62.38
 34.98 -34.98
 -2.091 2.091
 257.6 -257.6
 2.337 -2.337
 -30.32 30.32
 -39.77 39.77
 452.5 -452.5
 -320 320
 37.35 -37.35
 -35.37 35.37
 -5.886 5.886
 94.42 -94.42
 2.723 -2.723
 -13.24 13.24
 -145.6 145.6
 162.9 -162.9
 89.19 -89.19
 30.85 -30.85
 -20.57 20.57
 -64.48 64.48
 -25.66 25.66
 6.342 -6.342
 -25.88 25.88
 108.6 -108.6
 30.67 -30.67
 124.1 -124.1
 -129.2 129.2
 -47.98 47.98
 195.1 -195.1
 192.3 -192.3
 2.71 -2.71
 -307.2 307.2
 -164.3 164.3
 -10.79 10.79
 32.84 -32.84
 -376.5 376.5
 116.1 -116.1
 -177.6 177.6
 -12.62 12.62
 -56.76 56.76
 -31.18 31.18
 -158.2 158.2
 -65.57 65.57
 -15.69 15.69
 -125.3 125.3
 -98.54 98.54
 46.97 -46.97
 -181.6 181.6
 36.2 -36.2
 -93.72 93.72
 109.5 -109.5
 27.54 -27.54
 -107.8 107.8
 160.4 -160.4
 -30.97 30.97
 50.32 -50.32
 103 -103
 121.6 -121.6
 -105.7 105.7
 103.4 -103.4
 -125 125
 -96.1 96.1
 -72.79 72.79
 45.25 -45.25
 131.5 -131.5
 -77.77 77.77
 -1.177 1.177
 -91.63 91.63
 72.08 -72.08
 -38.01 38.01
 -18.96 18.96
 15.42 -15.42
 -210.1 210.1
 -223.3 223.3
 -70.65 70.65
 44.91 -44.91
 -85.13 85.13
 -6.69 6.69
 114.7 -114.7
 -21.79 21.79
 -25.87 25.87
 -7.755 7.755
 208.1 -208.1
 228.5 -228.5
 -44.93 44.93
 204.3 -204.3
 -185 185
 -77.26 77.26
 -56.3 56.3
 108.7 -108.7
 -69.17 69.17
 -110 110
 -69.96 69.96
 -63.04 63.04
 36.34 -36.34
 89.72 -89.72
 123.5 -123.5
 34.94 -34.94
 -21.29 21.29
 19.84 -19.84
 -103.4 103.4
 30.53 -30.53
 25.66 -25.66
 -76.65 76.65
 -141.9 141.9
 4.7 -4.7
 170.1 -170.1
 -154.7 154.7
 209.1 -209.1
 337.8 -337.8
 17.98 -17.98
 -119.1 119.1
 -13.56 13.56
 -87.15 87.15
 -105.8 105.8
 -35.54 35.54
 -271.7 271.7
 45.51 -45.51
 -4.579 4.579
 -0.891 0.891
 68.28 -68.28
 -222.8 222.8
 -39.35 39.35
 -80.22 80.22
 47.17 -47.17
 15.91 -15.91
 -31.03 31.03
 -91.81 91.81
 -118.2 118.2
 292.3 -292.3
 43.7 -43.7
 -42.6 42.6
 14.54 -14.54
 6.192 -6.192
 253.4 -253.4
 39.3 -39.3
 231.1 -231.1
 -131.1 131.1
 63.55 -63.55
 -184.3 184.3
 -49.94 49.94
 467.8 -467.8
 241.1 -241.1
 -75.31 75.31
 145.9 -145.9
 53.67 -53.67
 329.9 -329.9
 129.5 -129.5
 86.01 -86.01
 16.67 -16.67
 9.377 -9.377
 66.47 -66.47
 -9.521 9.521
 51.84 -51.84
 -26.83 26.83
 -85.21 85.21
 98.82 -98.82
 -89.1 89.1
 -139.4 139.4
 103.6 -103.6
 -110.3 110.3
 -6.444 6.444
 -28.36 28.36
 -14.23 14.23
 58.01 -58.01
 2.267 -2.267
 -224.8 224.8
 -81.14 81.14
 61.69 -61.69
 -50.52 50.52
 9.774 -9.774
 -44.15 44.15
 96.31 -96.31
 234.3 -234.3
 102.1 -102.1
 -28.11 28.11
 -121.1 121.1
 -48.87 48.87
 -40.18 40.18
 56.34 -56.34
 28.14 -28.14
 -326.4 326.4
 174.3 -174.3
 -0.5196 0.5196
 241.3 -241.3
 -31.7 31.7
 -127.5 127.5
 -114.2 114.2
 100.2 -100.2
 -63.9 63.9
 -21.13 21.13
 256.5 -256.5
 -109.9 109.9
 72.72 -72.72
 -128.9 128.9
 -48.78 48.78
 79.15 -79.15
 102.5 -102.5
 11.14 -11.14
 -17.79 17.79
 -8.184 8.184
 85.34 -85.34
 190.9 -190.9
 -89.98 89.98
 -110.4 110.4
 -13.45 13.45
 -174.4 174.4
 -67.68 67.68
 -88.42 88.42
 417.7 -417.7
 110.8 -110.8
 16.16 -16.16
 55.12 -55.12
 -21.17 21.17
 -42.47 42.47
 -54.14 54.14
 -32.13 32.13
 -89.38 89.38
 -200.1 200.1
 44.26 -44.26
 -116.4 116.4
 -4.209 4.209
 -76.32 76.32
 -76.78 76.78
 293.3 -293.3
 -150.2 150.2
 -59.54 59.54
 -49.03 49.03
 -85.11 85.11
 87.73 -87.73
 -87.55 87.55
 -100.1 100.1
 104.9 -104.9
 -119.5 119.5
 151.7 -151.7
 -47.93 47.93
 71.21 -71.21
 -43.27 43.27
 -219.7 219.7
 -126.8 126.8
 4.571 -4.571
 349 -349
 -87.37 87.37
 308.6 -308.6
 185.1 -185.1
 69.34 -69.34
 34.88 -34.88
 137.8 -137.8
 -229.8 229.8
 -53.24 53.24
 -62.85 62.85
 -7.185 7.185
 -44.56 44.56
 -90.02 90.02
 -143.5 143.5
 182.5 -182.5
 -69.17 69.17
 253.9 -253.9
 12.68 -12.68
 4.744 -4.744
 -28.24 28.24
 69.96 -69.96
 51.87 -51.87
 -122.6 122.6
 -13.42 13.42
 -78.43 78.43
 50.35 -50.35
 -196.2 196.2
 164.3 -164.3
 -67.65 67.65
 86.01 -86.01
 -44.41 44.41
 -189 189
 208.4 -208.4
 -11.08 11.08
 -106.8 106.8
 -47.51 47.51
 167.3 -167.3
 383.6 -383.6
 37.79 -37.79
 77.86 -77.86
 -94.53 94.53
 25.97 -25.97
 -119.5 119.5
 5.035 -5.035
 -117.2 117.2
 -127.9 127.9
 335.3 -335.3
 10.63 -10.63
 94.56 -94.56
 106.8 -106.8
 96.15 -96.15
 49.48 -49.48
 3.691 -3.691
 33.83 -33.83
 -20.35 20.35
 -37.71 37.71
 -80.58 80.58
 0.4354 -0.4354
 -6.502 6.502
 31.22 -31.22
 94.98 -94.98
 42.56 -42.56
 -67.62 67.62
 118.4 -118.4
 -6.941 6.941
 62.13 -62.13
 -30.98 30.98
 0.1629 -0.1629
 182.3 -182.3
 -0.554 0.554
 -89.31 89.31
 -173.7 173.7
 -54.98 54.98
 -58.7 58.7
 68.56 -68.56
 -8.011 8.011
 -6.723 6.723
 -32.94 32.94
 53.8 -53.8
 -39.18 39.18
 -95.9 95.9
 -10.92 10.92
 27.14 -27.14
 -215.8 215.8
 100.9 -100.9
 -60.19 60.19
 -84.97 84.97
 -41.95 41.95
 -14.59 14.59
 -73.34 73.34
 -33.45 33.45
 -218 218
 85.91 -85.91
 -27.53 27.53
 -13.46 13.46
 26.68 -26.68
 -244.1 244.1
 -16.98 16.98
 79.22 -79.22
 -190.6 190.6
 -49.09 49.09
 53.75 -53.75
 -48.43 48.43
 -56.64 56.64
 -31.26 31.26
 122 -122
 -213.9 213.9
 31.83 -31.83
 -2.341 2.341
 -8.056 8.056
 -41.9 41.9
 -133.1 133.1
 0.688 -0.688
 -67.45 67.45
 -78.53 78.53
 -79.94 79.94
 -67.92 67.92
 -72.7 72.7
 -87.94 87.94
 -243.1 243.1
 97.88 -97.88
 50.93 -50.93
 -14.38 14.38
 -3.646 3.646
 -86.08 86.08
 -97.76 97.76
 -99.98 99.98
 143.3 -143.3
 126 -126
 -18.42 18.42
 50.36 -50.36
 -226.3 226.3
 -42.27 42.27
 2.512 -2.512
 79.56 -79.56
 -164.3 164.3
 219.3 -219.3
 37.31 -37.31
 2.921 -2.921
 -14.71 14.71
 18.8 -18.8
 -82.38 82.38
 154.5 -154.5
 -10.4 10.4
 200.2 -200.2
 10.68 -10.68
 65.86 -65.86
 -4.977 4.977
 -49.04 49.04
 -268 268
 -40.85 40.85
 89.96 -89.96
 98.16 -98.16
 -1.873 1.873
 -159.8 159.8
