# Created by Octave 5.2.0, Fri Sep 25 00:12:45 2020 CEST <jiwidi@land>
# name: w
# type: matrix
# rows: 2001
# columns: 2
 0 0
 82.35 -82.35
 10.69 -10.69
 131.2 -131.2
 4.708 -4.708
 21.99 -21.99
 89.39 -89.39
 -20.13 20.13
 35.99 -35.99
 -9.776 9.776
 -29.46 29.46
 11.05 -11.05
 1.933 -1.933
 20.84 -20.84
 -28.39 28.39
 -66.62 66.62
 33.75 -33.75
 -64.15 64.15
 69.9 -69.9
 -4.075 4.075
 -13.83 13.83
 -71.5 71.5
 48.52 -48.52
 -1.965 1.965
 1.05 -1.05
 -56.86 56.86
 -0.8189 0.8189
 -14.08 14.08
 -27.69 27.69
 35.17 -35.17
 -61.99 61.99
 4.448 -4.448
 23.82 -23.82
 -2.447 2.447
 43.7 -43.7
 -131.7 131.7
 -122.2 122.2
 -40.71 40.71
 -61.76 61.76
 -22.76 22.76
 -2.143 2.143
 36.78 -36.78
 -26.18 26.18
 -66.12 66.12
 -36.86 36.86
 29.72 -29.72
 -56.43 56.43
 104.6 -104.6
 -3.736 3.736
 43.19 -43.19
 19.47 -19.47
 -23.83 23.83
 2.036 -2.036
 -79.98 79.98
 69.18 -69.18
 70.03 -70.03
 -15.88 15.88
 26.03 -26.03
 -7.175 7.175
 -92.12 92.12
 9.877 -9.877
 -20.12 20.12
 -5.57 5.57
 53.49 -53.49
 -41.8 41.8
 -16.92 16.92
 73.54 -73.54
 3.673 -3.673
 44.45 -44.45
 6.186 -6.186
 25.4 -25.4
 -112.1 112.1
 -12.02 12.02
 28.64 -28.64
 104.2 -104.2
 -50.5 50.5
 -225.1 225.1
 -62.38 62.38
 48.87 -48.87
 -87.03 87.03
 15.43 -15.43
 6.431 -6.431
 -66.45 66.45
 -26.69 26.69
 -0.9061 0.9061
 9.847 -9.847
 -104.9 104.9
 -13.33 13.33
 -38.39 38.39
 -43.18 43.18
 13.22 -13.22
 81.26 -81.26
 1.531 -1.531
 -5.104 5.104
 128.3 -128.3
 -8.183 8.183
 -16.08 16.08
 50.51 -50.51
 2.389 -2.389
 -8.874 8.874
 -0.5858 0.5858
 11.91 -11.91
 -45.23 45.23
 -27.62 27.62
 11.18 -11.18
 48.79 -48.79
 -37.97 37.97
 9.991 -9.991
 11.82 -11.82
 34.46 -34.46
 47.43 -47.43
 -7.848 7.848
 3.332 -3.332
 13.41 -13.41
 23 -23
 -37.99 37.99
 35.09 -35.09
 -21.15 21.15
 -59.01 59.01
 -32.17 32.17
 13.46 -13.46
 77.67 -77.67
 -170.4 170.4
 10.1 -10.1
 61.63 -61.63
 -135.3 135.3
 -29.31 29.31
 -20.71 20.71
 28.99 -28.99
 -6.331 6.331
 68.37 -68.37
 -41.34 41.34
 -6.182 6.182
 -36.09 36.09
 28.16 -28.16
 3.851 -3.851
 39.81 -39.81
 -155 155
 -15.19 15.19
 -15.5 15.5
 -2.51 2.51
 -12.72 12.72
 35.74 -35.74
 -11.74 11.74
 46.22 -46.22
 -18.27 18.27
 75.85 -75.85
 -10.29 10.29
 -56.12 56.12
 34.84 -34.84
 17.73 -17.73
 -82.47 82.47
 55.69 -55.69
 118 -118
 -4.577 4.577
 -29.79 29.79
 -21.57 21.57
 25.89 -25.89
 -66.16 66.16
 10.1 -10.1
 6.788 -6.788
 42.39 -42.39
 -55.94 55.94
 -75.3 75.3
 26.48 -26.48
 98.34 -98.34
 20.27 -20.27
 -14.81 14.81
 9.935 -9.935
 -34.71 34.71
 -17.04 17.04
 22.53 -22.53
 -43.2 43.2
 35.89 -35.89
 28.4 -28.4
 -5.515 5.515
 -41.36 41.36
 77.28 -77.28
 -12.03 12.03
 8.434 -8.434
 -6.601 6.601
 -62.54 62.54
 -99.58 99.58
 84.17 -84.17
 -6.621 6.621
 -26.31 26.31
 66.44 -66.44
 -36.25 36.25
 15.74 -15.74
 -73.12 73.12
 34.33 -34.33
 13.59 -13.59
 -13.32 13.32
 -12.53 12.53
 -40.85 40.85
 -49.6 49.6
 -18.58 18.58
 -57.7 57.7
 3.238 -3.238
 137.4 -137.4
 36.25 -36.25
 -40.14 40.14
 -85.39 85.39
 91.77 -91.77
 -34.06 34.06
 30.92 -30.92
 -28.21 28.21
 -28.15 28.15
 -17.98 17.98
 58.32 -58.32
 -193 193
 12.07 -12.07
 -55.23 55.23
 45.93 -45.93
 -43.14 43.14
 97.64 -97.64
 -18.93 18.93
 -39.04 39.04
 1.164 -1.164
 60.57 -60.57
 -27.18 27.18
 -13.13 13.13
 73.87 -73.87
 50.2 -50.2
 64.77 -64.77
 37.9 -37.9
 28.7 -28.7
 -3.723 3.723
 31.87 -31.87
 -75 75
 24.26 -24.26
 105.2 -105.2
 11.01 -11.01
 -79.69 79.69
 28.03 -28.03
 -19.98 19.98
 -29.99 29.99
 -65.27 65.27
 73.14 -73.14
 35.35 -35.35
 -87.05 87.05
 -26.14 26.14
 -36.34 36.34
 5.576 -5.576
 -46.28 46.28
 -60.2 60.2
 33.72 -33.72
 35.06 -35.06
 -18.63 18.63
 -72.31 72.31
 85.57 -85.57
 22.52 -22.52
 23.53 -23.53
 26.43 -26.43
 -19.13 19.13
 27.25 -27.25
 14.81 -14.81
 122.1 -122.1
 85.01 -85.01
 -7.51 7.51
 105.3 -105.3
 -21.52 21.52
 1.019 -1.019
 -36.83 36.83
 25.9 -25.9
 22.2 -22.2
 11.24 -11.24
 6.533 -6.533
 4.128 -4.128
 85.48 -85.48
 6.564 -6.564
 -58.09 58.09
 -57.1 57.1
 0.6991 -0.6991
 -8.107 8.107
 32.94 -32.94
 19.25 -19.25
 -0.8355 0.8355
 -61.48 61.48
 -2.768 2.768
 -59.81 59.81
 14.4 -14.4
 26.91 -26.91
 4.486 -4.486
 83.1 -83.1
 25.77 -25.77
 22.39 -22.39
 -24.62 24.62
 32.38 -32.38
 -91.89 91.89
 4.393 -4.393
 -142.6 142.6
 97.95 -97.95
 16.17 -16.17
 8.99 -8.99
 7.785 -7.785
 -128.6 128.6
 -16.47 16.47
 45.55 -45.55
 16.45 -16.45
 -42.74 42.74
 0.7417 -0.7417
 46.49 -46.49
 -80.46 80.46
 45.75 -45.75
 7.128 -7.128
 54.11 -54.11
 -8.332 8.332
 5.786 -5.786
 19.51 -19.51
 0.366 -0.366
 125.7 -125.7
 -72.53 72.53
 -92.91 92.91
 45.4 -45.4
 -58.54 58.54
 1.331 -1.331
 48.76 -48.76
 -9.768 9.768
 -9.353 9.353
 51.05 -51.05
 220.6 -220.6
 36.61 -36.61
 -4.415 4.415
 -43.77 43.77
 32.51 -32.51
 81.61 -81.61
 44.51 -44.51
 29.18 -29.18
 30.12 -30.12
 -72.55 72.55
 12.84 -12.84
 23.11 -23.11
 -59.27 59.27
 -33.25 33.25
 10.27 -10.27
 -3.388 3.388
 101.2 -101.2
 64.04 -64.04
 91.84 -91.84
 6.39 -6.39
 -37.47 37.47
 -17.13 17.13
 59.02 -59.02
 -21.36 21.36
 -31.38 31.38
 87.4 -87.4
 15.74 -15.74
 76.02 -76.02
 30.82 -30.82
 -23.97 23.97
 -2.048 2.048
 -109.1 109.1
 -27.64 27.64
 -29.11 29.11
 38.67 -38.67
 -39.7 39.7
 -20.55 20.55
 -4.42 4.42
 104.4 -104.4
 -79.08 79.08
 -34.57 34.57
 -50.51 50.51
 45.83 -45.83
 -19.88 19.88
 16.99 -16.99
 34.3 -34.3
 -94.11 94.11
 12.82 -12.82
 -116.2 116.2
 37.83 -37.83
 34.67 -34.67
 -26.23 26.23
 -118 118
 -105.5 105.5
 8.776 -8.776
 -10.59 10.59
 92.69 -92.69
 14.38 -14.38
 -135.7 135.7
 -40.41 40.41
 -44.32 44.32
 -7.7 7.7
 -36.03 36.03
 3.895 -3.895
 61.43 -61.43
 27.21 -27.21
 88.53 -88.53
 58.64 -58.64
 -44.86 44.86
 -6.059 6.059
 -5.385 5.385
 11.21 -11.21
 -111.4 111.4
 0.4758 -0.4758
 20.91 -20.91
 -23.4 23.4
 19.97 -19.97
 5.289 -5.289
 90.15 -90.15
 4.044 -4.044
 -53.74 53.74
 -40.58 40.58
 33.63 -33.63
 -23.84 23.84
 8.921 -8.921
 5.863 -5.863
 -2.478 2.478
 -20.37 20.37
 98.6 -98.6
 -39.59 39.59
 0.9606 -0.9606
 -17.76 17.76
 43.71 -43.71
 -75.82 75.82
 -3.679 3.679
 32.11 -32.11
 -15.02 15.02
 69.54 -69.54
 0.2029 -0.2029
 78.84 -78.84
 -56.38 56.38
 139 -139
 40.17 -40.17
 -41.72 41.72
 -25.36 25.36
 -47.53 47.53
 -8.139 8.139
 -2.538 2.538
 -19.71 19.71
 76.75 -76.75
 -31.37 31.37
 39.34 -39.34
 32.88 -32.88
 -54.98 54.98
 -15.58 15.58
 -24.93 24.93
 18.34 -18.34
 -126 126
 5.721 -5.721
 -69.07 69.07
 -12.74 12.74
 -149.9 149.9
 71.13 -71.13
 27.99 -27.99
 -68.51 68.51
 -43.81 43.81
 25.04 -25.04
 6.635 -6.635
 89.53 -89.53
 -21.81 21.81
 -8.496 8.496
 92.78 -92.78
 5.113 -5.113
 -12.86 12.86
 79.59 -79.59
 33.64 -33.64
 114.1 -114.1
 1.63 -1.63
 6.423 -6.423
 -11.76 11.76
 0.239 -0.239
 73.88 -73.88
 8.011 -8.011
 73.27 -73.27
 -18.16 18.16
 49.47 -49.47
 -27.48 27.48
 23.01 -23.01
 47.71 -47.71
 -48.27 48.27
 8.975 -8.975
 -8.244 8.244
 -51.68 51.68
 -2.532 2.532
 48.26 -48.26
 -40.95 40.95
 -5.348 5.348
 -55.74 55.74
 38.02 -38.02
 -9.832 9.832
 -53.79 53.79
 -1.59 1.59
 27.37 -27.37
 -25.75 25.75
 -0.1634 0.1634
 15.21 -15.21
 -98.68 98.68
 -1.895 1.895
 -42.3 42.3
 -60.13 60.13
 1.947 -1.947
 -14.06 14.06
 -34.54 34.54
 -9.174 9.174
 -84.88 84.88
 -58.66 58.66
 -14.12 14.12
 87.71 -87.71
 -145.6 145.6
 23.22 -23.22
 33.95 -33.95
 -89.99 89.99
 -7.552 7.552
 4.668 -4.668
 -89.26 89.26
 -71.96 71.96
 -14.94 14.94
 -16.64 16.64
 85.48 -85.48
 -8.692 8.692
 -31.19 31.19
 9.108 -9.108
 33.62 -33.62
 -53.57 53.57
 24.34 -24.34
 -50.17 50.17
 -6.524 6.524
 -28.35 28.35
 -88.38 88.38
 5.624 -5.624
 38.87 -38.87
 -72.19 72.19
 44.1 -44.1
 -93.85 93.85
 25.5 -25.5
 -31.58 31.58
 56.89 -56.89
 10.41 -10.41
 0.5178 -0.5178
 69.19 -69.19
 -16.61 16.61
 -49.54 49.54
 -3.893 3.893
 37.6 -37.6
 -127.2 127.2
 130.2 -130.2
 10.78 -10.78
 107.6 -107.6
 -5.893 5.893
 -59.89 59.89
 -47.46 47.46
 -44.78 44.78
 -48.35 48.35
 64.52 -64.52
 -103.6 103.6
 38.68 -38.68
 -41.23 41.23
 -62.22 62.22
 23.74 -23.74
 57.1 -57.1
 -20.92 20.92
 62.47 -62.47
 -42.38 42.38
 58.48 -58.48
 2.693 -2.693
 32.7 -32.7
 -60.33 60.33
 -2.183 2.183
 -22.55 22.55
 42.58 -42.58
 -1.733 1.733
 21.89 -21.89
 -20.91 20.91
 -44.79 44.79
 11.58 -11.58
 65.39 -65.39
 24.05 -24.05
 -33.92 33.92
 -50.58 50.58
