# Created by Octave 5.2.0, Fri Sep 25 00:02:46 2020 CEST <jiwidi@land>
# name: w
# type: matrix
# rows: 2001
# columns: 2
 -360 360
 2.926 -2.926
 -11.96 11.96
 -5.726 5.726
 -3.686 3.686
 -4.689 4.689
 9.295 -9.295
 7.538 -7.538
 1.457 -1.457
 -4.834 4.834
 14.82 -14.82
 -4.838 4.838
 2.826 -2.826
 4.262 -4.262
 -13.94 13.94
 -21.15 21.15
 -2.544 2.544
 8.498 -8.498
 -9.633 9.633
 11.72 -11.72
 -9.534 9.534
 -9.894 9.894
 -17.47 17.47
 -15.41 15.41
 19.19 -19.19
 -5.593 5.593
 -4.024 4.024
 -39.42 39.42
 -3.259 3.259
 -0.1051 0.1051
 1.84 -1.84
 -3.935 3.935
 15.53 -15.53
 -7.478 7.478
 11.49 -11.49
 16.72 -16.72
 -9.146 9.146
 -1.314 1.314
 -10.43 10.43
 -0.2388 0.2388
 -11.04 11.04
 5.138 -5.138
 -5.936 5.936
 -4.828 4.828
 2.837 -2.837
 14.47 -14.47
 -9.606 9.606
 11.27 -11.27
 -20.95 20.95
 -6.807 6.807
 1.679 -1.679
 3.903 -3.903
 -1.242 1.242
 -4.973 4.973
 50.09 -50.09
 8.126 -8.126
 2.81 -2.81
 5.332 -5.332
 -2.045 2.045
 1.768 -1.768
 2.827 -2.827
 -2.765 2.765
 -3.282 3.282
 1.391 -1.391
 -4.478 4.478
 -4.977 4.977
 5.682 -5.682
 -19.99 19.99
 3.342 -3.342
 2.478 -2.478
 -18.55 18.55
 -8.054 8.054
 -4.54 4.54
 6.13 -6.13
 14.11 -14.11
 -6.269 6.269
 -0.3992 0.3992
 -5.892 5.892
 -0.2006 0.2006
 3.67 -3.67
 10.74 -10.74
 -0.2443 0.2443
 7.09 -7.09
 -6.679 6.679
 8.115 -8.115
 0.8587 -0.8587
 -5.576 5.576
 -4.961 4.961
 3.752 -3.752
 0.233 -0.233
 0.5269 -0.5269
 3.991 -3.991
 8.131 -8.131
 -4.812 4.812
 -5.875 5.875
 -11.08 11.08
 4.152 -4.152
 33.94 -33.94
 -15.01 15.01
 0.5987 -0.5987
 6.607 -6.607
 10.19 -10.19
 6.824 -6.824
 -25.11 25.11
 13.81 -13.81
 -5.316 5.316
 10.53 -10.53
 1.358 -1.358
 -1.208 1.208
 -8.713 8.713
 5.792 -5.792
 3.358 -3.358
 -4.262 4.262
 -3.459 3.459
 -22.72 22.72
 -2.373 2.373
 5.464 -5.464
 1.912 -1.912
 -6.175 6.175
 -10.14 10.14
 6.092 -6.092
 3.953 -3.953
 -3.404 3.404
 -5.954 5.954
 -2.823 2.823
 -12.08 12.08
 5.642 -5.642
 8.009 -8.009
 -3.309 3.309
 -7.416 7.416
 -8.497 8.497
 -3.547 3.547
 1.291 -1.291
 -5.527 5.527
 6.508 -6.508
 -9.856 9.856
 4.312 -4.312
 0.4769 -0.4769
 -8.148 8.148
 0.4877 -0.4877
 -8.98 8.98
 -8.581 8.581
 1.086 -1.086
 -1.63 1.63
 -2.334 2.334
 -4.119 4.119
 7.622 -7.622
 -33.54 33.54
 -6.774 6.774
 1.518 -1.518
 -9.683 9.683
 -16 16
 1.569 -1.569
 77.74 -77.74
 2.665 -2.665
 -0.8979 0.8979
 -41.18 41.18
 -7.715 7.715
 1.973 -1.973
 -22.17 22.17
 -6.274 6.274
 4.928 -4.928
 -2.794 2.794
 -10.36 10.36
 14.05 -14.05
 54.4 -54.4
 7.632 -7.632
 12.85 -12.85
 4.816 -4.816
 -5.271 5.271
 -9.478 9.478
 5.554 -5.554
 5.499 -5.499
 -8.907 8.907
 6.235 -6.235
 3.502 -3.502
 -0.2826 0.2826
 25.73 -25.73
 0.2492 -0.2492
 -3.093 3.093
 -4.062 4.062
 45.21 -45.21
 -33.19 33.19
 3.703 -3.703
 -3.958 3.958
 -0.6652 0.6652
 9.395 -9.395
 0.08316 -0.08316
 -1.38 1.38
 -14.74 14.74
 16.26 -16.26
 8.868 -8.868
 2.805 -2.805
 -2.146 2.146
 -6.529 6.529
 -2.672 2.672
 0.5536 -0.5536
 -2.566 2.566
 10.79 -10.79
 3.016 -3.016
 12.38 -12.38
 -13.28 13.28
 -4.829 4.829
 19.52 -19.52
 19.21 -19.21
 0.8762 -0.8762
 -31.2 31.2
 -17.3 17.3
 -1.126 1.126
 2.954 -2.954
 -39.04 39.04
 11.57 -11.57
 -17.91 17.91
 -0.7867 0.7867
 -5.848 5.848
 -4.252 4.252
 -16.17 16.17
 -6.613 6.613
 -1.663 1.663
 -12.77 12.77
 -10.1 10.1
 4.673 -4.673
 -18.33 18.33
 3.564 -3.564
 -9.983 9.983
 10.92 -10.92
 2.649 -2.649
 -11 11
 15.9 -15.9
 -3.171 3.171
 4.884 -4.884
 10.24 -10.24
 12.08 -12.08
 -10.89 10.89
 10.42 -10.42
 -12.88 12.88
 -9.728 9.728
 -7.407 7.407
 4.374 -4.374
 13.14 -13.14
 -8.249 8.249
 -0.1445 0.1445
 -9.268 9.268
 7.173 -7.173
 -3.886 3.886
 -1.924 1.924
 1.292 -1.292
 -22.03 22.03
 -23.02 23.02
 -7.151 7.151
 4.54 -4.54
 -9.052 9.052
 -0.7976 0.7976
 11.13 -11.13
 -2.195 2.195
 -2.898 2.898
 -0.9204 0.9204
 20.81 -20.81
 22.82 -22.82
 -4.817 4.817
 20.41 -20.41
 -19.15 19.15
 -7.81 7.81
 -5.676 5.676
 10.85 -10.85
 -7.034 7.034
 -11.47 11.47
 -7.406 7.406
 -6.757 6.757
 3.558 -3.558
 8.924 -8.924
 12.27 -12.27
 3.476 -3.476
 -2.267 2.267
 1.94 -1.94
 -10.84 10.84
 2.998 -2.998
 2.422 -2.422
 -7.755 7.755
 -14.25 14.25
 0.3996 -0.3996
 16.99 -16.99
 -16.02 16.02
 20.9 -20.9
 33.77 -33.77
 1.79 -1.79
 -12.15 12.15
 -1.363 1.363
 -8.869 8.869
 -10.66 10.66
 -3.947 3.947
 -28.47 28.47
 4.484 -4.484
 -0.4934 0.4934
 -0.08886 0.08886
 6.807 -6.807
 -22.88 22.88
 -4.091 4.091
 -8.104 8.104
 4.645 -4.645
 1.529 -1.529
 -3.159 3.159
 -9.241 9.241
 -11.91 11.91
 29.22 -29.22
 4.367 -4.367
 -4.269 4.269
 1.191 -1.191
 0.5045 -0.5045
 25.33 -25.33
 3.709 -3.709
 23.08 -23.08
 -13.2 13.2
 6.231 -6.231
 -19.16 19.16
 -5.056 5.056
 46.74 -46.74
 24.65 -24.65
 -7.689 7.689
 14.44 -14.44
 5.348 -5.348
 32.95 -32.95
 13.15 -13.15
 8.58 -8.58
 1.623 -1.623
 0.8029 -0.8029
 6.579 -6.579
 -0.9926 0.9926
 5.083 -5.083
 -2.433 2.433
 -8.786 8.786
 9.784 -9.784
 -8.98 8.98
 -14.27 14.27
 10.33 -10.33
 -11.67 11.67
 -0.6541 0.6541
 -3.071 3.071
 -1.603 1.603
 5.765 -5.765
 0.1822 -0.1822
 -23.1 23.1
 -8.315 8.315
 6.114 -6.114
 -4.906 4.906
 0.8866 -0.8866
 -4.707 4.707
 9.611 -9.611
 23.42 -23.42
 10.07 -10.07
 -2.86 2.86
 -12.5 12.5
 -5.066 5.066
 -4.024 4.024
 5.943 -5.943
 3.243 -3.243
 -34.4 34.4
 17.86 -17.86
 -0.05534 0.05534
 24.12 -24.12
 -3.26 3.26
 -12.99 12.99
 -11.49 11.49
 10.17 -10.17
 -6.458 6.458
 -2.162 2.162
 25.52 -25.52
 -12.01 12.01
 7.766 -7.766
 -12.92 12.92
 -5.377 5.377
 7.827 -7.827
 10.25 -10.25
 0.5267 -0.5267
 -1.996 1.996
 -0.8312 0.8312
 8.409 -8.409
 18.91 -18.91
 -9.091 9.091
 -11.06 11.06
 -1.608 1.608
 -17.65 17.65
 -6.807 6.807
 -9.496 9.496
 41.74 -41.74
 10.88 -10.88
 1.585 -1.585
 5.476 -5.476
 -2.163 2.163
 -4.307 4.307
 -5.555 5.555
 -3.243 3.243
 -9.732 9.732
 -20.13 20.13
 4.456 -4.456
 -11.98 11.98
 -0.5162 0.5162
 -7.727 7.727
 -7.982 7.982
 29.32 -29.32
 -15.62 15.62
 -6.003 6.003
 -4.967 4.967
 -8.736 8.736
 8.73 -8.73
 -8.813 8.813
 -10.12 10.12
 10.2 -10.2
 -12.04 12.04
 15.14 -15.14
 -4.594 4.594
 7.056 -7.056
 -4.406 4.406
 -24.11 24.11
 -12.76 12.76
 0.3991 -0.3991
 35.31 -35.31
 -8.952 8.952
 30.85 -30.85
 18.46 -18.46
 6.751 -6.751
 3.376 -3.376
 13.57 -13.57
 -27.03 27.03
 -5.41 5.41
 -6.407 6.407
 -0.7541 0.7541
 -4.573 4.573
 -9.173 9.173
 -14.68 14.68
 18.07 -18.07
 -7.139 7.139
 25.35 -25.35
 1.231 -1.231
 0.4323 -0.4323
 -2.849 2.849
 6.934 -6.934
 4.956 -4.956
 -12.3 12.3
 -1.497 1.497
 -8.969 8.969
 4.867 -4.867
 -21.44 21.44
 16.39 -16.39
 -7.384 7.384
 8.491 -8.491
 -4.601 4.601
 -19.31 19.31
 20.77 -20.77
 -1.253 1.253
 -10.86 10.86
 -4.961 4.961
 16.64 -16.64
 38.33 -38.33
 3.619 -3.619
 7.776 -7.776
 -9.634 9.634
 2.572 -2.572
 -12.03 12.03
 -0.2336 0.2336
 -11.95 11.95
 -13.08 13.08
 33.49 -33.49
 0.8943 -0.8943
 9.318 -9.318
 10.65 -10.65
 9.33 -9.33
 4.878 -4.878
 0.3659 -0.3659
 3.198 -3.198
 -2.112 2.112
 -3.88 3.88
 -8.299 8.299
 0.00518 -0.00518
 -0.7653 0.7653
 3.109 -3.109
 9.518 -9.518
 4.201 -4.201
 -7.311 7.311
 11.84 -11.84
 -0.6982 0.6982
 6.201 -6.201
 -3.159 3.159
 -0.01212 0.01212
 18.2 -18.2
 -0.0554 0.0554
 -9.09 9.09
 -18.6 18.6
 -5.571 5.571
 -6.857 6.857
 6.751 -6.751
 -0.9481 0.9481
 -0.8924 0.8924
 -3.575 3.575
 5.149 -5.149
 -3.997 3.997
 -9.995 9.995
 -1.165 1.165
 1.796 -1.796
 -22.44 22.44
 10.08 -10.08
 -6.336 6.336
 -8.531 8.531
 -4.263 4.263
 -1.447 1.447
 -7.561 7.561
 -2.966 2.966
 -23.36 23.36
 8.569 -8.569
 -2.826 2.826
 -1.463 1.463
 2.533 -2.533
 -24.66 24.66
 -1.718 1.718
 7.699 -7.699
 -19.6 19.6
 -5.062 5.062
 5.227 -5.227
 -4.712 4.712
 -5.715 5.715
 -3.176 3.176
 12.16 -12.16
 -21.5 21.5
 3.176 -3.176
 -0.3386 0.3386
 -0.8319 0.8319
 -4.629 4.629
 -13.49 13.49
 0.04432 -0.04432
 -6.856 6.856
 -8.354 8.354
 -8.298 8.298
 -7.084 7.084
 -7.389 7.389
 -8.897 8.897
 -24.68 24.68
 9.463 -9.463
 5.066 -5.066
 -1.979 1.979
 -0.3934 0.3934
 -8.835 8.835
 -9.834 9.834
 -10.06 10.06
 14.3 -14.3
 12.48 -12.48
 -1.896 1.896
 4.817 -4.817
 -23.26 23.26
 -4.291 4.291
 -0.205 0.205
 7.656 -7.656
 -17.44 17.44
 21.92 -21.92
 3.692 -3.692
 0.2666 -0.2666
 -1.674 1.674
 1.835 -1.835
 -8.337 8.337
 15.06 -15.06
 -1.065 1.065
 19.99 -19.99
