# Created by Octave 5.2.0, Fri Sep 25 00:18:48 2020 CEST <jiwidi@land>
# name: w
# type: matrix
# rows: 2001
# columns: 2
 -3550 3550
 300.1 -300.1
 -1166 1166
 -571.9 571.9
 -366.4 366.4
 -466.8 466.8
 935.1 -935.1
 756.4 -756.4
 152 -152
 -475.8 475.8
 1483 -1483
 -480.6 480.6
 294.9 -294.9
 428.8 -428.8
 -1280 1280
 -2029 2029
 -228.1 228.1
 855.8 -855.8
 -951.4 951.4
 1084 -1084
 -931 931
 -979.5 979.5
 -1745 1745
 -1505 1505
 1925 -1925
 -546.5 546.5
 -387.5 387.5
 -3585 3585
 -321.6 321.6
 -3.398 3.398
 190 -190
 -391.6 391.6
 1561 -1561
 -730 730
 1153 -1153
 1677 -1677
 -909.3 909.3
 -127.2 127.2
 -1025 1025
 -6.042 6.042
 -1086 1086
 515.8 -515.8
 -582.5 582.5
 -473.1 473.1
 279.3 -279.3
 1454 -1454
 -892.4 892.4
 1163 -1163
 -2011 2011
 -645 645
 176.1 -176.1
 357.2 -357.2
 -120.1 120.1
 -490.4 490.4
 5012 -5012
 827.5 -827.5
 284.5 -284.5
 536.1 -536.1
 -151.7 151.7
 192.3 -192.3
 198.5 -198.5
 -225 225
 -296.9 296.9
 153.7 -153.7
 -434.8 434.8
 -477.3 477.3
 578.1 -578.1
 -1880 1880
 337.1 -337.1
 255.9 -255.9
 -1850 1850
 -799.9 799.9
 -448.1 448.1
 614.2 -614.2
 1435 -1435
 -613.7 613.7
 -16.67 16.67
 -581.4 581.4
 -8.761 8.761
 374.6 -374.6
 1077 -1077
 -19.89 19.89
 720.9 -720.9
 -656.6 656.6
 830.9 -830.9
 94.81 -94.81
 -551.8 551.8
 -493.2 493.2
 377.8 -377.8
 7.068 -7.068
 66.84 -66.84
 423.7 -423.7
 818.1 -818.1
 -460.2 460.2
 -576.8 576.8
 -1084 1084
 419.1 -419.1
 3404 -3404
 -1431 1431
 55.68 -55.68
 673.1 -673.1
 1032 -1032
 692.8 -692.8
 -2485 2485
 1398 -1398
 -508.9 508.9
 1053 -1053
 140.5 -140.5
 -116.5 116.5
 -846.8 846.8
 596.7 -596.7
 344.6 -344.6
 -342.7 342.7
 -340.8 340.8
 -2166 2166
 -227.6 227.6
 559.8 -559.8
 192.1 -192.1
 -606.6 606.6
 -1004 1004
 590.5 -590.5
 396.8 -396.8
 -341.7 341.7
 -550.1 550.1
 -279.1 279.1
 -1156 1156
 567.2 -567.2
 805.3 -805.3
 -312.5 312.5
 -733.3 733.3
 -809.9 809.9
 -319.5 319.5
 111 -111
 -391.5 391.5
 647 -647
 -976.1 976.1
 436.7 -436.7
 76 -76
 -809.2 809.2
 53.98 -53.98
 -863.8 863.8
 -839.2 839.2
 112.3 -112.3
 -149.5 149.5
 -230 230
 -407.6 407.6
 782.8 -782.8
 -3137 3137
 -667.3 667.3
 166.4 -166.4
 -947.1 947.1
 -1583 1583
 213.3 -213.3
 7777 -7777
 270.2 -270.2
 -89.25 89.25
 -3912 3912
 -741.8 741.8
 223.3 -223.3
 -2164 2164
 -614 614
 508.4 -508.4
 -272.9 272.9
 -1026 1026
 1413 -1413
 5438 -5438
 771.5 -771.5
 1308 -1308
 504.7 -504.7
 -520.8 520.8
 -891.8 891.8
 562.9 -562.9
 562.6 -562.6
 -868.1 868.1
 623.8 -623.8
 349.8 -349.8
 -20.91 20.91
 2576 -2576
 23.37 -23.37
 -303.2 303.2
 -397.7 397.7
 4525 -4525
 -3200 3200
 373.5 -373.5
 -353.7 353.7
 -58.86 58.86
 944.2 -944.2
 27.23 -27.23
 -132.4 132.4
 -1456 1456
 1629 -1629
 891.9 -891.9
 308.5 -308.5
 -205.7 205.7
 -644.8 644.8
 -256.6 256.6
 63.42 -63.42
 -258.8 258.8
 1086 -1086
 306.7 -306.7
 1241 -1241
 -1292 1292
 -479.8 479.8
 1951 -1951
 1923 -1923
 27.1 -27.1
 -3072 3072
 -1643 1643
 -107.9 107.9
 328.4 -328.4
 -3765 3765
 1161 -1161
 -1776 1776
 -126.2 126.2
 -567.6 567.6
 -311.8 311.8
 -1582 1582
 -655.7 655.7
 -156.9 156.9
 -1253 1253
 -985.4 985.4
 469.7 -469.7
 -1816 1816
 362 -362
 -937.2 937.2
 1095 -1095
 275.4 -275.4
 -1078 1078
 1604 -1604
 -309.7 309.7
 503.2 -503.2
 1030 -1030
 1216 -1216
 -1057 1057
 1034 -1034
 -1250 1250
 -961 961
 -727.9 727.9
 452.5 -452.5
 1315 -1315
 -777.7 777.7
 -11.77 11.77
 -916.3 916.3
 720.8 -720.8
 -380.1 380.1
 -189.6 189.6
 154.2 -154.2
 -2101 2101
 -2233 2233
 -706.5 706.5
 449.1 -449.1
 -851.3 851.3
 -66.9 66.9
 1147 -1147
 -217.9 217.9
 -258.7 258.7
 -77.55 77.55
 2081 -2081
 2285 -2285
 -449.3 449.3
 2043 -2043
 -1850 1850
 -772.6 772.6
 -563 563
 1087 -1087
 -691.7 691.7
 -1100 1100
 -699.6 699.6
 -630.4 630.4
 363.4 -363.4
 897.2 -897.2
 1235 -1235
 349.4 -349.4
 -212.9 212.9
 198.4 -198.4
 -1034 1034
 305.3 -305.3
 256.6 -256.6
 -766.5 766.5
 -1419 1419
 47 -47
 1701 -1701
 -1547 1547
 2091 -2091
 3378 -3378
 179.8 -179.8
 -1191 1191
 -135.6 135.6
 -871.5 871.5
 -1058 1058
 -355.4 355.4
 -2717 2717
 455.1 -455.1
 -45.79 45.79
 -8.91 8.91
 682.8 -682.8
 -2228 2228
 -393.5 393.5
 -802.2 802.2
 471.7 -471.7
 159.1 -159.1
 -310.3 310.3
 -918.1 918.1
 -1182 1182
 2923 -2923
 437 -437
 -426 426
 145.4 -145.4
 61.92 -61.92
 2534 -2534
 393 -393
 2311 -2311
 -1311 1311
 635.5 -635.5
 -1843 1843
 -499.4 499.4
 4678 -4678
 2411 -2411
 -753.1 753.1
 1459 -1459
 536.7 -536.7
 3299 -3299
 1295 -1295
 860.1 -860.1
 166.7 -166.7
 93.77 -93.77
 664.7 -664.7
 -95.21 95.21
 518.4 -518.4
 -268.3 268.3
 -852.1 852.1
 988.2 -988.2
 -891 891
 -1394 1394
 1036 -1036
 -1103 1103
 -64.44 64.44
 -283.6 283.6
 -142.3 142.3
 580.1 -580.1
 22.67 -22.67
 -2248 2248
 -811.4 811.4
 616.9 -616.9
 -505.2 505.2
 97.74 -97.74
 -441.5 441.5
 963.1 -963.1
 2343 -2343
 1021 -1021
 -281.1 281.1
 -1211 1211
 -488.7 488.7
 -401.8 401.8
 563.4 -563.4
 281.4 -281.4
 -3264 3264
 1743 -1743
 -5.196 5.196
 2413 -2413
 -317 317
 -1275 1275
 -1142 1142
 1002 -1002
 -639 639
 -211.3 211.3
 2565 -2565
 -1099 1099
 727.2 -727.2
 -1289 1289
 -487.8 487.8
 791.5 -791.5
 1025 -1025
 111.4 -111.4
 -177.9 177.9
 -81.84 81.84
 853.4 -853.4
 1909 -1909
 -899.8 899.8
 -1104 1104
 -134.5 134.5
 -1744 1744
 -676.8 676.8
 -884.2 884.2
 4177 -4177
 1108 -1108
 161.6 -161.6
 551.2 -551.2
 -211.7 211.7
 -424.7 424.7
 -541.4 541.4
 -321.3 321.3
 -893.8 893.8
 -2001 2001
 442.6 -442.6
 -1164 1164
 -42.09 42.09
 -763.2 763.2
 -767.8 767.8
 2933 -2933
 -1502 1502
 -595.4 595.4
 -490.3 490.3
 -851.1 851.1
 877.3 -877.3
 -875.5 875.5
 -1001 1001
 1049 -1049
 -1195 1195
 1517 -1517
 -479.3 479.3
 712.1 -712.1
 -432.7 432.7
 -2197 2197
 -1268 1268
 45.71 -45.71
 3490 -3490
 -873.7 873.7
 3086 -3086
 1851 -1851
 693.4 -693.4
 348.8 -348.8
 1378 -1378
 -2298 2298
 -532.4 532.4
 -628.5 628.5
 -71.85 71.85
 -445.6 445.6
 -900.2 900.2
 -1435 1435
 1825 -1825
 -691.7 691.7
 2539 -2539
 126.8 -126.8
 47.44 -47.44
 -282.4 282.4
 699.6 -699.6
 518.7 -518.7
 -1226 1226
 -134.2 134.2
 -784.3 784.3
 503.5 -503.5
 -1962 1962
 1643 -1643
 -676.5 676.5
 860.1 -860.1
 -444.1 444.1
 -1890 1890
 2084 -2084
 -110.8 110.8
 -1068 1068
 -475.1 475.1
 1673 -1673
 3836 -3836
 377.9 -377.9
 778.6 -778.6
 -945.3 945.3
 259.7 -259.7
 -1195 1195
 50.35 -50.35
 -1172 1172
 -1279 1279
 3353 -3353
 106.3 -106.3
 945.6 -945.6
 1068 -1068
 961.5 -961.5
 494.8 -494.8
 36.91 -36.91
 338.3 -338.3
 -203.5 203.5
 -377.1 377.1
 -805.8 805.8
 4.354 -4.354
 -65.02 65.02
 312.2 -312.2
 949.8 -949.8
 425.6 -425.6
 -676.2 676.2
 1184 -1184
 -69.41 69.41
 621.3 -621.3
 -309.8 309.8
 1.629 -1.629
 1823 -1823
 -5.54 5.54
 -893.1 893.1
 -1737 1737
 -549.8 549.8
 -587 587
 685.6 -685.6
 -80.11 80.11
 -67.23 67.23
 -329.4 329.4
 538 -538
 -391.8 391.8
 -959 959
 -109.2 109.2
 271.4 -271.4
 -2158 2158
 1009 -1009
 -601.9 601.9
 -849.7 849.7
 -419.5 419.5
 -145.9 145.9
 -733.4 733.4
 -334.5 334.5
 -2180 2180
 859.1 -859.1
 -275.3 275.3
 -134.6 134.6
 266.8 -266.8
 -2441 2441
 -169.8 169.8
 792.2 -792.2
 -1906 1906
 -490.9 490.9
 537.5 -537.5
 -484.3 484.3
 -566.4 566.4
 -312.6 312.6
 1220 -1220
 -2139 2139
 318.3 -318.3
 -23.41 23.41
 -80.56 80.56
 -419 419
 -1331 1331
 6.88 -6.88
 -674.5 674.5
 -785.3 785.3
 -799.4 799.4
 -679.2 679.2
 -727 727
 -879.4 879.4
 -2431 2431
 978.8 -978.8
 509.3 -509.3
 -143.8 143.8
 -36.46 36.46
 -860.8 860.8
 -977.6 977.6
 -999.8 999.8
 1433 -1433
 1260 -1260
 -184.2 184.2
 503.6 -503.6
 -2263 2263
 -422.7 422.7
 25.12 -25.12
 795.6 -795.6
 -1643 1643
 2193 -2193
 373.1 -373.1
 29.21 -29.21
 -147.1 147.1
 188 -188
 -823.8 823.8
 1545 -1545
 -104 104
 2002 -2002
 106.8 -106.8
 658.6 -658.6
 -49.77 49.77
 -490.4 490.4
 -2680 2680
 -408.5 408.5
 899.6 -899.6
 981.6 -981.6
 -18.73 18.73
 -1598 1598
 -201.3 201.3
 -1203 1203
 1968 -1968
 -423.1 423.1
 -280.1 280.1
 -13.85 13.85
 196.2 -196.2
 2699 -2699
 -331.6 331.6
 372 -372
 -1157 1157
 -1095 1095
 -992.7 992.7
 785 -785
 62.67 -62.67
 413.4 -413.4
 117.5 -117.5
 -1487 1487
 -47.53 47.53
 182.9 -182.9
 -184.6 184.6
 -2388 2388
 -5381 5381
 204.8 -204.8
 117.3 -117.3
 -533.2 533.2
 988.9 -988.9
