# Created by Octave 5.2.0, Fri Sep 25 00:35:44 2020 CEST <jiwidi@land>
# name: w
# type: matrix
# rows: 2001
# columns: 2
 -1.7e+04 1.7e+04
 2.118e+04 -2.118e+04
 -8.791e+04 8.791e+04
 -3.918e+04 3.918e+04
 -2.763e+04 2.763e+04
 -3.591e+04 3.591e+04
 8.366e+04 -8.366e+04
 5.171e+04 -5.171e+04
 1.315e+04 -1.315e+04
 -3.893e+04 3.893e+04
 1.156e+05 -1.156e+05
 -3.961e+04 3.961e+04
 2.382e+04 -2.382e+04
 2.123e+04 -2.123e+04
 -7.501e+04 7.501e+04
 -1.405e+05 1.405e+05
 -7472 7472
 5.099e+04 -5.099e+04
 -7.545e+04 7.545e+04
 4.155e+04 -4.155e+04
 -7.248e+04 7.248e+04
 -8.997e+04 8.997e+04
 -1.265e+05 1.265e+05
 -1.163e+05 1.163e+05
 1.343e+05 -1.343e+05
 -4.714e+04 4.714e+04
 -2.972e+04 2.972e+04
 -8.406e+04 8.406e+04
 -2.753e+04 2.753e+04
 -183 183
 1.21e+04 -1.21e+04
 -4.027e+04 4.027e+04
 1.172e+05 -1.172e+05
 -5.662e+04 5.662e+04
 8.562e+04 -8.562e+04
 1.008e+05 -1.008e+05
 -7.253e+04 7.253e+04
 -1.117e+04 1.117e+04
 -8.176e+04 8.176e+04
 -3678 3678
 -7.889e+04 7.889e+04
 4.192e+04 -4.192e+04
 -4.855e+04 4.855e+04
 -4.268e+04 4.268e+04
 1.354e+04 -1.354e+04
 1.198e+05 -1.198e+05
 -4.686e+04 4.686e+04
 1.072e+05 -1.072e+05
 -1.52e+05 1.52e+05
 -2.922e+04 2.922e+04
 1.239e+04 -1.239e+04
 2.547e+04 -2.547e+04
 -1.053e+04 1.053e+04
 -4.716e+04 4.716e+04
 3.519e+05 -3.519e+05
 6.187e+04 -6.187e+04
 1.853e+04 -1.853e+04
 3.534e+04 -3.534e+04
 1538 -1538
 2.407e+04 -2.407e+04
 4808 -4808
 -8940 8940
 -1634 1634
 3.226e+04 -3.226e+04
 -3.689e+04 3.689e+04
 -3.458e+04 3.458e+04
 5.178e+04 -5.178e+04
 -1.169e+05 1.169e+05
 2.587e+04 -2.587e+04
 2.867e+04 -2.867e+04
 -1.35e+05 1.35e+05
 -7.023e+04 7.023e+04
 -3.758e+04 3.758e+04
 4.534e+04 -4.534e+04
 1.134e+05 -1.134e+05
 -5.312e+04 5.312e+04
 -2.173e+04 2.173e+04
 -5.715e+04 5.715e+04
 6415 -6415
 2.071e+04 -2.071e+04
 7.839e+04 -7.839e+04
 -5924 5924
 5.035e+04 -5.035e+04
 -5.111e+04 5.111e+04
 7.846e+04 -7.846e+04
 1.008e+04 -1.008e+04
 -5.009e+04 5.009e+04
 -3.733e+04 3.733e+04
 2.513e+04 -2.513e+04
 -3644 3644
 1.244e+04 -1.244e+04
 4.944e+04 -4.944e+04
 7.058e+04 -7.058e+04
 -3.256e+04 3.256e+04
 -4.502e+04 4.502e+04
 -8.432e+04 8.432e+04
 2.98e+04 -2.98e+04
 2.437e+05 -2.437e+05
 -1.022e+05 1.022e+05
 -705.8 705.8
 6.686e+04 -6.686e+04
 8.278e+04 -8.278e+04
 4.02e+04 -4.02e+04
 -1.996e+05 1.996e+05
 9.98e+04 -9.98e+04
 -3.383e+04 3.383e+04
 7.526e+04 -7.526e+04
 1.515e+04 -1.515e+04
 -3172 3172
 -6.08e+04 6.08e+04
 6.367e+04 -6.367e+04
 2.798e+04 -2.798e+04
 -2.072e+04 2.072e+04
 -2.668e+04 2.668e+04
 -1.711e+05 1.711e+05
 -2.327e+04 2.327e+04
 4.012e+04 -4.012e+04
 1.4e+04 -1.4e+04
 -4.738e+04 4.738e+04
 -8.056e+04 8.056e+04
 3.651e+04 -3.651e+04
 3.203e+04 -3.203e+04
 -3.923e+04 3.923e+04
 -3.095e+04 3.095e+04
 -2.77e+04 2.77e+04
 -8.911e+04 8.911e+04
 2.429e+04 -2.429e+04
 5.151e+04 -5.151e+04
 -2.562e+04 2.562e+04
 -6.067e+04 6.067e+04
 -5.507e+04 5.507e+04
 -1.636e+04 1.636e+04
 1.388e+04 -1.388e+04
 3.115e+04 -3.115e+04
 4.927e+04 -4.927e+04
 -8.2e+04 8.2e+04
 3.635e+04 -3.635e+04
 -9284 9284
 -6.705e+04 6.705e+04
 2338 -2338
 -6.499e+04 6.499e+04
 -6.714e+04 6.714e+04
 4610 -4610
 -8264 8264
 -1.922e+04 1.922e+04
 -3.806e+04 3.806e+04
 6.823e+04 -6.823e+04
 -1.238e+05 1.238e+05
 -5.62e+04 5.62e+04
 1.981e+04 -1.981e+04
 -6.882e+04 6.882e+04
 -1.345e+05 1.345e+05
 2.688e+04 -2.688e+04
 5.365e+05 -5.365e+05
 1.727e+04 -1.727e+04
 -1.819e+04 1.819e+04
 -2.344e+05 2.344e+05
 -4.334e+04 4.334e+04
 9083 -9083
 -1.508e+05 1.508e+05
 -4.701e+04 4.701e+04
 5.8e+04 -5.8e+04
 -1.914e+04 1.914e+04
 -9.474e+04 9.474e+04
 1.25e+05 -1.25e+05
 4.123e+05 -4.123e+05
 6.922e+04 -6.922e+04
 9.279e+04 -9.279e+04
 4.079e+04 -4.079e+04
 -4.538e+04 4.538e+04
 -4.855e+04 4.855e+04
 4.962e+04 -4.962e+04
 5.463e+04 -5.463e+04
 -6.482e+04 6.482e+04
 4.898e+04 -4.898e+04
 2.685e+04 -2.685e+04
 -1.527e+04 1.527e+04
 1.82e+05 -1.82e+05
 -3462 3462
 -2.13e+04 2.13e+04
 -3.435e+04 3.435e+04
 3.118e+05 -3.118e+05
 -2.38e+05 2.38e+05
 3.78e+04 -3.78e+04
 -1.148e+04 1.148e+04
 -9654 9654
 7.389e+04 -7.389e+04
 -2106 2106
 -1.176e+04 1.176e+04
 -1.155e+05 1.155e+05
 1.303e+05 -1.303e+05
 7.14e+04 -7.14e+04
 2.841e+04 -2.841e+04
 -1.88e+04 1.88e+04
 -5.875e+04 5.875e+04
 -4.977e+04 4.977e+04
 -3852 3852
 -2.378e+04 2.378e+04
 8.496e+04 -8.496e+04
 3.486e+04 -3.486e+04
 9.05e+04 -9.05e+04
 -1.065e+05 1.065e+05
 -3.977e+04 3.977e+04
 1.451e+05 -1.451e+05
 1.352e+05 -1.352e+05
 -1.931e+04 1.931e+04
 -2.288e+05 2.288e+05
 -1.2e+05 1.2e+05
 -1.325e+04 1.325e+04
 4.778e+04 -4.778e+04
 -2.554e+05 2.554e+05
 9.064e+04 -9.064e+04
 -1.402e+05 1.402e+05
 -1.493e+04 1.493e+04
 -5.379e+04 5.379e+04
 4504 -4504
 -1.112e+05 1.112e+05
 -6.251e+04 6.251e+04
 -9676 9676
 -8.038e+04 8.038e+04
 -7.976e+04 7.976e+04
 3.93e+04 -3.93e+04
 -1.409e+05 1.409e+05
 2.662e+04 -2.662e+04
 -5.279e+04 5.279e+04
 8.307e+04 -8.307e+04
 1.58e+04 -1.58e+04
 -8.819e+04 8.819e+04
 1.413e+05 -1.413e+05
 -3.18e+04 3.18e+04
 4.666e+04 -4.666e+04
 5.716e+04 -5.716e+04
 8.317e+04 -8.317e+04
 -8.898e+04 8.898e+04
 7.012e+04 -7.012e+04
 -9.382e+04 9.382e+04
 -8.472e+04 8.472e+04
 -5.97e+04 5.97e+04
 5.086e+04 -5.086e+04
 9.627e+04 -9.627e+04
 -6.744e+04 6.744e+04
 -7074 7074
 -7.392e+04 7.392e+04
 5.896e+04 -5.896e+04
 -3.509e+04 3.509e+04
 -1.67e+04 1.67e+04
 1.616e+04 -1.616e+04
 -1.547e+05 1.547e+05
 -1.433e+05 1.433e+05
 -6.037e+04 6.037e+04
 3.216e+04 -3.216e+04
 -4.979e+04 4.979e+04
 3611 -3611
 8.996e+04 -8.996e+04
 -2.044e+04 2.044e+04
 -1.189e+04 1.189e+04
 4850 -4850
 1.619e+05 -1.619e+05
 1.653e+05 -1.653e+05
 -2.554e+04 2.554e+04
 1.699e+05 -1.699e+05
 -1.391e+05 1.391e+05
 -6.028e+04 6.028e+04
 -4.91e+04 4.91e+04
 7.85e+04 -7.85e+04
 -5.196e+04 5.196e+04
 -7.137e+04 7.137e+04
 -5.819e+04 5.819e+04
 -2.917e+04 2.917e+04
 3.227e+04 -3.227e+04
 6.318e+04 -6.318e+04
 9.061e+04 -9.061e+04
 3.221e+04 -3.221e+04
 -1.392e+04 1.392e+04
 1.279e+04 -1.279e+04
 -6.408e+04 6.408e+04
 2.521e+04 -2.521e+04
 2.811e+04 -2.811e+04
 -6.37e+04 6.37e+04
 -1.139e+05 1.139e+05
 -1076 1076
 1.26e+05 -1.26e+05
 -9.924e+04 9.924e+04
 1.612e+05 -1.612e+05
 2.454e+05 -2.454e+05
 1.202e+04 -1.202e+04
 -8.913e+04 8.913e+04
 -1.049e+04 1.049e+04
 -6.008e+04 6.008e+04
 -8.689e+04 8.689e+04
 -1.939e+04 1.939e+04
 -1.924e+05 1.924e+05
 4.734e+04 -4.734e+04
 -246.1 246.1
 -3661 3661
 6.459e+04 -6.459e+04
 -1.751e+05 1.751e+05
 -3.335e+04 3.335e+04
 -6.548e+04 6.548e+04
 3.276e+04 -3.276e+04
 4465 -4465
 -2.553e+04 2.553e+04
 -7.304e+04 7.304e+04
 -9.611e+04 9.611e+04
 2.195e+05 -2.195e+05
 3.356e+04 -3.356e+04
 -2.477e+04 2.477e+04
 1.993e+04 -1.993e+04
 -2046 2046
 2.016e+05 -2.016e+05
 4.457e+04 -4.457e+04
 2.007e+05 -2.007e+05
 -1.104e+05 1.104e+05
 4.157e+04 -4.157e+04
 -1.256e+05 1.256e+05
 -5.766e+04 5.766e+04
 3.368e+05 -3.368e+05
 1.23e+05 -1.23e+05
 -5.676e+04 5.676e+04
 1.109e+05 -1.109e+05
 3.916e+04 -3.916e+04
 2.767e+05 -2.767e+05
 9.534e+04 -9.534e+04
 6.956e+04 -6.956e+04
 1.338e+04 -1.338e+04
 7269 -7269
 6.62e+04 -6.62e+04
 -9960 9960
 5.978e+04 -5.978e+04
 -2.436e+04 2.436e+04
 -6.639e+04 6.639e+04
 7.034e+04 -7.034e+04
 -6.634e+04 6.634e+04
 -1.073e+05 1.073e+05
 6.442e+04 -6.442e+04
 -7.663e+04 7.663e+04
 -5988 5988
 -3.049e+04 3.049e+04
 -1.409e+04 1.409e+04
 3.998e+04 -3.998e+04
 -9715 9715
 -1.768e+05 1.768e+05
 -7.077e+04 7.077e+04
 4.77e+04 -4.77e+04
 -5.092e+04 5.092e+04
 1.189e+04 -1.189e+04
 -1.829e+04 1.829e+04
 8.065e+04 -8.065e+04
 1.743e+05 -1.743e+05
 1.079e+05 -1.079e+05
 -2.426e+04 2.426e+04
 -8.398e+04 8.398e+04
 -4.39e+04 4.39e+04
 -3.584e+04 3.584e+04
 3.734e+04 -3.734e+04
 1.979e+04 -1.979e+04
 -2.04e+05 2.04e+05
 1.324e+05 -1.324e+05
 -1742 1742
 1.985e+05 -1.985e+05
 -3.5e+04 3.5e+04
 -8.965e+04 8.965e+04
 -9.964e+04 9.964e+04
 7.154e+04 -7.154e+04
 -5.425e+04 5.425e+04
 -1.771e+04 1.771e+04
 1.853e+05 -1.853e+05
 -6.028e+04 6.028e+04
 5.071e+04 -5.071e+04
 -1.28e+05 1.28e+05
 -2.273e+04 2.273e+04
 6.703e+04 -6.703e+04
 7.186e+04 -7.186e+04
 2.054e+04 -2.054e+04
 -2.54e+04 2.54e+04
 -6383 6383
 8.406e+04 -8.406e+04
 1.444e+05 -1.444e+05
