# Created by Octave 5.2.0, Sun Oct 04 12:22:09 2020 CEST <jaime@Jaimes-MBP>
# name: w
# type: matrix
# rows: 3
# columns: 2
 1246 -1246
 12.28 -12.28
 -955.8 955.8


