# Created by Octave 5.2.0, Sun Oct 04 12:22:26 2020 CEST <jaime@Jaimes-MBP>
# name: w
# type: matrix
# rows: 5
# columns: 3
 -17 21 -135
 -151.4 -199.5 -333.8
 1.7 -72.6 -258.2
 -327.9 -136.8 23.4
 -128.9 -241.7 234.3


