# Created by Octave 5.2.0, Sun Oct 04 13:03:26 2020 CEST <jaime@Jaimes-MBP>
# name: w
# type: matrix
# rows: 2001
# columns: 2
 -13 13
 20.17 -20.17
 -113 113
 -37.43 37.43
 -29.88 29.88
 -48.39 48.39
 93.03 -93.03
 60.71 -60.71
 24.23 -24.23
 -41.06 41.06
 137.7 -137.7
 -48.12 48.12
 33.67 -33.67
 7.271 -7.271
 -89.81 89.81
 -177.6 177.6
 3.656 -3.656
 38.36 -38.36
 -102.4 102.4
 38.47 -38.47
 -85.28 85.28
 -123.7 123.7
 -146.7 146.7
 -131.2 131.2
 138.6 -138.6
 -58.56 58.56
 -33.53 33.53
 18.71 -18.71
 -35.15 35.15
 0.1764 -0.1764
 29.8 -29.8
 -42.05 42.05
 142.3 -142.3
 -64.82 64.82
 112.9 -112.9
 102.3 -102.3
 -89.92 89.92
 -16.04 16.04
 -103.9 103.9
 -0.2866 0.2866
 -96.81 96.81
 67.22 -67.22
 -56.69 56.69
 -54.19 54.19
 39.56 -39.56
 134.8 -134.8
 -38.96 38.96
 115.8 -115.8
 -180.5 180.5
 -16.21 16.21
 10.32 -10.32
 21.6 -21.6
 -11.64 11.64
 -59.38 59.38
 347.6 -347.6
 73.13 -73.13
 21.19 -21.19
 37.76 -37.76
 -3.418 3.418
 25.83 -25.83
 5.812 -5.812
 -14.99 14.99
 -3.678 3.678
 52.66 -52.66
 -38.9 38.9
 -38.94 38.94
 58.7 -58.7
 -120.4 120.4
 46.57 -46.57
 49.82 -49.82
 -157.9 157.9
 -86.37 86.37
 -39.85 39.85
 53.33 -53.33
 121.5 -121.5
 -66.96 66.96
 -24.93 24.93
 -55.61 55.61
 15.18 -15.18
 7.064 -7.064
 94.3 -94.3
 -7.511 7.511
 52.18 -52.18
 -59.78 59.78
 113.2 -113.2
 11.69 -11.69
 -73.02 73.02
 -46.01 46.01
 49.11 -49.11
 18.19 -18.19
 9.25 -9.25
 56.28 -56.28
 82.63 -82.63
 -34.26 34.26
 -53.98 53.98
 -118.9 118.9
 54.59 -54.59
 299.9 -299.9
 -121.5 121.5
 -21.3 21.3
 82.07 -82.07
 112.4 -112.4
 33.5 -33.5
 -222 222
 104.3 -104.3
 -30.98 30.98
 95.61 -95.61
 28.42 -28.42
 5.016 -5.016
 -80.48 80.48
 77.54 -77.54
 49.22 -49.22
 -38.73 38.73
 -17 17
 -210 210
 -42.76 42.76
 60.28 -60.28
 21.63 -21.63
 -54.93 54.93
 -111.8 111.8
 43.68 -43.68
 44.2 -44.2
 -65.59 65.59
 -9.225 9.225
 -39.76 39.76
 -114.9 114.9
 6.169 -6.169
 54.7 -54.7
 -24.52 24.52
 -93.06 93.06
 -69.7 69.7
 -6.598 6.598
 12.74 -12.74
 100.6 -100.6
 51.72 -51.72
 -77.87 77.87
 39.61 -39.61
 -36.88 36.88
 -79.24 79.24
 16.92 -16.92
 -69.04 69.04
 -81.71 81.71
 3.811 -3.811
 -12.2 12.2
 -28.95 28.95
 -44.61 44.61
 94.6 -94.6
 -25.22 25.22
 -63.77 63.77
 32.46 -32.46
 -67.03 67.03
 -161.1 161.1
 25.41 -25.41
 594.9 -594.9
 15.47 -15.47
 -33.95 33.95
 -227.4 227.4
 -41.47 41.47
 -14.26 14.26
 -166.9 166.9
 -52.16 52.16
 83.95 -83.95
 -15.51 15.51
 -123.3 123.3
 149.2 -149.2
 462.5 -462.5
 95.23 -95.23
 82.26 -82.26
 44.35 -44.35
 -88.87 88.87
 -44.21 44.21
 64.31 -64.31
 64.05 -64.05
 -80.99 80.99
 56.4 -56.4
 28.19 -28.19
 -13.86 13.86
 202.1 -202.1
 -16.88 16.88
 -27.37 27.37
 -44.49 44.49
 345.1 -345.1
 -272.4 272.4
 66.63 -66.63
 -0.7599 0.7599
 -8.772 8.772
 114.2 -114.2
 -5.022 5.022
 -23.97 23.97
 -152.9 152.9
 158.1 -158.1
 77.94 -77.94
 44.78 -44.78
 -28 28
 -79.53 79.53
 -94.66 94.66
 -24.17 24.17
 -28.8 28.8
 107.3 -107.3
 22.25 -22.25
 92.66 -92.66
 -127.2 127.2
 -47.04 47.04
 177.7 -177.7
 156.1 -156.1
 -32.97 32.97
 -271.7 271.7
 -146.6 146.6
 -8.558 8.558
 68.78 -68.78
 -334.7 334.7
 114.9 -114.9
 -173.8 173.8
 -18.83 18.83
 -64.35 64.35
 23.8 -23.8
 -129.4 129.4
 -86.87 86.87
 -18.77 18.77
 -93.33 93.33
 -94.24 94.24
 55.99 -55.99
 -147.5 147.5
 24.43 -24.43
 -66.42 66.42
 94.64 -94.64
 7.415 -7.415
 -91.79 91.79
 162.7 -162.7
 -57.74 57.74
 62.83 -62.83
 60.84 -60.84
 76.17 -76.17
 -100.6 100.6
 113 -113
 -101 101
 -110.9 110.9
 -71.54 71.54
 73.44 -73.44
 118.7 -118.7
 -91.74 91.74
 -10.26 10.26
 -82.99 82.99
 75.21 -75.21
 -36.23 36.23
 -25.88 25.88
 23.7 -23.7
 -181.1 181.1
 -160.3 160.3
 -67.43 67.43
 22.24 -22.24
 -60.68 60.68
 22.95 -22.95
 105.4 -105.4
 -33.53 33.53
 9.195 -9.195
 16.69 -16.69
 212.9 -212.9
 203.8 -203.8
 -27.48 27.48
 220.8 -220.8
 -170.8 170.8
 -65.35 65.35
 -59.31 59.31
 75.24 -75.24
 -49.45 49.45
 -81.51 81.51
 -66.48 66.48
 -37.67 37.67
 43.78 -43.78
 72.21 -72.21
 90.55 -90.55
 39.23 -39.23
 -33.49 33.49
 21.7 -21.7
 -52.41 52.41
 27.2 -27.2
 35.24 -35.24
 -88.56 88.56
 -133.5 133.5
 -13.33 13.33
 146.7 -146.7
 -114.9 114.9
 164.4 -164.4
 293 -293
 14.33 -14.33
 -100.2 100.2
 -10.33 10.33
 -43.62 43.62
 -106.4 106.4
 -28.39 28.39
 -234.2 234.2
 68.13 -68.13
 7.505 -7.505
 2.551 -2.551
 118.7 -118.7
 -199.2 199.2
 -37.95 37.95
 -75.37 75.37
 39.18 -39.18
 4.872 -4.872
 -37.99 37.99
 -104.4 104.4
 -116.6 116.6
 247.7 -247.7
 23.4 -23.4
 2.397 -2.397
 37.73 -37.73
 -3.244 3.244
 241.6 -241.6
 73.64 -73.64
 270.1 -270.1
 -121.6 121.6
 42.81 -42.81
 -146.5 146.5
 -77.44 77.44
 394.7 -394.7
 167.2 -167.2
 -74.47 74.47
 123.9 -123.9
 59.04 -59.04
 352.3 -352.3
 133.8 -133.8
 82.44 -82.44
 20.35 -20.35
 6.626 -6.626
 72.17 -72.17
 -18.49 18.49
 39.8 -39.8
 -37.54 37.54
 -70.44 70.44
 68.25 -68.25
 -81.7 81.7
 -122.6 122.6
 61.93 -61.93
 -90.79 90.79
 -6.536 6.536
 -49.6 49.6
 -17.6 17.6
 39.17 -39.17
 -17.15 17.15
 -191.1 191.1
 -90.6 90.6
 61.04 -61.04
 -63.7 63.7
 30.41 -30.41
 10.63 -10.63
 88.17 -88.17
 210.9 -210.9
 158.4 -158.4
 -38.36 38.36
 -91.36 91.36
 -28.77 28.77
 -52.66 52.66
 47.2 -47.2
 23.76 -23.76
 -236.1 236.1
 172.9 -172.9
 -2.463 2.463
 256.9 -256.9
 -49.41 49.41
 -102.8 102.8
 -123.1 123.1
 95.52 -95.52
 -66.84 66.84
 -13.81 13.81
 222.7 -222.7
 -64.41 64.41
 52.8 -52.8
 -163.2 163.2
 -23.25 23.25
 79.62 -79.62
 83.11 -83.11
 -30.67 30.67
 -43.31 43.31
 -8.159 8.159
 138.2 -138.2
 172.2 -172.2
 -70.78 70.78
 -144.3 144.3
 6.739 -6.739
 -152.8 152.8
 -63.51 63.51
 -73.59 73.59
 376.1 -376.1
 137.8 -137.8
 7.518 -7.518
 74.67 -74.67
 -22.02 22.02
 -62.02 62.02
 -43.5 43.5
 -30.43 30.43
 -31.52 31.52
 -170.8 170.8
 52.74 -52.74
 -118.8 118.8
 7.717 -7.717
 -104.2 104.2
 -92.21 92.21
 277.7 -277.7
 -134.4 134.4
 -63.35 63.35
 -40.96 40.96
 -68.71 68.71
 75.99 -75.99
 -99.31 99.31
 -114.4 114.4
 124.7 -124.7
 -103.7 103.7
 139.7 -139.7
 -60.8 60.8
 83.49 -83.49
 -41.35 41.35
 -119.3 119.3
 -153 153
 4.766 -4.766
 322.6 -322.6
 -78.53 78.53
 249.5 -249.5
 129.6 -129.6
 113.1 -113.1
 -46.27 46.27
 235.2 -235.2
 -120.6 120.6
 -70.11 70.11
 -54.99 54.99
 -21.82 21.82
 -54.92 54.92
 -100.3 100.3
 -108.1 108.1
 156 -156
 -68.25 68.25
 223.2 -223.2
 -8.577 8.577
 -32.73 32.73
 -21.76 21.76
 51.72 -51.72
 57.52 -57.52
 -127.6 127.6
 -16.49 16.49
 -20.05 20.05
 36.29 -36.29
 -177.4 177.4
 136.8 -136.8
 -20.92 20.92
 93.58 -93.58
 -77.82 77.82
 -164 164
 167.6 -167.6
 0.8258 -0.8258
 -106.9 106.9
 -24.97 24.97
 162.7 -162.7
 303.3 -303.3
 33.83 -33.83
 83 -83
 -108.5 108.5
 50.69 -50.69
 -108 108
 18.28 -18.28
 -101 101
 -96.7 96.7
 270.6 -270.6
 21 -21
 93.96 -93.96
 102 -102
 120.9 -120.9
 13.52 -13.52
 4.031 -4.031
 36.08 -36.08
 -36.46 36.46
 -18.02 18.02
 -90.21 90.21
 -12.87 12.87
 -3.587 3.587
 30.89 -30.89
 82.12 -82.12
 49.76 -49.76
 -13.87 13.87
 94.49 -94.49
 -7.056 7.056
 47.48 -47.48
 -18.53 18.53
 4.062 -4.062
 134.1 -134.1
 -0.5462 0.5462
 -88.11 88.11
 -170.9 170.9
 -54.8 54.8
 -2.646 2.646
 76.77 -76.77
 7.809 -7.809
 -49.28 49.28
 -26.26 26.26
 51.08 -51.08
 -50.43 50.43
 -67.1 67.1
 -20.22 20.22
 42.49 -42.49
 -180.2 180.2
 91.6 -91.6
 -30.25 30.25
 -95.2 95.2
 -38.29 38.29
 -22.78 22.78
 -85.33 85.33
 -45.52 45.52
 -103.1 103.1
 78.52 -78.52
 -20.95 20.95
 -10.63 10.63
 22.37 -22.37
 -203.3 203.3
 -45.1 45.1
 86.05 -86.05
 -174.2 174.2
 -59.83 59.83
 48.31 -48.31
 -51.49 51.49
 -87.09 87.09
 -37.38 37.38
 98.65 -98.65
 -205.7 205.7
 18.91 -18.91
 -22.57 22.57
 -10.54 10.54
 -27.28 27.28
 -118.8 118.8
 0.04907 -0.04907
 -65.55 65.55
 -30.54 30.54
 -76.39 76.39
 -77.85 77.85
 -75.26 75.26
 -85.08 85.08
 -216.7 216.7
 132.6 -132.6
 33.89 -33.89
 99.22 -99.22
 -3.387 3.387
 -28.07 28.07
 -87.6 87.6
 -80.04 80.04
 128.5 -128.5
 151.6 -151.6
 -11.35 11.35
 51.23 -51.23
 -173.7 173.7
 -49.61 49.61
 75.57 -75.57
 99.83 -99.83
 -99.19 99.19
 270.8 -270.8
 22.26 -22.26
 9.092 -9.092
 26.47 -26.47
 17.55 -17.55
 -96.54 96.54
 144.4 -144.4
 -8.578 8.578
 169.8 -169.8
 -15.93 15.93
 29.75 -29.75
 -4.252 4.252
 -66.28 66.28
 -181.7 181.7
 -16.08 16.08
 73.21 -73.21
 94.59 -94.59
 -10.25 10.25
 -134.2 134.2
 -26.04 26.04
